100
10
1000	500	0	1000	171.000000	1056.000000
7	4	1	3	330.000000	6222.000000
6	2	3	3	8454.000000	3800.000000
6	4	1	5	207.000000	3267.000000
6	1	5	5	697.000000	9475.000000
8	5	2	2	3236.000000	8168.000000
8	1	8	8	1605.000000	6142.000000
8	4	1	4	853.000000	1237.000000
8	2	0	2	5518.000000	7925.000000
10	7	7	9	3301.000000	3080.000000
9	6	4	5	3658.000000	1415.000000
9	7	5	9	8748.000000	7910.000000
8	6	8	8	8904.000000	4817.000000
8	7	8	8	3994.000000	2998.000000
6	5	4	4	5379.000000	8784.000000
10	6	10	10	4785.000000	7547.000000
10	2	2	6	7209.000000	6610.000000
6	3	4	6	1897.000000	1750.000000
6	0	5	5	2442.000000	3153.000000
9	3	0	2	4613.000000	6176.000000
6	3	2	4	5822.000000	2723.000000
7	5	0	2	3934.000000	2622.000000
8	1	7	8	1775.000000	4451.000000
6	5	1	3	2263.000000	659.000000
7	1	2	4	8718.000000	7711.000000
7	7	2	2	2306.000000	1829.000000
7	2	6	6	2847.000000	3348.000000
6	0	3	4	9814.000000	4868.000000
6	0	6	6	2542.000000	5414.000000
10	10	9	9	6094.000000	3321.000000
10	0	0	7	6014.000000	4902.000000
8	3	4	7	8564.000000	4818.000000
9	0	9	9	4352.000000	1037.000000
8	4	8	8	5439.000000	8741.000000
6	3	3	5	9243.000000	3534.000000
6	5	0	1	5827.000000	683.000000
6	0	4	5	2185.000000	4555.000000
8	5	4	5	5809.000000	3829.000000
7	2	3	4	3594.000000	9331.000000
6	1	5	5	3241.000000	8012.000000
6	5	2	4	8876.000000	9913.000000
6	2	1	1	2081.000000	399.000000
9	7	0	1	9187.000000	153.000000
8	0	1	8	3868.000000	6218.000000
8	4	2	3	5697.000000	1095.000000
10	10	7	10	2048.000000	6462.000000
9	4	1	2	6108.000000	1018.000000
10	10	3	7	402.000000	7991.000000
8	3	7	8	7780.000000	7822.000000
6	5	3	5	404.000000	1506.000000
8	3	4	4	3045.000000	2274.000000
6	1	1	2	1106.000000	4918.000000
7	0	0	6	1477.000000	5329.000000
7	2	4	7	3209.000000	1411.000000
8	2	2	2	9152.000000	4408.000000
6	4	6	6	5566.000000	4443.000000
10	3	1	9	2441.000000	4428.000000
10	2	1	8	5589.000000	1912.000000
9	0	5	7	5331.000000	3770.000000
9	0	9	9	7110.000000	4321.000000
6	4	4	4	3946.000000	2255.000000
9	2	2	7	571.000000	6172.000000
10	2	1	1	9834.000000	8985.000000
9	0	1	9	3581.000000	535.000000
7	4	1	2	8685.000000	6044.000000
8	7	8	8	2214.000000	916.000000
7	3	5	7	496.000000	7626.000000
6	0	3	3	61.000000	8239.000000
9	5	6	9	5931.000000	8238.000000
7	4	2	2	4746.000000	3249.000000
6	5	1	3	7464.000000	5291.000000
7	2	4	4	605.000000	4037.000000
8	2	6	6	881.000000	2285.000000
8	7	0	0	4532.000000	2217.000000
6	1	2	5	3625.000000	7059.000000
10	2	6	8	2562.000000	1708.000000
7	0	0	1	1709.000000	415.000000
9	8	5	7	4647.000000	1698.000000
10	3	4	7	3819.000000	5398.000000
7	0	5	6	7557.000000	1621.000000
10	4	4	6	1571.000000	7615.000000
6	5	2	6	8853.000000	3332.000000
10	6	9	10	7935.000000	9822.000000
8	5	6	7	2954.000000	821.000000
8	5	7	8	6624.000000	9306.000000
6	5	3	3	5006.000000	1013.000000
9	1	2	8	8.000000	9567.000000
10	1	1	2	7615.000000	2755.000000
6	5	5	5	1738.000000	6283.000000
7	6	7	7	9350.000000	5425.000000
6	0	3	4	1637.000000	4857.000000
6	5	4	6	2191.000000	2790.000000
6	0	0	6	8423.000000	1633.000000
10	10	0	9	8757.000000	4370.000000
7	4	1	3	8859.000000	542.000000
8	4	2	8	8614.000000	6767.000000
8	1	4	7	1491.000000	7282.000000
10	1	7	10	448.000000	1670.000000
10	5	10	10	7569.000000	8307.000000
7	7	0	4	2397.000000	8543.000000
10	10	10	10	9645.000000	157.000000
10000 11 18 5 17 16 11 2 18 8 8 22 20 9 19 16 18 4 7 14 12 9 8 5 22 5 8 21 10 13 14 19 9 19 19 12 9 13 18 16 25 5 19 13 12 12 12 14 21 2 7 8 9 7 20 13 9 11 12 16 8 11 25 7 20 5 14 15 19 11 17 7 3 10 14 5 4 10 12 15 14 18 24 6 21 10 18 16 11 21 9 6 17 19 18 21 13 2 21 16 20 
11 10000 17 6 7 7 3 11 11 9 12 18 18 10 12 10 14 10 8 9 14 11 5 12 18 10 8 20 5 13 12 17 14 12 19 16 5 12 10 7 19 13 22 8 15 4 16 4 16 10 10 4 3 12 19 12 6 14 12 15 11 1 20 14 17 12 3 5 12 11 15 5 8 12 7 11 12 13 8 18 4 18 17 13 15 14 7 17 3 19 4 8 19 18 21 17 4 10 16 7 23 
18 17 10000 17 20 14 15 17 11 11 11 9 3 10 12 11 7 14 13 10 6 10 14 14 8 13 12 4 13 5 6 3 10 12 2 9 13 6 15 14 13 15 8 11 8 14 8 19 9 17 12 15 15 12 2 6 13 7 7 3 10 17 11 12 5 14 18 19 11 8 4 16 16 9 12 13 16 9 10 5 16 2 13 13 12 9 21 3 15 4 14 13 5 2 7 6 16 17 10 16 8 
5 6 17 10000 13 12 7 5 15 7 8 20 18 8 16 13 16 5 5 11 12 8 4 7 20 6 6 20 7 12 13 17 10 16 19 13 5 12 14 12 22 7 20 10 12 8 13 10 18 4 7 4 5 8 19 11 6 12 11 14 8 6 23 9 18 7 9 10 16 10 16 2 3 9 11 6 7 10 9 16 10 18 21 8 18 11 13 15 7 19 5 5 17 18 19 19 9 4 18 12 20 
17 7 20 13 10000 6 7 17 11 14 18 17 19 15 10 10 15 16 14 11 17 16 11 18 17 16 13 21 9 17 15 19 19 10 21 21 11 16 6 6 17 19 26 10 20 7 21 4 15 16 16 10 9 17 20 15 11 19 15 17 16 7 19 19 18 18 4 3 11 15 16 11 15 17 8 16 19 18 11 21 5 21 15 18 12 19 2 20 7 20 10 14 23 20 25 17 5 16 14 4 26 
16 7 14 12 6 10000 6 15 5 11 14 12 14 11 5 4 9 14 11 5 13 12 8 16 12 13 10 15 6 12 9 13 15 5 16 16 8 11 3 1 12 16 20 5 15 5 16 6 10 15 12 8 7 14 15 9 8 14 10 11 12 7 14 16 12 15 6 7 6 11 11 10 13 13 3 13 16 14 6 16 4 15 10 15 8 15 8 14 5 14 8 11 17 14 19 12 4 15 9 2 21 
11 3 15 7 7 6 10000 10 9 8 11 15 15 8 10 7 12 9 7 7 11 9 4 12 15 9 7 17 3 11 10 15 12 10 17 14 4 10 8 5 17 12 20 5 13 2 14 5 13 10 9 3 2 10 16 9 4 12 9 12 10 3 18 12 15 11 4 6 10 9 12 5 8 10 5 10 12 11 5 15 3 16 15 11 12 13 8 14 1 16 3 7 17 15 19 15 3 10 13 6 21 
2 11 17 5 17 15 10 10000 17 7 6 21 18 8 18 15 17 3 5 13 11 7 7 4 21 4 6 20 10 12 13 18 8 18 18 11 8 12 18 15 24 3 17 12 10 11 11 14 20 2 5 8 9 5 18 12 8 10 11 14 7 10 24 6 19 3 13 15 18 9 16 6 3 8 13 4 3 8 11 14 13 17 23 5 20 9 17 14 11 19 8 5 16 18 17 20 13 2 20 15 18 
18 11 11 15 11 5 9 17 10000 11 14 7 10 11 2 2 5 15 12 4 11 12 11 16 7 14 11 11 8 10 7 9 14 2 12 15 10 9 5 5 8 17 18 5 14 8 14 11 5 17 13 11 10 14 11 7 10 13 9 8 12 11 9 16 8 16 11 11 2 10 7 13 15 12 5 14 17 13 7 14 8 12 7 16 4 14 12 12 9 10 10 13 14 10 17 7 9 17 5 7 18 
8 9 11 7 14 11 8 7 11 10000 4 15 12 2 13 10 11 4 2 7 6 2 5 6 15 4 2 14 5 6 7 12 5 13 12 7 4 6 13 10 18 6 14 7 7 8 7 12 14 7 2 6 6 4 12 6 4 6 5 9 3 9 18 6 13 5 11 13 12 3 10 6 6 4 8 4 7 4 5 9 10 12 17 5 15 6 15 9 8 13 5 3 11 12 13 13 10 7 14 12 14 
8 12 11 8 18 14 11 6 14 4 10000 17 13 4 16 13 13 4 5 10 6 3 8 4 17 3 5 15 9 7 9 12 2 16 12 5 7 7 16 14 20 4 12 10 5 11 5 15 16 7 3 9 9 1 13 8 7 4 6 10 2 12 20 2 14 4 14 16 15 5 11 9 6 3 12 3 5 3 8 8 14 12 19 2 17 3 18 9 11 14 8 5 10 12 11 15 13 7 16 15 13 
22 18 9 20 17 12 15 21 7 15 17 10000 7 14 7 8 5 19 16 9 12 15 16 20 1 18 15 7 14 11 9 7 17 7 9 16 15 11 11 12 5 21 16 11 15 14 15 17 2 22 17 17 16 18 8 10 15 14 11 8 15 17 4 19 4 20 17 18 6 13 6 19 20 15 11 18 21 15 12 13 15 10 5 19 6 16 18 11 15 6 16 17 13 8 15 3 15 21 3 13 16 
20 18 3 18 19 14 15 18 10 12 13 7 10000 11 11 10 5 16 14 10 8 11 15 16 6 15 13 2 13 7 6 1 12 11 3 11 14 7 14 14 11 17 10 11 10 15 10 19 7 19 13 16 15 14 1 7 13 9 8 4 12 17 9 14 3 16 18 19 10 9 4 17 17 11 12 15 17 11 11 7 16 3 11 15 11 11 21 5 15 2 15 15 7 1 9 4 16 19 8 15 10 
9 10 10 8 15 11 8 8 11 2 4 14 11 10000 12 10 10 5 4 7 4 1 6 6 14 5 3 13 6 5 6 10 4 12 11 6 5 4 13 11 17 7 12 7 6 8 6 13 13 8 3 7 7 4 11 5 5 4 4 7 2 10 17 5 12 6 12 14 12 2 9 8 7 2 9 4 7 3 5 8 11 10 16 5 14 5 16 8 8 12 7 4 10 10 11 12 10 8 13 12 13 
19 12 12 16 10 5 10 18 2 13 16 7 11 12 10000 3 6 16 13 6 13 13 12 18 8 16 12 12 9 12 8 11 16 1 14 17 11 10 4 5 8 19 19 6 16 9 16 11 6 18 14 12 11 16 12 9 11 14 11 10 14 11 9 17 9 17 11 11 2 12 9 14 16 14 5 16 19 15 8 15 8 13 6 17 3 16 11 13 9 11 11 14 16 12 18 8 9 18 5 6 20 
16 10 11 13 10 4 7 15 2 10 13 8 10 10 3 10000 6 13 10 3 10 10 9 15 8 13 10 12 7 9 6 10 14 3 12 14 8 8 5 4 10 16 18 4 14 6 14 9 7 15 12 10 8 13 11 7 8 12 8 8 11 9 11 15 9 15 9 10 3 9 8 11 14 11 3 13 16 12 5 14 7 12 8 14 6 14 11 12 7 11 9 11 14 11 17 8 7 15 6 6 18 
18 14 7 16 15 9 12 17 5 11 13 5 5 10 6 6 10000 15 12 6 9 11 12 16 4 14 11 7 10 7 5 5 13 6 8 13 11 7 10 9 8 17 14 7 12 11 12 14 3 18 13 13 12 14 6 6 11 10 7 5 11 14 8 15 4 16 14 15 5 9 3 15 16 11 8 14 17 12 8 11 12 8 7 15 6 13 16 8 11 5 12 13 11 6 13 3 12 17 4 11 14 
4 10 14 5 16 14 9 3 15 4 4 19 16 5 16 13 15 10000 4 11 9 5 6 3 19 1 4 18 8 9 11 15 6 16 16 9 6 9 16 13 22 3 15 10 8 10 9 13 17 4 3 7 8 3 16 10 6 8 8 12 5 10 22 5 17 2 13 14 16 7 14 6 3 6 12 2 3 6 9 12 12 15 21 3 18 7 17 12 10 17 7 3 14 15 15 17 12 3 18 14 16 
7 8 13 5 14 11 7 5 12 2 5 16 14 4 13 10 12 4 10000 8 7 4 3 6 16 3 1 16 5 8 8 13 6 13 14 9 3 7 13 10 19 6 15 7 8 7 9 11 15 6 3 5 5 4 14 7 3 7 6 10 4 8 19 6 14 5 10 12 13 5 11 5 4 5 9 3 6 6 6 11 10 13 18 5 15 7 14 11 7 15 4 1 13 13 14 15 9 5 15 11 16 
14 9 10 11 11 5 7 13 4 7 10 9 10 7 6 3 6 11 8 10000 8 8 7 12 9 10 7 11 5 7 4 9 11 6 11 12 6 6 7 5 12 13 16 2 11 6 11 10 8 13 9 8 7 10 10 4 6 9 6 7 8 9 12 12 9 12 9 10 5 6 6 10 11 8 3 10 13 9 3 11 7 11 10 12 8 11 12 10 6 10 7 9 12 10 15 9 7 13 8 7 16 
12 14 6 12 17 13 11 11 11 6 6 12 8 4 13 10 9 9 7 8 10000 4 9 9 12 8 7 10 9 2 5 7 5 13 8 5 9 3 14 12 16 9 9 9 4 11 4 16 11 12 6 11 11 6 8 4 8 2 3 5 4 13 15 7 9 9 15 16 12 3 7 11 10 3 10 7 10 4 7 5 13 7 15 7 14 4 18 4 11 9 10 8 6 7 8 10 13 11 12 14 10 
9 11 10 8 16 12 9 7 12 2 3 15 11 1 13 10 11 5 4 8 4 10000 6 6 14 4 3 13 7 5 7 11 4 13 11 6 6 5 14 11 18 6 12 8 5 9 6 13 13 8 2 8 8 3 12 5 5 4 4 8 1 10 18 5 12 5 13 14 12 3 9 8 7 2 9 4 7 3 6 8 12 10 17 5 15 4 16 8 9 13 7 4 10 11 11 13 11 8 14 13 13 
8 5 14 4 11 8 4 7 11 5 8 16 15 6 12 9 12 6 3 7 9 6 10000 8 16 6 4 17 3 9 9 14 9 12 16 12 1 9 11 8 18 9 18 6 11 5 12 8 14 7 6 2 2 7 15 8 2 10 8 11 7 5 19 9 15 8 7 9 12 7 12 3 5 8 7 6 9 8 5 13 7 15 17 8 14 10 11 13 4 16 1 4 15 14 17 15 6 7 14 9 18 
5 12 14 7 18 16 12 4 16 6 4 20 16 6 18 15 16 3 6 12 9 6 8 10000 20 3 6 18 10 10 12 16 5 18 16 8 8 10 18 15 23 1 14 12 7 12 8 16 19 5 4 9 10 3 16 11 8 8 9 13 5 12 23 3 17 1 15 16 17 8 14 8 5 6 14 3 2 6 10 11 14 15 22 2 20 6 19 12 12 18 9 5 13 15 14 18 14 5 19 16 15 
22 18 8 20 17 12 15 21 7 15 17 1 6 14 8 8 4 19 16 9 12 14 16 20 10000 18 15 7 14 11 8 6 16 7 9 16 15 10 11 11 5 20 16 11 15 14 15 17 2 21 16 17 16 17 7 10 15 14 11 8 15 17 4 18 4 19 17 18 6 12 6 18 20 14 11 18 21 15 11 13 15 9 5 18 6 16 18 11 15 5 16 17 13 7 15 2 15 21 3 13 16 
5 10 13 6 16 13 9 4 14 4 3 18 15 5 16 13 14 1 3 10 8 4 6 3 18 10000 4 17 8 9 10 14 5 16 15 8 6 9 16 13 21 3 15 10 7 10 8 13 17 4 2 7 8 2 15 9 6 7 8 11 4 10 21 4 16 2 13 14 15 6 13 6 3 5 11 1 4 5 8 11 12 14 20 3 18 6 17 11 9 16 7 2 13 14 14 17 12 4 17 14 16 
8 8 12 6 13 10 7 6 11 2 5 15 13 3 12 10 11 4 1 7 7 3 4 6 15 4 10000 15 5 7 8 12 6 12 13 8 3 7 13 10 18 7 15 7 8 7 9 11 14 7 3 5 5 4 13 6 3 7 6 9 4 8 18 6 13 6 10 12 12 4 11 5 5 5 8 4 7 5 5 11 9 13 17 6 15 7 14 10 7 14 4 2 12 12 14 14 9 6 14 11 16 
21 20 4 20 21 15 17 20 11 14 15 7 2 13 12 12 7 18 16 11 10 13 17 18 7 17 15 10000 15 9 8 3 14 12 3 12 16 9 16 15 11 18 10 13 12 16 11 20 8 20 15 18 17 15 2 9 15 11 10 6 13 19 9 16 4 18 20 21 11 11 5 19 19 12 14 16 19 13 13 8 18 4 11 16 11 13 22 7 17 2 17 16 8 3 9 5 18 20 9 17 10 
10 5 13 7 9 6 3 10 8 5 9 14 13 6 9 7 10 8 5 5 9 7 3 10 14 8 5 15 10000 9 8 13 10 9 14 12 2 8 9 6 16 11 17 4 11 3 12 7 12 9 7 4 3 9 14 7 2 10 7 10 7 5 17 10 13 10 7 8 9 7 10 5 8 8 4 8 11 9 3 13 5 14 14 10 12 11 10 12 3 14 3 6 14 13 16 13 5 9 12 7 18 
13 13 5 12 17 12 11 12 10 6 7 11 7 5 12 9 7 9 8 7 2 5 9 10 11 9 7 9 9 10000 4 6 6 11 7 6 9 2 14 11 15 10 9 8 5 11 5 15 10 12 7 11 11 7 7 3 8 3 2 3 5 13 14 8 8 10 15 16 10 3 5 12 11 4 9 8 11 5 7 5 13 6 14 9 13 6 18 4 11 8 10 8 6 6 8 9 13 12 11 13 10 
14 12 6 13 15 9 10 13 7 7 9 9 6 6 8 6 5 11 8 4 5 7 9 12 8 10 8 8 8 4 10000 6 9 8 8 9 8 3 11 9 12 12 12 6 8 9 8 13 7 14 8 10 10 9 7 2 8 7 3 3 7 12 12 10 6 12 13 14 7 5 4 11 12 7 7 10 13 7 5 8 11 7 11 11 9 9 16 6 9 7 9 9 9 6 11 7 11 13 8 11 12 
19 17 3 17 19 13 15 18 9 12 12 7 1 10 11 10 5 15 13 9 7 11 14 16 6 14 12 3 13 6 6 10000 12 11 3 10 13 6 14 13 11 16 10 10 10 14 10 18 7 18 13 15 15 13 2 7 13 9 7 4 11 17 9 14 3 15 18 19 9 9 3 16 17 10 11 14 17 11 10 7 16 4 11 14 10 11 20 5 14 2 14 14 7 1 9 4 15 18 8 15 10 
9 14 10 10 19 15 12 8 14 5 2 17 12 4 16 14 13 6 6 11 5 4 9 5 16 5 6 14 10 6 9 12 10000 16 11 4 9 7 17 15 20 5 10 11 3 12 4 16 16 8 4 11 11 3 12 8 8 4 6 9 3 13 20 2 14 5 16 17 15 5 11 10 8 3 13 4 6 2 9 7 15 11 19 3 18 2 20 8 12 14 10 6 9 12 10 15 14 8 16 16 11 
19 12 12 16 10 5 10 18 2 13 16 7 11 12 1 3 6 16 13 6 13 13 12 18 7 16 12 12 9 11 8 11 16 10000 13 17 11 10 4 5 8 18 19 6 16 9 16 11 6 18 14 12 11 16 12 9 11 14 10 10 14 12 9 17 9 17 11 11 2 12 9 14 16 14 5 16 19 15 8 15 9 13 6 17 3 16 11 13 9 11 11 14 16 11 18 8 9 18 5 7 20 
19 19 2 19 21 16 17 18 12 12 12 9 3 11 14 12 8 16 14 11 8 11 16 16 9 15 13 3 14 7 8 3 11 13 10000 9 15 7 17 15 13 16 7 13 9 16 9 20 10 19 13 17 16 13 2 8 14 8 8 5 11 19 11 13 6 16 20 21 12 10 6 18 17 10 14 14 17 10 12 6 18 1 13 14 13 10 23 4 16 4 16 15 5 2 7 7 18 18 11 17 7 
12 16 9 13 21 16 14 11 15 7 5 16 11 6 17 14 13 9 9 12 5 6 12 8 16 8 8 12 12 6 9 10 4 17 9 10000 11 7 18 16 20 8 7 12 1 14 1 19 15 11 7 13 13 6 10 8 11 3 7 8 5 16 19 5 13 8 18 20 16 6 10 13 11 5 14 7 9 4 11 4 17 9 19 6 18 2 22 6 14 12 12 9 6 10 7 14 16 11 16 18 8 
9 5 13 5 11 8 4 8 10 4 7 15 14 5 11 8 11 6 3 6 9 6 1 8 15 6 3 16 2 9 8 13 9 11 15 11 10000 8 10 8 18 9 17 5 10 4 11 8 13 8 5 3 3 7 14 7 1 9 7 10 6 5 18 9 14 8 8 9 11 6 11 4 6 7 6 6 9 8 4 13 7 14 16 8 14 10 11 12 4 15 2 4 14 14 16 14 6 7 14 8 18 
13 12 6 12 16 11 10 12 9 6 7 11 7 4 10 8 7 9 7 6 3 5 9 10 10 9 7 9 8 2 3 6 7 10 7 7 8 10000 12 10 14 11 10 7 6 10 6 14 9 12 7 10 10 8 7 2 7 4 1 3 5 12 14 8 8 10 14 15 9 3 5 11 11 5 8 8 11 5 6 6 12 7 13 9 12 6 17 5 10 8 9 8 7 6 9 9 12 12 10 12 11 
18 10 15 14 6 3 8 18 5 13 16 11 14 13 4 5 10 16 13 7 14 14 11 18 11 16 13 16 9 14 11 14 17 4 17 18 10 12 10000 3 11 19 22 7 18 7 18 7 9 17 15 11 10 16 15 11 11 16 12 13 15 9 13 18 13 18 8 8 6 13 12 13 16 15 5 16 19 16 8 18 6 16 9 18 7 17 8 16 8 14 10 14 19 15 21 12 6 17 9 3 22 
16 7 14 12 6 1 5 15 5 10 14 12 14 11 5 4 9 13 10 5 12 11 8 15 11 13 10 15 6 11 9 13 15 5 15 16 8 10 3 10000 12 16 20 4 15 4 16 6 10 15 12 8 7 14 14 9 8 14 10 11 12 7 14 15 12 15 6 7 6 10 11 10 13 12 3 13 16 13 6 16 4 15 11 15 8 15 8 14 5 14 8 11 17 14 19 12 4 14 9 2 21 
25 19 13 22 17 12 17 24 8 18 20 5 11 17 8 10 8 22 19 12 16 18 18 23 5 21 18 11 16 15 12 11 20 8 13 20 18 14 11 12 10000 24 20 13 19 16 19 18 5 24 20 19 18 21 12 13 17 18 15 12 19 19 3 22 8 23 18 18 7 16 10 21 23 18 12 21 24 19 14 17 16 14 2 22 5 20 18 15 17 10 18 20 17 12 19 7 16 24 5 14 20 
5 13 15 7 19 16 12 3 17 6 4 21 17 7 19 16 17 3 6 13 9 6 9 1 20 3 7 18 11 10 12 16 5 18 16 8 9 11 19 16 24 10000 15 13 8 13 9 16 19 5 5 10 10 4 17 11 9 8 10 13 6 12 24 4 18 2 15 17 18 8 15 8 5 7 14 3 1 6 11 12 15 15 23 2 20 6 19 13 12 18 9 5 13 16 14 19 14 5 20 17 16 
19 22 8 20 26 20 20 17 18 14 12 16 10 12 19 18 14 15 15 16 9 12 18 14 16 15 15 10 17 9 12 10 10 19 7 7 17 10 22 20 20 15 10000 17 8 20 7 24 16 18 13 19 19 13 9 12 16 9 11 10 12 22 18 12 12 15 23 25 18 11 11 19 18 11 18 14 15 10 16 5 22 7 20 13 20 9 27 7 20 11 18 15 4 9 2 14 21 18 17 22 1 
13 8 11 10 10 5 5 12 5 7 10 11 11 7 6 4 7 10 7 2 9 8 6 12 11 10 7 13 4 8 6 10 11 6 13 12 5 7 7 4 13 13 17 10000 11 4 12 8 9 12 9 7 6 10 12 5 5 10 6 8 8 7 14 12 10 12 8 9 6 7 8 8 10 9 2 10 13 10 2 12 6 12 11 11 9 11 11 11 5 12 6 8 13 11 16 10 6 12 9 6 17 
12 15 8 12 20 15 13 10 14 7 5 15 10 6 16 14 12 8 8 11 4 5 11 7 15 7 8 12 11 5 8 10 3 16 9 1 10 6 18 15 19 8 8 11 10000 13 1 18 15 11 6 12 12 6 10 7 10 2 6 8 5 15 18 5 12 7 17 19 15 5 10 12 10 4 13 7 9 3 10 4 16 8 19 6 17 2 21 6 14 12 12 8 6 9 7 13 15 11 15 17 9 
12 4 14 8 7 5 2 11 8 8 11 14 15 8 9 6 11 10 7 6 11 9 5 12 14 10 7 16 3 11 9 14 12 9 16 14 4 10 7 4 16 13 20 4 13 10000 14 5 12 11 9 4 3 11 15 9 5 12 9 11 10 4 17 13 14 12 4 6 9 9 12 6 9 10 4 10 13 11 5 15 3 15 14 12 11 13 8 14 1 15 4 8 16 15 19 14 2 11 12 5 20 
12 16 8 13 21 16 14 11 14 7 5 15 10 6 16 14 12 9 9 11 4 6 12 8 15 8 9 11 12 5 8 10 4 16 9 1 11 6 18 16 19 9 7 12 1 14 10000 19 15 12 7 13 13 6 10 7 11 3 6 7 5 16 18 6 12 8 18 19 15 6 9 13 11 4 14 8 9 4 10 4 17 8 18 7 17 3 22 5 14 11 12 9 5 9 6 13 16 12 15 17 8 
14 4 19 10 4 6 5 14 11 12 15 17 19 13 11 9 14 13 11 10 16 13 8 16 17 13 11 20 7 15 13 18 16 11 20 19 8 14 7 6 18 16 24 8 18 5 19 10000 15 13 13 7 6 15 19 13 9 16 13 16 14 4 19 17 18 15 1 1 12 13 16 8 12 15 7 14 16 16 9 20 3 20 16 16 13 17 4 18 5 19 7 12 21 19 23 17 3 13 15 5 25 
21 16 9 18 15 10 13 20 5 14 16 2 7 13 6 7 3 17 15 8 11 13 14 19 2 17 14 8 12 10 7 7 16 6 10 15 13 9 9 10 5 19 16 9 15 12 15 15 10000 20 15 15 14 16 8 9 13 13 10 8 14 15 5 17 4 18 15 16 4 11 6 17 18 13 9 17 20 14 10 13 13 10 5 18 4 15 16 11 13 6 14 16 13 8 15 3 13 20 2 11 16 
2 10 17 4 16 15 10 2 17 7 7 22 19 8 18 15 18 4 6 13 12 8 7 5 21 4 7 20 9 12 14 18 8 18 19 11 8 12 17 15 24 5 18 12 11 11 12 13 20 10000 6 7 8 6 19 12 8 11 11 15 8 10 25 7 19 4 13 14 18 10 17 6 2 9 13 5 4 9 11 15 13 18 23 6 20 10 17 15 10 20 8 5 17 18 18 20 12 1 20 15 19 
7 10 12 7 16 12 9 5 13 2 3 17 13 3 14 12 13 3 3 9 6 2 6 4 16 2 3 15 7 7 8 13 4 14 13 7 5 7 15 12 20 5 13 9 6 9 7 13 15 6 10000 7 7 2 13 7 5 6 6 10 2 10 20 4 14 4 12 14 14 4 11 7 5 3 10 2 5 4 7 10 12 12 18 3 16 5 16 10 9 15 6 2 11 13 13 15 11 6 16 13 14 
8 4 15 4 10 8 3 8 11 6 9 17 16 7 12 10 13 7 5 8 11 8 2 9 17 7 5 18 4 11 10 15 11 12 17 13 3 10 11 8 19 10 19 7 12 4 13 7 15 7 7 10000 2 9 17 9 3 11 9 13 8 3 20 11 16 9 6 7 12 9 13 3 6 9 7 8 10 10 6 15 6 16 17 9 15 12 10 14 4 17 2 5 17 16 18 16 5 7 15 8 20 
9 3 15 5 9 7 2 9 10 6 9 16 15 7 11 8 12 8 5 7 11 8 2 10 16 8 5 17 3 11 10 15 11 11 16 13 3 10 10 7 18 10 19 6 12 3 13 6 14 8 7 2 10000 9 16 9 3 11 9 12 8 3 19 11 15 9 5 7 11 8 12 4 7 9 6 8 10 10 5 15 5 16 16 10 14 12 9 14 2 16 1 6 16 15 18 15 4 8 14 7 20 
7 12 12 8 17 14 10 5 14 4 1 18 14 4 16 13 14 3 4 10 6 3 7 3 17 2 4 15 9 7 9 13 3 16 13 6 7 8 16 14 21 4 13 10 6 11 6 15 16 6 2 9 9 10000 14 8 7 5 7 10 3 11 21 2 15 3 14 16 15 5 12 8 5 4 12 2 4 3 9 9 13 12 20 2 18 4 18 10 11 15 8 4 11 13 12 16 13 6 17 15 14 
20 19 2 19 20 15 16 18 11 12 13 8 1 11 12 11 6 16 14 10 8 12 15 16 7 15 13 2 14 7 7 2 12 12 2 10 14 7 15 14 12 17 9 12 10 15 10 19 8 19 13 17 16 14 10000 8 14 9 8 5 12 18 10 14 4 16 19 20 11 10 4 18 18 11 13 15 17 11 11 7 17 3 12 15 12 11 21 5 16 3 16 15 6 1 8 5 17 19 9 16 9 
13 12 6 11 15 9 9 12 7 6 8 10 7 5 9 7 6 10 7 4 4 5 8 11 10 9 6 9 7 3 2 7 8 9 8 8 7 2 11 9 13 11 12 5 7 9 7 13 9 12 7 9 9 8 8 10000 7 6 2 4 6 11 13 9 8 10 12 14 8 3 5 10 11 5 7 9 12 6 4 7 11 7 12 9 10 7 16 6 9 8 8 8 9 7 11 8 10 12 9 11 12 
9 6 13 6 11 8 4 8 10 4 7 15 13 5 11 8 11 6 3 6 8 5 2 8 15 6 3 15 2 8 8 13 8 11 14 11 1 7 11 8 17 9 16 5 10 5 11 9 13 8 5 3 3 7 14 7 10000 9 6 10 6 6 18 9 13 8 8 9 11 6 11 4 6 7 6 6 9 8 4 12 7 14 16 8 13 9 12 11 4 14 2 4 14 13 16 14 7 7 13 9 17 
11 14 7 12 19 14 12 10 13 6 4 14 9 4 14 12 10 8 7 9 2 4 10 8 14 7 7 11 10 3 7 9 4 14 8 3 9 4 16 14 18 8 9 10 2 12 3 16 13 11 6 11 11 5 9 6 9 10000 4 6 4 14 17 5 11 8 16 17 13 4 8 11 10 3 12 7 9 2 8 4 14 8 17 6 15 3 19 5 12 11 10 8 6 9 8 12 14 11 14 15 9 
12 12 7 11 15 10 9 11 9 5 6 11 8 4 11 8 7 8 6 6 3 4 8 9 11 8 6 10 7 2 3 7 6 10 8 7 7 1 12 10 15 10 11 6 6 9 6 13 10 11 6 9 9 7 8 2 6 4 10000 4 5 11 14 8 9 9 13 14 10 2 6 10 10 4 8 7 10 5 5 7 11 8 14 8 12 6 16 5 9 9 8 7 8 7 10 9 11 11 11 12 12 
16 15 3 14 17 11 12 14 8 9 10 8 4 7 10 8 5 12 10 7 5 8 11 13 8 11 9 6 10 3 3 4 9 10 5 8 10 3 13 11 12 13 10 8 8 11 7 16 8 15 10 13 12 10 5 4 10 6 4 10000 8 14 11 11 5 12 15 17 9 6 3 14 14 7 9 11 14 8 7 6 13 5 12 11 11 8 18 4 12 5 11 11 6 4 9 6 13 15 9 13 10 
8 11 10 8 16 12 10 7 12 3 2 15 12 2 14 11 11 5 4 8 4 1 7 5 15 4 4 13 7 5 7 11 3 14 11 5 6 5 15 12 19 6 12 8 5 10 5 14 14 8 2 8 8 3 12 6 6 4 5 8 10000 11 18 4 13 5 13 15 13 3 10 8 7 2 10 3 6 2 7 8 12 11 18 4 16 4 17 8 10 13 7 4 10 11 11 13 12 8 15 13 13 
11 1 17 6 7 7 3 10 11 9 12 17 17 10 11 9 14 10 8 9 13 10 5 12 17 10 8 19 5 13 12 17 13 12 19 16 5 12 9 7 19 12 22 7 15 4 16 4 15 10 10 3 3 11 18 11 6 14 11 14 11 10000 20 13 17 12 3 5 12 11 14 5 8 12 7 10 12 13 7 17 4 18 17 12 14 14 7 16 3 18 4 8 19 17 21 17 3 10 15 6 22 
25 20 11 23 19 14 18 24 9 18 20 4 9 17 9 11 8 22 19 12 15 18 19 23 4 21 18 9 17 14 12 9 20 9 11 19 18 14 13 14 3 24 18 14 18 17 18 19 5 25 20 20 19 21 10 13 18 17 14 11 18 20 10000 22 7 23 19 20 8 16 9 21 23 18 14 21 24 18 15 16 17 12 5 22 7 19 20 14 18 8 19 20 15 10 17 6 18 24 5 15 18 
7 14 12 9 19 16 12 6 16 6 2 19 14 5 17 15 15 5 6 12 7 5 9 3 18 4 6 16 10 8 10 14 2 17 13 5 9 8 18 15 22 4 12 12 5 13 6 17 17 7 4 11 11 2 14 9 9 5 8 11 4 13 22 10000 16 3 16 17 17 6 13 10 7 4 14 4 4 4 10 9 15 12 21 2 19 4 20 10 13 16 10 6 10 13 11 17 15 7 18 17 13 
20 17 5 18 18 12 15 19 8 13 14 4 3 12 9 9 4 17 14 9 9 12 15 17 4 16 13 4 13 8 6 3 14 9 6 13 14 8 13 12 8 18 12 10 12 14 12 18 4 19 14 16 15 15 4 8 13 11 9 5 13 17 7 16 10000 17 17 18 8 10 3 17 18 12 11 16 18 12 10 10 15 6 8 16 8 13 19 7 14 2 15 15 9 4 12 2 15 19 6 14 12 
5 12 14 7 18 15 11 3 16 5 4 20 16 6 17 15 16 2 5 12 9 5 8 1 19 2 6 18 10 10 12 15 5 17 16 8 8 10 18 15 23 2 15 12 7 12 8 15 18 4 4 9 9 3 16 10 8 8 9 12 5 12 23 3 17 10000 14 16 17 7 14 8 4 6 13 2 2 6 10 11 14 15 22 2 19 6 18 12 11 17 8 4 13 15 14 18 13 4 19 16 15 
14 3 18 9 4 6 4 13 11 11 14 17 18 12 11 9 14 13 10 9 15 13 7 15 17 13 10 20 7 15 13 18 16 11 20 18 8 14 8 6 18 15 23 8 17 4 18 1 15 13 12 6 5 14 19 12 8 16 13 15 13 3 19 16 17 14 10000 2 11 13 15 8 11 14 7 13 15 15 9 19 3 19 16 15 13 17 5 18 4 19 6 11 20 18 22 17 3 12 15 5 24 
15 5 19 10 3 7 6 15 11 13 16 18 19 14 11 10 15 14 12 10 16 14 9 16 18 14 12 21 8 16 14 19 17 11 21 20 9 15 8 7 18 17 25 9 19 6 19 1 16 14 14 7 7 16 20 14 9 17 14 17 15 5 20 17 18 16 2 10000 12 14 16 9 13 16 8 14 16 16 10 20 4 21 17 16 14 18 3 19 6 20 8 12 22 20 24 18 4 14 16 5 26 
19 12 11 16 11 6 10 18 2 12 15 6 10 12 2 3 5 16 13 5 12 12 12 17 6 15 12 11 9 10 7 9 15 2 12 16 11 9 6 6 7 18 18 6 15 9 15 12 4 18 14 12 11 15 11 8 11 13 10 9 13 12 8 17 8 17 11 12 10000 11 7 14 16 13 6 15 18 14 8 14 9 12 6 16 3 15 13 12 10 9 11 14 15 10 17 7 10 18 4 8 18 
11 11 8 10 15 11 9 9 10 3 5 13 9 2 12 9 9 7 5 6 3 3 7 8 12 6 4 11 7 3 5 9 5 12 10 6 6 3 13 10 16 8 11 7 5 9 6 13 11 10 4 9 8 5 10 3 6 4 2 6 3 11 16 6 10 7 13 14 11 10000 7 9 8 3 8 6 9 4 5 7 11 9 15 7 13 5 16 6 9 11 8 6 9 9 10 11 11 10 12 12 12 
17 15 4 16 16 11 12 16 7 10 11 6 4 9 9 8 3 14 11 6 7 9 12 14 6 13 11 5 10 5 4 3 11 9 6 10 11 5 12 11 10 15 11 8 10 12 9 16 6 17 11 13 12 12 4 5 11 8 6 3 10 14 9 13 3 14 15 16 7 7 10000 14 15 9 9 13 16 10 8 8 13 5 10 13 9 10 18 6 12 4 12 12 8 4 10 4 13 16 7 13 12 
7 5 16 2 11 10 5 6 13 6 9 19 17 8 14 11 15 6 5 10 11 8 3 8 18 6 5 19 5 12 11 16 10 14 18 13 4 11 13 10 21 8 19 8 12 6 13 8 17 6 7 3 4 8 18 10 4 11 10 14 8 5 21 10 17 8 8 9 14 9 14 10000 4 9 9 7 8 10 7 15 8 17 19 8 16 11 12 15 6 18 3 5 17 17 18 17 7 5 17 10 20 
3 8 16 3 15 13 8 3 15 6 6 20 17 7 16 14 16 3 4 11 10 7 5 5 20 3 5 19 8 11 12 17 8 16 17 11 6 11 16 13 23 5 18 10 10 9 11 12 18 2 5 6 7 5 18 11 6 10 10 14 7 8 23 7 18 4 11 13 16 8 15 4 10000 8 12 4 5 8 9 14 11 17 21 6 19 9 15 14 9 19 6 3 16 17 17 18 11 2 18 13 19 
10 12 9 9 17 13 10 8 12 4 3 15 11 2 14 11 11 6 5 8 3 2 8 6 14 5 5 12 8 4 7 10 3 14 10 5 7 5 15 12 18 7 11 9 4 10 4 15 13 9 3 9 9 4 11 5 7 3 4 7 2 12 18 4 12 6 14 16 13 3 9 9 8 10000 10 5 7 2 7 7 13 9 17 5 15 3 18 7 10 12 8 5 8 10 10 13 12 9 14 14 12 
14 7 12 11 8 3 5 13 5 8 12 11 12 9 5 3 8 12 9 3 10 9 7 14 11 11 8 14 4 9 7 11 13 5 14 14 6 8 5 3 12 14 18 2 13 4 14 7 9 13 10 7 6 12 13 7 6 12 8 9 10 7 14 14 11 13 7 8 6 8 9 9 12 10 10000 11 14 11 4 14 5 13 11 13 8 13 9 12 5 12 6 10 15 12 17 10 5 13 9 4 19 
5 11 13 6 16 13 10 4 14 4 3 18 15 4 16 13 14 2 3 10 7 4 6 3 18 1 4 16 8 8 10 14 4 16 14 7 6 8 16 13 21 3 14 10 7 10 8 14 17 5 2 8 8 2 15 9 6 7 7 11 3 10 21 4 16 2 13 14 15 6 13 7 4 5 11 10000 4 5 8 10 12 13 20 2 18 6 17 11 10 16 7 3 12 14 13 16 12 5 17 14 15 
4 12 16 7 19 16 12 3 17 7 5 21 17 7 19 16 17 3 6 13 10 7 9 2 21 4 7 19 11 11 13 17 6 19 17 9 9 11 19 16 24 1 15 13 9 13 9 16 20 4 5 10 10 4 17 12 9 9 10 14 6 12 24 4 18 2 15 16 18 9 16 8 5 7 14 4 10000 7 11 12 15 16 23 3 21 7 19 13 12 19 9 5 14 17 15 19 14 4 20 17 16 
10 13 9 10 18 14 11 8 13 4 3 15 11 3 15 12 12 6 6 9 4 3 8 6 15 5 5 13 9 5 7 11 2 15 10 4 8 5 16 13 19 6 10 10 3 11 4 16 14 9 4 10 10 3 11 6 8 2 5 8 2 13 18 4 12 6 15 16 14 4 10 10 8 2 11 5 7 10000 8 6 14 10 18 4 16 2 19 7 11 13 9 6 8 10 9 13 13 9 15 15 11 
12 8 10 9 11 6 5 11 7 5 8 12 11 5 8 5 8 9 6 3 7 6 5 10 11 8 5 13 3 7 5 10 9 8 12 11 4 6 8 6 14 11 16 2 10 5 10 9 10 11 7 6 5 9 11 4 4 8 5 7 7 7 15 10 10 10 9 10 8 5 8 7 9 7 4 8 11 8 10000 11 7 11 13 10 10 10 12 10 5 12 5 7 12 11 14 10 6 11 10 7 16 
15 18 5 16 21 16 15 14 14 9 8 13 7 8 15 14 11 12 11 11 5 8 13 11 13 11 11 8 13 5 8 7 7 15 6 4 13 6 18 16 17 12 5 12 4 15 4 20 13 15 10 15 15 9 7 7 12 4 7 6 8 17 16 9 10 11 19 20 14 7 8 15 14 7 14 10 12 6 11 10000 17 5 17 10 16 6 22 3 15 9 14 11 2 6 4 11 17 15 14 18 6 
14 4 16 10 5 4 3 13 8 10 14 15 16 11 8 7 12 12 10 7 13 12 7 14 15 12 9 18 5 13 11 16 15 9 18 17 7 12 6 4 16 15 22 6 16 3 17 3 13 13 12 6 5 13 17 11 7 14 11 13 12 4 17 15 15 14 3 4 9 11 13 8 11 13 5 12 15 14 7 17 10000 17 14 14 11 15 6 16 3 17 6 10 19 16 21 15 1 13 13 3 22 
18 18 2 18 21 15 16 17 12 12 12 10 3 10 13 12 8 15 13 11 7 10 15 15 9 14 13 4 14 6 7 4 11 13 1 9 14 7 16 15 14 15 7 12 8 15 8 20 10 18 12 16 16 12 3 7 14 8 8 5 11 18 12 12 6 15 19 21 12 9 5 17 17 9 13 13 16 10 11 5 17 10000 14 13 13 9 22 3 16 5 15 14 4 3 6 7 17 18 11 17 7 
24 17 13 21 15 10 15 23 7 17 19 5 11 16 6 8 7 21 18 10 15 17 17 22 5 20 17 11 14 14 11 11 19 6 13 19 16 13 9 11 2 23 20 11 19 14 18 16 5 23 18 17 16 20 12 12 16 17 14 12 18 17 5 21 8 22 16 17 6 15 10 19 21 17 11 20 23 18 13 17 14 14 10000 21 3 19 16 15 15 10 17 19 17 12 19 7 14 23 4 12 20 
6 13 13 8 18 15 11 5 16 5 2 19 15 5 17 14 15 3 5 12 7 5 8 2 18 3 6 16 10 9 11 14 3 17 14 6 8 9 18 15 22 2 13 11 6 12 7 16 18 6 3 9 10 2 15 9 8 6 8 11 4 12 22 2 16 2 15 16 16 7 13 8 6 5 13 2 3 4 10 10 14 13 21 10000 19 5 19 11 12 16 9 5 12 14 12 17 14 6 18 16 14 
21 15 12 18 12 8 12 20 4 15 17 6 11 14 3 6 6 18 15 8 14 15 14 20 6 18 15 11 12 13 9 10 18 3 13 18 14 12 7 8 5 20 20 9 17 11 17 13 4 20 16 15 14 18 12 10 13 15 12 11 16 14 7 19 8 19 13 14 3 13 9 16 19 15 8 18 21 16 10 16 11 13 3 19 10000 17 14 14 12 10 14 16 16 11 19 7 12 20 3 9 20 
10 14 9 11 19 15 13 9 14 6 3 16 11 5 16 14 13 7 7 11 4 4 10 6 16 6 7 13 11 6 9 11 2 16 10 2 10 6 17 15 20 6 9 11 2 13 3 17 15 10 5 12 12 4 11 7 9 3 6 8 4 14 19 4 13 6 17 18 15 5 10 11 9 3 13 6 7 2 10 6 15 9 19 5 17 10000 20 7 13 13 11 7 7 11 8 14 15 10 16 16 10 
18 7 21 13 2 8 8 17 12 15 18 18 21 16 11 11 16 17 14 12 18 16 11 19 18 17 14 22 10 18 16 20 20 11 23 22 11 17 8 8 18 19 27 11 21 8 22 4 16 17 16 10 9 18 21 16 12 19 16 18 17 7 20 20 19 18 5 3 13 16 18 12 15 18 9 17 19 19 12 22 6 22 16 19 14 20 10000 21 8 21 10 15 24 21 26 19 6 16 16 6 27 
16 17 3 15 20 14 14 14 12 9 9 11 5 8 13 12 8 12 11 10 4 8 13 12 11 11 10 7 12 4 6 5 8 13 4 6 12 5 16 14 15 13 7 11 6 14 5 18 11 15 10 14 14 10 5 6 11 5 5 4 8 16 14 10 7 12 18 19 12 6 6 15 14 7 12 11 13 7 10 3 16 3 15 11 14 7 21 10000 14 7 13 11 3 4 6 9 16 15 12 16 7 
11 3 15 7 7 5 1 11 9 8 11 15 15 8 9 7 11 10 7 6 11 9 4 12 15 9 7 17 3 11 9 14 12 9 16 14 4 10 8 5 17 12 20 5 14 1 14 5 13 10 9 4 2 11 16 9 4 12 9 12 10 3 18 13 14 11 4 6 10 9 12 6 9 10 5 10 12 11 5 15 3 16 15 12 12 13 8 14 10000 16 3 8 17 15 19 14 3 10 13 5 21 
21 19 4 19 20 14 16 19 10 13 14 6 2 12 11 11 5 17 15 10 9 13 16 18 5 16 14 2 14 8 7 2 14 11 4 12 15 8 14 14 10 18 11 12 12 15 11 19 6 20 15 17 16 15 3 8 14 11 9 5 13 18 8 16 2 17 19 20 9 11 4 18 19 12 12 16 19 13 12 9 17 5 10 16 10 13 21 7 16 10000 16 16 8 3 10 4 17 20 7 16 11 
9 4 14 5 10 8 3 8 10 5 8 16 15 7 11 9 12 7 4 7 10 7 1 9 16 7 4 17 3 10 9 14 10 11 16 12 2 9 10 8 18 9 18 6 12 4 12 7 14 8 6 2 1 8 16 8 2 10 8 11 7 4 19 10 15 8 6 8 11 8 12 3 6 8 6 7 9 9 5 14 6 15 17 9 14 11 10 13 3 16 10000 5 16 15 17 15 5 7 14 8 19 
6 8 13 5 14 11 7 5 13 3 5 17 15 4 14 11 13 3 1 9 8 4 4 5 17 2 2 16 6 8 9 14 6 14 15 9 4 8 14 11 20 5 15 8 8 8 9 12 16 5 2 5 6 4 15 8 4 8 7 11 4 8 20 6 15 4 11 12 14 6 12 5 3 5 10 3 5 6 7 11 10 14 19 5 16 7 15 11 8 16 5 10000 13 14 15 16 10 5 16 12 16 
17 19 5 17 23 17 17 16 14 11 10 13 7 10 16 14 11 14 13 12 6 10 15 13 13 13 12 8 14 6 9 7 9 16 5 6 14 7 19 17 17 13 4 13 6 16 5 21 13 17 11 17 16 11 6 9 14 6 8 6 10 19 15 10 9 13 20 22 15 9 8 17 16 8 15 12 14 8 12 2 19 4 17 12 16 7 24 3 17 8 16 13 10000 6 3 11 18 16 14 19 4 
19 18 2 18 20 14 15 18 10 12 12 8 1 10 12 11 6 15 13 10 7 11 14 15 7 14 12 3 13 6 6 1 12 11 2 10 14 6 15 14 12 16 9 11 9 15 9 19 8 18 13 16 15 13 1 7 13 9 7 4 11 17 10 13 4 15 18 20 10 9 4 17 17 10 12 14 17 10 11 6 16 3 12 14 11 11 21 4 15 3 15 14 6 10000 8 5 16 18 9 16 9 
18 21 7 19 25 19 19 17 17 13 11 15 9 11 18 17 13 15 14 15 8 11 17 14 15 14 14 9 16 8 11 9 10 18 7 7 16 9 21 19 19 14 2 16 7 19 6 23 15 18 13 18 18 12 8 11 16 8 10 9 11 21 17 11 12 14 22 24 17 10 10 18 17 10 17 13 15 9 14 4 21 6 19 12 19 8 26 6 19 10 17 15 3 8 10000 13 20 17 16 21 2 
21 17 6 19 17 12 15 20 7 13 15 3 4 12 8 8 3 17 15 9 10 13 15 18 2 17 14 5 13 9 7 4 15 8 7 14 14 9 12 12 7 19 14 10 13 14 13 17 3 20 15 16 15 16 5 8 14 12 9 6 13 17 6 17 2 18 17 18 7 11 4 17 18 13 10 16 19 13 10 11 15 7 7 17 7 14 19 9 14 4 15 16 11 5 13 10000 15 20 4 13 14 
13 4 16 9 5 4 3 13 9 10 13 15 16 10 9 7 12 12 9 7 13 11 6 14 15 12 9 18 5 13 11 15 14 9 18 16 6 12 6 4 16 14 21 6 15 2 16 3 13 12 11 5 4 13 17 10 7 14 11 13 12 3 18 15 15 13 3 4 10 11 13 7 11 12 5 12 14 13 6 17 1 17 14 14 12 15 6 16 3 17 5 10 18 16 20 15 10000 12 13 4 22 
2 10 17 4 16 15 10 2 17 7 7 21 19 8 18 15 17 3 5 13 11 8 7 5 21 4 6 20 9 12 13 18 8 18 18 11 7 12 17 14 24 5 18 12 11 11 12 13 20 1 6 7 8 6 19 12 7 11 11 15 8 10 24 7 19 4 12 14 18 10 16 5 2 9 13 5 4 9 11 15 13 18 23 6 20 10 16 15 10 20 7 5 16 18 17 20 12 10000 20 15 19 
21 16 10 18 14 9 13 20 5 14 16 3 8 13 5 6 4 18 15 8 12 14 14 19 3 17 14 9 12 11 8 8 16 5 11 16 14 10 9 9 5 20 17 9 15 12 15 15 2 20 16 15 14 17 9 9 13 14 11 9 15 15 5 18 6 19 15 16 4 12 7 17 18 14 9 17 20 15 10 14 13 11 4 18 3 16 16 12 13 7 14 16 14 9 16 4 13 20 10000 11 17 
16 7 16 12 4 2 6 15 7 12 15 13 15 12 6 6 11 14 11 7 14 13 9 16 13 14 11 17 7 13 11 15 16 7 17 18 8 12 3 2 14 17 22 6 17 5 17 5 11 15 13 8 7 15 16 11 9 15 12 13 13 6 15 17 14 16 5 5 8 12 13 10 13 14 4 14 17 15 7 18 3 17 12 16 9 16 6 16 5 16 8 12 19 16 21 13 4 15 11 10000 23 
20 23 8 20 26 21 21 18 18 14 13 16 10 13 20 18 14 16 16 16 10 13 18 15 16 16 16 10 18 10 12 10 11 20 7 8 18 11 22 21 20 16 1 17 9 20 8 25 16 19 14 20 20 14 9 12 17 9 12 10 13 22 18 13 12 15 24 26 18 12 12 20 19 12 19 15 16 11 16 6 22 7 20 14 20 10 27 7 21 11 19 16 4 9 2 14 22 19 17 23 10000 
