100
10
1000	500	0	1000	3626.000000	6025.000000
10	3	3	7	6793.000000	2545.000000
8	4	2	6	8242.000000	4324.000000
6	5	6	6	8565.000000	7920.000000
6	4	2	4	318.000000	1214.000000
7	5	2	2	6646.000000	7540.000000
6	3	2	3	8880.000000	2020.000000
9	1	0	0	3632.000000	7699.000000
6	2	4	6	2341.000000	8095.000000
7	0	1	6	7156.000000	8520.000000
8	6	8	8	4099.000000	7335.000000
9	3	7	7	9471.000000	6263.000000
6	2	6	6	6904.000000	7515.000000
10	10	6	8	1741.000000	3106.000000
6	1	6	6	7649.000000	8124.000000
7	2	5	6	7966.000000	4358.000000
8	0	0	0	7673.000000	1441.000000
10	8	9	10	6681.000000	7408.000000
10	8	9	10	854.000000	1700.000000
6	5	1	1	7787.000000	7745.000000
7	0	5	7	9468.000000	6089.000000
9	4	7	9	5778.000000	5432.000000
7	0	2	3	5851.000000	7249.000000
8	8	0	1	7376.000000	4637.000000
8	0	2	4	7913.000000	205.000000
7	2	7	7	3800.000000	474.000000
8	2	4	7	8883.000000	8276.000000
8	5	3	7	3303.000000	5929.000000
9	8	0	8	5094.000000	220.000000
10	9	9	10	398.000000	7194.000000
9	2	9	9	1732.000000	3863.000000
6	5	1	5	5276.000000	6349.000000
10	3	5	10	9110.000000	5658.000000
9	5	5	8	675.000000	6724.000000
9	8	4	9	2564.000000	4839.000000
10	5	4	5	3331.000000	9055.000000
7	7	5	6	7912.000000	2476.000000
7	7	0	4	3881.000000	5229.000000
7	1	6	7	5126.000000	3220.000000
8	6	0	0	9328.000000	509.000000
9	5	5	8	9818.000000	9440.000000
10	3	8	9	5591.000000	3384.000000
7	7	1	2	2674.000000	1044.000000
6	4	6	6	6800.000000	506.000000
10	3	0	6	8307.000000	9647.000000
6	5	1	5	1823.000000	362.000000
10	2	0	1	8776.000000	3535.000000
6	0	1	5	6177.000000	5231.000000
10	4	0	8	720.000000	2333.000000
9	9	2	9	5993.000000	852.000000
6	0	1	3	4951.000000	3363.000000
8	6	7	8	2820.000000	1006.000000
7	1	2	4	4665.000000	1525.000000
8	1	0	2	4642.000000	6829.000000
8	3	0	7	2435.000000	4762.000000
8	8	1	5	2142.000000	1725.000000
6	5	0	0	1489.000000	5391.000000
10	4	7	8	873.000000	407.000000
8	5	6	7	6954.000000	9393.000000
10	6	9	10	1368.000000	4613.000000
7	0	3	7	5351.000000	4793.000000
6	4	3	4	9975.000000	7220.000000
6	2	1	5	9730.000000	5244.000000
10	5	8	8	1782.000000	4786.000000
8	2	5	6	2116.000000	9766.000000
7	4	2	3	2105.000000	7457.000000
10	7	10	10	6629.000000	682.000000
6	2	1	1	5269.000000	3678.000000
8	7	0	6	3860.000000	4557.000000
6	1	0	5	9528.000000	8492.000000
8	3	4	5	3951.000000	488.000000
6	4	4	4	3694.000000	9439.000000
8	8	8	8	1480.000000	7830.000000
7	1	2	2	5772.000000	2007.000000
10	1	8	8	1937.000000	8097.000000
8	2	2	6	872.000000	2081.000000
10	4	9	10	154.000000	9301.000000
7	2	6	7	2121.000000	6915.000000
8	3	3	5	8752.000000	5351.000000
7	6	6	6	5669.000000	2481.000000
8	0	0	7	8030.000000	9191.000000
6	5	3	3	4557.000000	856.000000
8	4	7	7	4948.000000	173.000000
7	7	7	7	6626.000000	7422.000000
9	9	4	4	1987.000000	3062.000000
10	7	5	5	6078.000000	8549.000000
10	7	8	9	2877.000000	7275.000000
8	0	2	5	3257.000000	195.000000
8	3	6	8	8995.000000	8398.000000
10	3	8	10	782.000000	5300.000000
7	0	1	4	2109.000000	191.000000
8	8	7	7	1635.000000	1488.000000
10	7	3	5	1766.000000	1449.000000
9	8	4	8	550.000000	6959.000000
6	3	5	6	2562.000000	4008.000000
6	1	1	4	1103.000000	529.000000
8	0	6	7	3838.000000	954.000000
10	8	7	8	7735.000000	7145.000000
7	6	1	6	3231.000000	59.000000
10	7	1	4	5294.000000	745.000000
10	0	8	8	7888.000000	4878.000000
10000 10 10 11 12 7 14 4 5 9 3 12 8 7 10 10 13 7 11 10 12 5 6 8 15 12 12 1 12 7 6 4 11 7 4 7 12 2 7 16 15 7 11 13 12 12 12 6 10 12 6 11 10 3 4 10 5 13 10 6 5 13 13 5 9 5 13 6 3 13 12 7 6 10 6 10 10 4 11 9 11 11 12 7 7 8 3 12 12 6 13 10 10 7 5 13 11 9 12 12 9 
10 10000 5 12 14 10 5 13 15 12 11 10 10 11 12 5 3 10 12 11 9 7 10 5 6 8 13 10 6 16 11 9 8 15 10 15 3 8 4 7 16 3 9 5 15 11 5 6 13 4 5 9 5 10 10 10 13 13 14 12 6 12 8 11 18 14 4 4 8 14 8 16 15 3 15 12 19 13 7 3 14 6 7 10 10 13 13 9 13 14 11 11 11 16 9 13 7 10 9 5 6 
10 5 10000 8 18 8 5 12 15 9 11 5 7 14 8 1 6 7 16 7 5 6 8 2 9 12 9 11 11 17 14 8 4 16 12 14 4 9 7 8 11 6 13 9 11 16 2 5 16 9 7 13 10 9 12 14 14 17 11 14 6 7 4 13 17 14 8 7 9 9 12 14 16 7 15 16 19 14 3 7 10 11 11 7 13 10 13 13 9 16 15 15 15 17 12 17 12 6 14 10 2 
11 12 8 10000 22 4 12 10 13 4 10 4 4 17 2 8 14 4 20 2 5 8 6 7 16 18 1 12 17 17 16 8 5 16 14 11 11 11 12 15 4 11 19 16 4 21 9 8 20 16 12 18 15 9 14 18 16 22 5 16 9 4 6 15 14 13 15 11 12 3 18 11 15 14 14 20 18 14 6 13 3 17 18 5 17 6 12 19 2 17 21 19 19 17 15 22 17 3 19 16 7 
12 14 18 22 10000 18 18 15 15 21 15 21 19 5 21 17 15 18 2 20 21 14 17 16 16 8 23 12 10 12 7 15 20 12 9 17 16 11 11 19 26 12 5 14 24 4 18 15 3 12 11 6 9 15 9 4 9 2 22 8 13 23 21 8 18 13 13 12 10 24 8 18 14 12 15 3 17 12 19 11 23 9 10 18 5 19 14 7 23 9 5 3 3 12 8 3 8 19 7 10 17 
7 10 8 4 18 10000 12 7 9 3 6 7 1 14 3 7 13 1 17 3 7 5 2 6 15 16 5 8 15 13 13 4 7 13 10 8 11 8 10 16 8 9 16 15 6 18 10 5 16 14 10 16 13 5 11 15 12 19 4 13 7 7 8 12 11 10 14 9 9 7 16 8 11 12 10 16 14 10 7 11 5 15 16 1 13 3 8 17 6 13 18 16 16 13 11 18 15 3 17 14 6 
14 5 5 12 18 12 10000 16 18 14 15 9 12 15 13 6 3 12 17 12 9 10 13 7 5 11 13 14 9 20 15 12 8 19 14 18 3 12 8 4 15 8 13 6 16 15 4 9 17 7 9 13 9 13 15 14 17 17 16 16 9 11 7 16 21 18 6 8 12 14 11 19 19 7 19 17 23 17 7 7 15 9 9 12 14 15 16 12 13 18 15 15 15 20 14 16 11 11 12 8 7 
4 13 12 10 15 7 16 10000 3 8 2 13 7 10 9 11 15 7 14 9 13 7 5 10 18 15 11 4 16 7 9 5 12 7 7 3 14 5 10 19 13 10 14 16 11 16 14 8 13 15 10 14 13 3 7 13 7 16 8 8 7 13 14 7 6 4 16 9 7 12 15 4 5 13 4 13 8 4 12 12 10 14 16 7 10 6 2 16 11 8 16 14 14 7 8 16 14 9 16 15 11 
5 15 15 13 15 9 18 3 10000 10 4 15 10 11 11 14 18 9 14 11 15 9 8 13 20 16 14 5 17 5 9 7 15 5 7 3 16 7 12 21 16 12 15 18 13 16 16 10 12 17 11 15 14 6 7 13 6 16 10 8 9 16 16 7 4 2 18 11 8 15 16 4 2 14 1 13 5 3 14 14 12 16 17 9 11 8 2 16 14 7 16 14 14 5 9 16 15 11 17 16 13 
9 12 9 4 21 3 14 8 10 10000 7 7 3 16 2 9 15 3 19 2 7 7 4 8 17 18 4 10 18 14 15 6 7 14 12 8 13 10 12 17 6 11 18 17 4 20 11 7 18 16 12 18 15 7 13 17 13 21 2 14 9 7 9 14 11 11 16 11 11 5 18 8 12 14 11 18 15 11 8 13 3 17 18 3 16 3 9 19 4 15 20 18 18 14 13 21 17 3 19 16 8 
3 11 11 10 15 6 15 2 4 7 10000 11 6 10 8 10 14 6 14 8 12 6 4 9 17 14 10 4 15 8 9 4 11 7 6 4 13 5 9 18 13 9 13 15 10 15 13 6 13 14 9 13 12 2 7 12 7 16 8 8 6 12 13 7 7 4 15 8 6 12 14 5 6 12 5 13 9 5 11 11 9 13 15 6 10 5 3 15 11 8 15 13 13 8 8 15 13 8 15 14 10 
12 10 5 4 21 7 9 13 15 7 11 10000 6 17 6 5 11 7 20 5 1 8 8 6 13 17 5 13 15 19 17 9 2 18 15 14 9 12 11 12 7 10 18 13 8 20 6 7 20 13 11 17 14 10 15 18 17 21 9 17 9 3 3 16 17 15 13 10 12 5 16 14 17 12 16 20 20 15 3 11 7 15 16 7 17 9 14 18 5 18 20 19 19 18 15 21 16 4 18 14 5 
8 10 7 4 19 1 12 7 10 3 6 6 10000 14 2 7 13 1 17 2 6 5 3 6 15 16 5 8 16 14 13 5 6 13 11 8 11 8 10 15 7 9 16 15 6 18 9 5 17 14 10 16 13 5 11 15 12 19 4 13 7 7 8 12 11 10 14 9 9 6 16 8 11 12 11 17 14 10 6 11 5 15 16 1 14 3 9 17 5 14 18 17 16 13 12 19 15 2 17 14 6 
7 11 14 17 5 14 15 10 11 16 10 17 14 10000 16 13 13 14 4 16 17 10 12 12 14 7 18 7 9 9 2 10 16 8 4 13 13 7 7 17 21 8 5 12 19 6 15 10 3 10 7 5 7 10 4 3 5 6 17 4 8 19 17 4 14 9 11 8 6 19 7 14 10 9 10 3 13 8 15 8 18 8 9 14 1 14 9 7 18 5 6 4 4 9 3 6 7 15 7 9 13 
10 12 8 2 21 3 13 9 11 2 8 6 2 16 10000 8 14 3 19 1 6 7 4 7 16 18 3 10 17 15 15 6 6 15 13 9 12 10 12 16 6 11 18 16 4 20 10 7 19 15 11 18 15 7 13 17 14 21 3 15 9 5 8 14 12 12 16 11 11 4 17 9 13 13 12 19 16 12 6 12 3 16 17 3 16 4 10 19 3 15 20 18 18 15 14 21 17 2 19 16 7 
10 5 1 8 17 7 6 11 14 9 10 5 7 13 8 10000 6 7 16 7 5 5 8 2 9 12 9 10 11 17 13 7 4 16 11 14 4 9 7 9 11 6 13 9 11 15 3 4 16 9 7 13 9 9 12 13 14 17 11 14 6 7 4 13 16 14 8 6 9 9 12 14 15 7 15 15 19 13 3 6 10 10 11 7 13 10 12 13 9 15 15 14 14 16 11 16 11 6 13 9 2 
13 3 6 14 15 13 3 15 18 15 14 11 13 13 14 6 10000 13 14 13 10 9 13 7 3 8 14 13 6 19 13 11 9 18 13 18 3 11 7 4 17 6 11 3 17 12 5 9 15 4 7 10 7 13 13 12 15 14 16 15 9 13 9 14 21 17 3 7 10 15 8 18 18 4 18 14 22 16 9 5 16 7 7 13 12 15 16 10 15 16 12 13 12 19 12 14 8 12 10 5 7 
7 10 7 4 18 1 12 7 9 3 6 7 1 14 3 7 13 10000 17 3 7 5 2 6 15 16 5 8 15 13 13 4 6 13 10 8 11 8 9 15 8 9 16 14 6 18 9 5 16 14 9 15 13 5 11 15 12 19 5 13 6 7 8 12 11 10 14 8 9 7 15 8 11 11 10 16 14 10 6 11 5 14 15 1 13 3 8 16 6 13 18 16 16 13 11 18 15 3 17 14 6 
11 12 16 20 2 17 17 14 14 19 14 20 17 4 19 16 14 17 10000 19 20 13 15 15 15 7 21 10 9 12 5 13 19 11 8 16 15 10 10 18 24 11 4 13 22 4 17 13 2 11 9 5 8 13 7 3 8 3 20 6 11 22 20 7 17 12 12 10 9 23 7 17 13 10 13 1 16 11 18 10 21 8 9 17 4 18 12 6 22 8 4 2 2 11 6 3 7 18 6 10 16 
10 11 7 2 20 3 12 9 11 2 8 5 2 16 1 7 13 3 19 10000 5 7 4 7 16 17 3 10 16 15 15 6 5 15 12 10 11 10 11 15 6 10 17 15 4 19 9 6 18 15 11 17 14 7 13 17 14 21 4 15 8 5 7 14 13 12 15 10 11 4 17 9 13 13 12 18 16 12 6 12 3 16 17 3 15 4 10 18 3 15 19 18 18 15 13 20 16 2 18 15 6 
12 9 5 5 21 7 9 13 15 7 12 1 6 17 6 5 10 7 20 5 10000 8 8 6 13 16 5 13 15 19 17 9 2 18 15 14 8 12 11 12 7 10 17 13 8 20 6 7 20 13 11 17 14 10 15 18 17 21 9 17 9 3 2 16 17 15 13 10 12 5 16 14 17 12 16 19 20 15 3 11 7 15 15 7 17 9 14 18 5 18 19 19 18 18 15 21 16 5 18 14 4 
5 7 6 8 14 5 10 7 9 7 6 8 5 10 7 5 9 5 13 7 8 10000 4 4 12 11 9 6 11 12 9 3 7 11 7 9 8 4 5 13 12 5 11 11 10 13 8 1 12 10 5 11 9 4 7 11 9 15 9 9 2 10 8 9 12 9 10 4 5 10 11 10 10 7 10 12 14 8 6 6 9 10 11 5 9 7 7 12 9 10 13 12 12 11 8 14 10 6 12 10 5 
6 10 8 6 17 2 13 5 8 4 4 8 3 12 4 8 13 2 15 4 8 4 10000 7 15 15 7 6 15 11 11 3 8 11 9 7 11 6 9 16 10 8 14 14 7 16 10 5 15 13 8 14 12 3 9 14 10 17 5 11 6 9 9 10 10 8 14 8 7 8 15 7 9 11 9 15 13 8 7 10 6 14 15 2 12 3 6 16 7 11 16 15 15 11 10 17 14 4 16 14 7 
8 5 2 7 16 6 7 10 13 8 9 6 6 12 7 2 7 6 15 7 6 4 7 10000 9 11 8 9 10 15 12 6 5 15 10 12 5 8 6 10 11 5 12 9 11 15 4 3 15 9 6 12 9 8 10 12 12 16 10 13 5 8 5 12 15 12 9 5 8 9 11 13 14 7 13 14 18 12 4 6 10 10 11 6 12 9 11 13 9 14 14 14 13 15 10 15 11 6 13 9 2 
15 6 9 16 16 15 5 18 20 17 17 13 15 14 16 9 3 15 15 16 13 12 15 9 10000 9 17 15 6 21 15 14 12 20 15 20 5 13 9 3 19 8 11 3 19 13 7 11 16 5 9 11 8 15 15 12 17 15 19 16 11 15 11 16 23 19 3 9 12 17 8 21 20 6 20 15 24 18 11 7 18 7 6 15 14 18 18 10 17 18 12 13 13 20 14 14 9 14 10 6 10 
12 8 12 18 8 16 11 15 16 18 14 17 16 7 18 12 8 16 7 17 16 11 15 11 9 10000 19 11 3 16 8 13 15 14 10 18 10 10 7 12 22 7 3 7 21 4 12 11 8 5 7 3 3 13 10 5 11 6 19 10 10 19 16 10 19 15 6 8 9 20 1 18 16 5 16 7 20 14 14 6 20 2 3 16 7 17 14 2 19 12 4 5 5 15 8 6 1 16 2 4 13 
12 13 9 1 23 5 13 11 14 4 10 5 5 18 3 9 14 5 21 3 5 9 7 8 17 19 10000 13 18 18 17 9 6 17 15 12 12 12 13 16 3 12 20 17 3 22 10 9 21 16 13 19 16 9 15 19 16 23 5 17 10 4 7 16 14 14 16 12 13 2 19 11 15 14 14 21 18 14 6 14 3 18 19 5 18 6 13 20 1 18 22 20 20 17 16 22 18 4 20 17 8 
1 10 11 12 12 8 14 4 5 10 4 13 8 7 10 10 13 8 10 10 13 6 6 9 15 11 13 10000 12 7 6 5 12 6 3 7 12 2 7 17 15 7 10 13 13 12 12 6 9 12 7 10 10 4 3 9 4 13 11 5 5 14 13 4 9 4 13 6 3 14 11 8 6 10 6 10 10 4 11 9 12 11 12 8 7 8 3 12 13 6 12 10 10 6 5 12 11 10 12 12 10 
12 6 11 17 10 15 9 16 17 18 15 15 16 9 17 11 6 15 9 16 15 11 15 10 6 3 18 12 10000 17 10 13 14 16 11 19 8 11 7 9 21 7 6 4 20 7 10 11 10 3 7 5 3 14 11 7 13 9 19 12 10 18 14 12 20 16 4 7 10 19 3 19 17 4 17 10 21 15 13 5 19 2 1 15 9 17 15 4 19 14 6 8 8 17 10 9 3 15 4 2 11 
7 16 17 17 12 13 20 7 5 14 8 19 14 9 15 17 19 13 12 15 19 12 11 15 21 16 18 7 17 10000 8 10 18 2 7 7 18 8 13 23 20 13 14 19 17 14 19 13 10 17 12 14 15 9 7 12 5 14 14 6 12 20 20 6 7 4 19 13 9 19 16 8 3 15 4 11 5 4 18 15 16 16 17 13 9 12 5 16 18 4 15 12 12 1 8 14 15 15 16 17 16 
6 11 14 16 7 13 15 9 9 15 9 17 13 2 15 13 13 13 5 15 17 9 11 12 15 8 17 6 10 8 10000 9 16 7 3 11 13 6 7 17 20 8 6 13 18 8 15 10 4 11 7 7 8 9 3 5 4 8 16 2 8 18 17 2 12 8 12 8 5 19 9 12 8 9 9 4 12 7 15 9 17 9 10 13 2 13 8 8 18 4 8 5 5 7 2 7 8 14 9 10 13 
4 9 8 8 15 4 12 5 7 6 4 9 5 10 6 7 11 4 13 6 9 3 3 6 14 13 9 5 13 10 9 10000 8 10 7 7 10 4 7 15 11 6 12 13 9 14 9 3 13 12 7 12 10 2 7 12 8 15 7 9 4 10 10 8 10 7 12 6 5 10 13 7 9 9 8 13 12 7 8 8 8 12 13 4 10 5 6 13 9 10 14 13 13 10 8 15 12 6 14 12 6 
11 8 4 5 20 7 8 12 15 7 11 2 6 16 6 4 9 6 19 5 2 7 8 5 12 15 6 12 14 18 16 8 10000 18 14 14 7 11 10 11 8 9 16 12 9 19 5 6 19 12 10 16 13 10 14 17 16 20 9 16 8 4 2 15 17 15 12 9 11 6 15 14 16 10 16 18 20 15 1 10 8 14 14 7 16 9 13 17 6 17 18 18 17 18 14 20 15 5 17 13 3 
7 15 16 16 12 13 19 7 5 14 7 18 13 8 15 16 18 13 11 15 18 11 11 15 20 14 17 6 16 2 7 10 18 10000 6 8 17 8 12 22 20 12 13 18 17 13 18 12 9 16 11 13 14 8 6 11 4 13 14 5 11 19 19 5 7 4 17 12 8 19 15 9 3 14 4 10 6 3 17 14 16 15 16 12 8 12 5 15 17 3 14 11 11 1 7 13 14 15 15 16 15 
4 10 12 14 9 10 14 7 7 12 6 15 11 4 13 11 13 10 8 12 15 7 9 10 15 10 15 3 11 7 3 7 14 6 10000 9 12 3 7 17 18 7 8 13 15 10 13 8 7 11 6 8 8 6 1 7 3 10 13 3 6 16 15 2 10 6 12 6 3 16 10 10 7 9 7 7 11 5 13 8 14 9 11 10 4 11 5 10 15 4 10 7 7 6 2 10 9 12 10 10 11 
7 15 14 11 17 8 18 3 3 8 4 14 8 13 9 14 18 8 16 10 14 9 7 12 20 18 12 7 19 7 11 7 14 8 9 10000 17 8 13 21 13 13 17 19 11 18 16 10 15 18 12 17 16 6 9 15 9 18 8 10 10 14 15 10 3 5 18 12 10 13 18 2 5 15 4 15 7 5 14 14 10 17 19 8 13 6 4 18 12 10 18 16 16 7 11 18 17 10 18 18 13 
12 3 4 11 16 11 3 14 16 13 13 9 11 13 12 4 3 11 15 11 8 8 11 5 5 10 12 12 8 18 13 10 7 17 12 17 10000 10 6 5 15 5 11 5 15 13 3 7 15 6 7 11 7 11 12 12 15 15 14 14 7 11 7 14 19 16 5 6 10 13 9 17 17 5 17 15 21 15 6 5 14 8 8 11 12 13 14 11 13 16 13 13 13 18 12 15 9 10 11 7 5 
2 8 9 11 11 8 12 5 7 10 5 12 8 7 10 9 11 8 10 10 12 4 6 8 13 10 12 2 11 8 6 4 11 8 3 8 10 10000 5 15 15 6 9 12 13 11 11 5 9 10 5 9 8 4 4 8 5 12 11 6 4 13 12 5 10 6 11 5 2 14 10 9 8 8 7 9 12 5 10 7 12 9 11 8 6 8 5 11 13 7 11 9 9 8 4 11 9 9 11 10 9 
7 4 7 12 11 10 8 10 12 12 9 11 10 7 12 7 7 9 10 11 11 5 9 6 9 7 13 7 7 13 7 7 10 12 7 13 6 5 10000 11 16 1 7 7 15 9 8 5 9 6 1 7 4 8 7 7 9 11 13 9 4 13 11 8 15 11 6 1 4 14 6 13 12 3 12 9 16 10 9 2 14 5 7 9 7 11 10 8 13 10 9 8 8 12 6 10 6 10 8 5 7 
16 7 8 15 19 16 4 19 21 17 18 12 15 17 16 9 4 15 18 15 12 13 16 10 3 12 16 17 9 23 17 15 11 22 17 21 5 15 11 10000 18 10 14 6 19 16 7 12 18 7 11 14 10 16 17 15 19 17 19 18 12 14 10 18 24 21 6 11 14 16 11 22 22 8 22 18 26 20 10 9 18 10 9 15 16 18 19 13 16 20 15 16 16 22 16 17 12 14 13 9 10 
15 16 11 4 26 8 15 13 16 6 13 7 7 21 6 11 17 8 24 6 7 12 10 11 19 22 3 15 21 20 20 11 8 20 18 13 15 15 16 18 10000 15 23 19 4 25 12 12 24 19 16 22 19 12 18 22 19 26 6 20 13 5 9 19 16 16 19 15 16 2 22 13 17 17 16 24 20 17 9 17 4 21 21 8 21 8 15 23 3 20 25 23 23 20 19 25 21 7 23 20 10 
7 3 6 11 12 9 8 10 12 11 9 10 9 8 11 6 6 9 11 10 10 5 8 5 8 7 12 7 7 13 8 6 9 12 7 13 5 6 1 10 15 10000 8 7 14 10 7 4 10 6 2 8 5 8 7 8 10 12 13 9 3 12 10 9 15 11 6 1 5 13 7 13 13 3 12 10 17 10 8 2 13 6 7 9 8 11 10 8 13 11 10 9 9 13 7 11 6 9 9 6 6 
11 9 13 19 5 16 13 14 15 18 13 18 16 5 18 13 11 16 4 17 17 11 14 12 11 3 20 10 6 14 6 12 16 13 8 17 11 9 7 14 23 8 10000 9 21 3 14 11 5 7 7 1 5 13 8 2 10 4 19 8 10 20 17 8 18 13 8 8 8 21 3 17 14 7 15 5 18 12 15 7 20 4 5 16 5 17 13 3 20 10 3 3 2 13 6 4 3 16 3 6 13 
13 5 9 16 14 15 6 16 18 17 15 13 15 12 16 9 3 14 13 15 13 11 14 9 3 7 17 13 4 19 13 13 12 18 13 19 5 12 7 6 19 7 9 10000 19 10 8 10 13 2 7 9 5 14 13 10 15 12 18 14 10 15 12 14 21 17 1 8 11 17 6 19 19 4 19 13 23 16 11 5 18 5 4 14 11 17 16 8 17 16 10 11 11 18 11 12 6 14 8 4 10 
12 15 11 4 24 6 16 11 13 4 10 8 6 19 4 11 17 6 22 4 8 10 7 11 19 21 3 13 20 17 18 9 9 17 15 11 15 13 15 19 4 14 21 19 10000 23 13 10 22 19 15 21 18 10 16 21 17 24 3 18 12 6 10 17 13 14 19 14 14 4 21 10 15 17 14 22 17 14 9 16 2 20 21 6 19 5 12 22 3 18 23 22 21 17 17 24 20 6 22 19 10 
12 11 16 21 4 18 15 16 16 20 15 20 18 6 20 15 12 18 4 19 20 13 16 15 13 4 22 12 7 14 8 14 19 13 10 18 13 11 9 16 25 10 3 10 23 10000 16 14 5 9 9 3 7 15 9 3 11 2 21 9 12 22 19 9 19 15 10 10 10 23 5 19 15 9 16 4 19 14 18 9 22 6 7 18 6 19 14 3 22 11 1 3 3 14 8 2 5 18 3 7 16 
12 5 2 9 18 10 4 14 16 11 13 6 9 15 10 3 5 9 17 9 6 8 10 4 7 12 10 12 10 19 15 9 5 18 13 16 3 11 8 7 12 7 14 8 13 16 10000 7 17 8 8 13 10 11 13 14 16 17 13 15 8 8 4 15 19 16 8 8 11 11 12 16 17 7 17 17 21 15 4 7 12 10 11 9 14 12 14 13 10 17 15 15 15 18 13 17 12 8 14 9 4 
6 6 5 8 15 5 9 8 10 7 6 7 5 10 7 4 9 5 13 6 7 1 5 3 11 11 9 6 11 13 10 3 6 12 8 10 7 5 5 12 12 4 11 10 10 14 7 10000 13 9 5 11 9 5 8 11 10 15 9 10 2 9 8 9 13 10 10 4 5 10 11 10 11 7 11 13 15 9 6 6 9 10 11 5 10 7 8 12 9 11 13 12 12 12 8 14 10 5 12 10 4 
10 13 16 20 3 16 17 13 12 18 13 20 17 3 19 16 15 16 2 18 20 12 15 15 16 8 21 9 10 10 4 13 19 9 7 15 15 9 9 18 24 10 5 13 22 5 17 13 10000 11 9 5 9 12 6 4 7 4 19 5 11 21 19 6 16 11 13 10 8 22 8 16 12 11 12 1 14 10 18 10 21 9 10 16 3 17 11 7 21 6 6 3 3 10 5 4 7 18 7 10 16 
12 4 9 16 12 14 7 15 17 16 14 13 14 10 15 9 4 14 11 15 13 10 13 9 5 5 16 12 3 17 11 12 12 16 11 18 6 10 6 7 19 6 7 2 19 9 8 9 11 10000 6 7 3 13 11 8 13 11 18 12 8 16 12 12 20 16 2 6 9 17 5 18 17 3 17 11 21 15 11 4 18 3 3 14 10 16 15 6 17 14 8 9 9 17 10 10 5 14 6 2 9 
6 5 7 12 11 10 9 10 11 12 9 11 10 7 11 7 7 9 9 11 11 5 8 6 9 7 13 7 7 12 7 7 10 11 6 12 7 5 1 11 16 2 7 7 15 9 8 5 9 6 10000 7 4 7 6 7 9 11 13 8 3 13 11 7 15 10 7 1 4 14 7 13 12 4 12 9 16 10 9 3 14 6 7 9 6 11 9 8 13 10 9 8 8 12 5 10 6 10 8 6 7 
11 9 13 18 6 16 13 14 15 18 13 17 16 5 18 13 10 15 5 17 17 11 14 12 11 3 19 10 5 14 7 12 16 13 8 17 11 9 7 14 22 8 1 9 21 3 13 11 5 7 7 10000 4 13 8 2 10 5 19 8 10 19 17 8 18 13 8 8 8 21 3 17 14 7 15 5 18 12 15 7 20 4 5 15 5 17 13 2 20 10 3 3 3 13 7 4 3 16 3 5 13 
10 5 10 15 9 13 9 13 14 15 12 14 13 7 15 9 7 13 8 14 14 9 12 9 8 3 16 10 3 15 8 10 13 14 8 16 7 8 4 10 19 5 5 5 18 7 10 9 9 3 4 4 10000 11 8 6 11 8 17 10 7 16 13 9 18 13 5 5 7 17 3 16 15 3 15 8 18 12 12 3 17 2 3 13 7 15 13 4 17 11 6 7 6 14 7 8 3 13 5 3 10 
3 10 9 9 15 5 13 3 6 7 2 10 5 10 7 9 13 5 13 7 10 4 3 8 15 13 9 4 14 9 9 2 10 8 6 6 11 4 8 16 12 8 13 14 10 15 11 5 12 13 7 13 11 10000 7 12 7 15 7 8 5 11 11 8 8 6 13 7 5 11 13 6 7 10 6 13 11 6 9 9 9 12 14 5 10 5 4 14 10 9 15 13 13 9 8 15 12 7 14 13 8 
4 10 12 14 9 11 15 7 7 13 7 15 11 4 13 12 13 11 7 13 15 7 9 10 15 10 15 3 11 7 3 7 14 6 1 9 12 4 7 17 18 7 8 13 16 9 13 8 6 11 6 8 8 7 10000 7 3 10 13 3 6 16 15 2 11 6 12 7 3 17 10 10 7 9 7 7 11 5 13 8 15 9 11 10 4 11 6 10 16 4 10 7 7 6 2 9 9 12 10 10 11 
10 10 14 18 4 15 14 13 13 17 12 18 15 3 17 13 12 15 3 17 18 11 14 12 12 5 19 9 7 12 5 12 17 11 7 15 12 8 7 15 22 8 2 10 21 3 14 11 4 8 7 2 6 12 7 10000 8 4 19 6 9 20 17 7 17 12 10 8 7 21 5 16 13 8 13 3 16 11 16 8 20 6 7 15 3 16 12 4 20 8 4 2 1 11 5 4 4 16 4 7 14 
5 13 14 16 9 12 17 7 6 13 7 17 12 5 14 14 15 12 8 14 17 9 10 12 17 11 16 4 13 5 4 8 16 4 3 9 15 5 9 19 19 10 10 15 17 11 16 10 7 13 9 10 11 7 3 8 10000 11 14 2 8 18 17 2 9 5 14 9 6 18 11 10 5 11 6 7 9 4 15 11 16 11 13 12 5 12 5 11 17 2 11 8 8 4 4 10 11 13 12 13 13 
13 13 17 22 2 19 17 16 16 21 16 21 19 6 21 17 14 19 3 21 21 15 17 16 15 6 23 13 9 14 8 15 20 13 10 18 15 12 11 17 26 12 4 12 24 2 17 15 4 11 11 5 8 15 10 4 11 10000 22 9 13 23 21 9 19 15 12 11 11 24 7 19 15 11 16 4 18 14 19 11 23 8 9 19 6 20 15 5 23 10 3 3 3 14 8 1 7 20 5 9 17 
10 14 11 5 22 4 16 8 10 2 8 9 4 17 3 11 16 5 20 4 9 9 5 10 19 19 5 11 19 14 16 7 9 14 13 8 14 11 13 19 6 13 19 18 3 21 13 9 19 18 13 19 17 7 13 19 14 22 10000 15 10 8 10 14 10 11 18 12 12 6 19 7 12 15 11 20 14 11 9 15 3 18 19 4 17 3 10 20 5 15 21 20 19 14 14 22 18 5 21 18 10 
6 12 14 16 8 13 16 8 8 14 8 17 13 4 15 14 15 13 6 15 17 9 11 13 16 10 17 5 12 6 2 9 16 5 3 10 14 6 9 18 20 9 8 14 18 9 15 10 5 12 8 8 10 8 3 6 2 9 15 10000 8 18 17 1 11 6 14 9 5 19 10 11 7 11 8 6 10 5 15 10 17 10 12 12 4 13 7 10 18 2 9 7 7 5 3 9 9 14 10 12 14 
5 6 6 9 13 7 9 7 9 9 6 9 7 8 9 6 9 6 11 8 9 2 6 5 11 10 10 5 10 12 8 4 8 11 6 10 7 4 4 12 13 3 10 10 12 12 8 2 11 8 3 10 7 5 6 9 8 13 10 8 10000 11 9 8 12 9 9 3 4 12 10 10 10 6 10 11 14 8 7 5 11 9 10 6 8 8 8 11 11 10 12 10 10 11 6 13 9 7 11 9 6 
13 12 7 4 23 7 11 13 16 7 12 3 7 19 5 7 13 7 22 5 3 10 9 8 15 19 4 14 18 20 18 10 4 19 16 14 11 13 13 14 5 12 20 15 6 22 8 9 21 16 13 19 16 11 16 20 18 23 8 18 11 10000 4 18 17 16 15 12 14 3 19 14 18 14 17 21 21 16 5 13 6 17 18 7 19 9 15 20 4 19 22 21 21 19 17 23 18 5 20 16 7 
13 8 4 6 21 8 7 14 16 9 13 3 8 17 8 4 9 8 20 7 2 8 9 5 11 16 7 13 14 20 17 10 2 19 15 15 7 12 11 10 9 10 17 12 10 19 4 8 19 12 11 17 13 11 15 17 17 21 10 17 9 4 10000 16 18 16 12 10 12 7 15 15 18 11 17 19 21 16 2 10 9 14 14 8 17 10 15 17 7 18 19 18 18 19 15 20 15 6 17 13 4 
5 11 13 15 8 12 16 7 7 14 7 16 12 4 14 13 14 12 7 14 16 9 10 12 16 10 16 4 12 6 2 8 15 5 2 10 14 5 8 18 19 9 8 14 17 9 15 9 6 12 7 8 9 8 2 7 2 9 14 1 8 18 16 10000 10 6 13 8 5 18 10 11 7 10 7 6 10 5 14 10 16 10 12 12 4 12 6 10 17 3 10 7 7 5 3 9 9 13 10 11 13 
9 18 17 14 18 11 21 6 4 11 7 17 11 14 12 16 21 11 17 13 17 12 10 15 23 19 14 9 20 7 12 10 17 7 10 3 19 10 15 24 16 15 18 21 13 19 19 13 16 20 15 18 18 8 11 17 9 19 10 11 12 17 18 10 10000 5 21 14 11 16 19 4 5 18 4 16 5 6 16 17 12 19 21 11 14 9 6 20 15 10 20 17 17 7 12 19 18 13 20 20 16 
5 14 14 13 13 10 18 4 2 11 4 15 10 9 12 14 17 10 12 12 15 9 8 12 19 15 14 4 16 4 8 7 15 4 6 5 16 6 11 21 16 11 13 17 14 15 16 10 11 16 10 13 13 6 6 12 5 15 11 6 9 16 16 6 5 10000 17 10 7 15 15 6 2 14 2 12 6 2 14 13 13 15 16 10 9 9 2 15 14 6 15 12 13 4 7 15 14 12 15 15 13 
13 4 8 15 13 14 6 16 18 16 15 13 14 11 16 8 3 14 12 15 13 10 14 9 3 6 16 13 4 19 12 12 12 17 12 18 5 11 6 6 19 6 8 1 19 10 8 10 13 2 7 8 5 13 12 10 14 12 18 14 9 15 12 13 21 17 10000 7 10 17 6 19 18 4 18 12 22 16 11 5 18 5 4 14 11 16 16 7 17 15 10 11 10 18 11 12 6 14 7 3 9 
6 4 7 11 12 9 8 9 11 11 8 10 9 8 11 6 7 8 10 10 10 4 8 5 9 8 12 6 7 13 8 6 9 12 6 12 6 5 1 11 15 1 8 8 14 10 8 4 10 6 1 8 5 7 7 8 9 11 12 9 3 12 10 8 14 10 7 10000 4 13 7 12 12 4 12 10 16 10 8 3 13 6 8 8 7 10 9 9 13 10 10 9 9 12 6 11 7 9 9 6 6 
3 8 9 12 10 9 12 7 8 11 6 12 9 6 11 9 10 9 9 11 12 5 7 8 12 9 13 3 10 9 5 5 11 8 3 10 10 2 4 14 16 5 8 11 14 10 11 5 8 9 4 8 7 5 3 7 6 11 12 5 4 14 12 5 11 7 10 4 10000 14 9 10 9 7 9 8 13 6 10 6 13 8 10 8 5 10 6 9 13 7 10 8 8 9 3 10 8 10 10 9 9 
13 14 9 3 24 7 14 12 15 5 12 5 6 19 4 9 15 7 23 4 5 10 8 9 17 20 2 14 19 19 19 10 6 19 16 13 13 14 14 16 2 13 21 17 4 23 11 10 22 17 14 21 17 11 17 21 18 24 6 19 12 3 7 18 16 15 17 13 14 10000 20 12 17 15 16 22 19 16 7 15 4 19 19 7 19 7 14 21 2 19 23 22 21 19 17 24 19 5 22 18 8 
12 8 12 18 8 16 11 15 16 18 14 16 16 7 17 12 8 15 7 17 16 11 15 11 8 1 19 11 3 16 9 13 15 15 10 18 9 10 6 11 22 7 3 6 21 5 12 11 8 5 7 3 3 13 10 5 11 7 19 10 10 19 15 10 19 15 6 7 9 20 10000 18 16 5 16 7 20 14 14 6 20 2 3 15 7 17 14 2 19 12 4 6 5 15 8 6 1 16 2 3 12 
7 16 14 11 18 8 19 4 4 8 5 14 8 14 9 14 18 8 17 9 14 10 7 13 21 18 11 8 19 8 12 7 14 9 10 2 17 9 13 22 13 13 17 19 10 19 16 10 16 18 13 17 16 6 10 16 10 19 7 11 10 14 15 11 4 6 19 12 10 12 18 10000 6 16 5 16 8 6 14 15 9 18 19 8 14 6 5 19 11 11 19 17 17 9 12 19 17 10 19 18 13 
6 15 16 15 14 11 19 5 2 12 6 17 11 10 13 15 18 11 13 13 17 10 9 14 20 16 15 6 17 3 8 9 16 3 7 5 17 8 12 22 17 13 14 19 15 15 17 11 12 17 12 14 15 7 7 13 5 15 12 7 10 18 18 7 5 2 18 12 9 17 16 6 10000 15 2 12 4 3 16 14 14 16 17 11 10 10 4 16 16 6 16 13 13 3 8 15 15 13 16 17 15 
10 3 7 14 12 12 7 13 14 14 12 12 12 9 13 7 4 11 10 13 12 7 11 7 6 5 14 10 4 15 9 9 10 14 9 15 5 8 3 8 17 3 7 4 17 9 7 7 11 3 4 7 3 10 9 8 11 11 15 11 6 14 11 10 18 14 4 4 7 15 5 16 15 10000 15 10 19 13 9 1 16 4 5 11 8 14 13 7 15 12 9 9 9 15 8 10 5 12 7 3 8 
6 15 15 14 15 10 19 4 1 11 5 16 11 10 12 15 18 10 13 12 16 10 9 13 20 16 14 6 17 4 9 8 16 4 7 4 17 7 12 22 16 12 15 19 14 16 17 11 12 17 12 15 15 6 7 13 6 16 11 8 10 17 17 7 4 2 18 12 9 16 16 5 2 15 10000 13 5 3 15 14 13 16 17 10 11 9 3 17 15 7 16 14 14 4 9 16 15 12 17 17 14 
10 12 16 20 3 16 17 13 13 18 13 20 17 3 19 15 14 16 1 18 19 12 15 14 15 7 21 10 10 11 4 13 18 10 7 15 15 9 9 18 24 10 5 13 22 4 17 13 1 11 9 5 8 13 7 3 7 4 20 6 11 21 19 6 16 12 12 10 8 22 7 16 12 10 13 10000 15 10 18 10 21 8 10 16 3 17 12 7 21 7 5 2 3 10 6 4 7 18 7 10 16 
10 19 19 18 17 14 23 8 5 15 9 20 14 13 16 19 22 14 16 16 20 14 13 18 24 20 18 10 21 5 12 12 20 6 11 7 21 12 16 26 20 17 18 23 17 19 21 15 14 21 16 18 18 11 11 16 9 18 14 10 14 21 21 10 5 6 22 16 13 19 20 8 4 19 5 15 10000 7 19 18 16 20 21 14 14 12 7 20 18 9 19 16 17 5 12 18 19 16 20 20 18 
4 13 14 14 12 10 17 4 3 11 5 15 10 8 12 13 16 10 11 12 15 8 8 12 18 14 14 4 15 4 7 7 15 3 5 5 15 5 10 20 17 10 12 16 14 14 15 9 10 15 10 12 12 6 5 11 4 14 11 5 8 16 16 5 6 2 16 10 6 16 14 6 3 13 3 10 7 10000 14 12 13 14 15 10 8 9 2 14 15 5 14 11 11 4 6 13 13 12 14 14 13 
11 7 3 6 19 7 7 12 14 8 11 3 6 15 6 3 9 6 18 6 3 6 7 4 11 14 6 11 13 18 15 8 1 17 13 14 6 10 9 10 9 8 15 11 9 18 4 6 18 11 9 15 12 9 13 16 15 19 9 15 7 5 2 14 16 14 11 8 10 7 14 14 16 9 15 18 19 14 10000 9 8 13 13 6 15 9 13 16 7 16 17 17 17 17 13 19 14 5 16 12 2 
9 3 7 13 11 11 7 12 14 13 11 11 11 8 12 6 5 11 10 12 11 6 10 6 7 6 14 9 5 15 9 8 10 14 8 14 5 7 2 9 17 2 7 5 16 9 7 6 10 4 3 7 3 9 8 8 11 11 15 10 5 13 10 10 17 13 5 3 6 15 6 15 14 1 14 10 18 12 9 10000 15 4 5 11 8 13 12 7 14 12 9 9 9 14 7 10 5 11 7 4 7 
11 14 10 3 23 5 15 10 12 3 9 7 5 18 3 10 16 5 21 3 7 9 6 10 18 20 3 12 19 16 17 8 8 16 14 10 14 12 14 18 4 13 20 18 2 22 12 9 21 18 14 20 17 9 15 20 16 23 3 17 11 6 9 16 12 13 18 13 13 4 20 9 14 16 13 21 16 13 8 15 10000 19 20 5 18 5 11 21 3 17 22 21 20 16 16 23 19 5 21 18 9 
11 6 11 17 9 15 9 14 16 17 13 15 15 8 16 10 7 14 8 16 15 10 14 10 7 2 18 11 2 16 9 12 14 15 9 17 8 9 5 10 21 6 4 5 20 6 10 10 9 3 6 4 2 12 9 6 11 8 18 10 9 17 14 10 19 15 5 6 8 19 2 18 16 4 16 8 20 14 13 4 19 10000 2 14 7 16 14 3 18 12 6 6 6 15 8 7 2 15 4 2 11 
12 7 11 18 10 16 9 16 17 18 15 16 16 9 17 11 7 15 9 17 15 11 15 11 6 3 19 12 1 17 10 13 14 16 11 19 8 11 7 9 21 7 5 4 21 7 11 11 10 3 7 5 3 14 11 7 13 9 19 12 10 18 14 12 21 16 4 8 10 19 3 19 17 5 17 10 21 15 13 5 20 2 10000 15 9 17 15 4 19 14 6 8 7 17 10 8 3 16 4 2 12 
7 10 7 5 18 1 12 7 9 3 6 7 1 14 3 7 13 1 17 3 7 5 2 6 15 16 5 8 15 13 13 4 7 12 10 8 11 8 9 15 8 9 16 14 6 18 9 5 16 14 9 15 13 5 10 15 12 19 4 12 6 7 8 12 11 10 14 8 8 7 15 8 11 11 10 16 14 10 6 11 5 14 15 10000 13 3 8 16 6 13 18 16 16 13 11 18 15 3 17 14 6 
7 10 13 17 5 13 14 10 11 16 10 17 14 1 16 13 12 13 4 15 17 9 12 12 14 7 18 7 9 9 2 10 16 8 4 13 12 6 7 16 21 8 5 11 19 6 14 10 3 10 6 5 7 10 4 3 5 6 17 4 8 19 17 4 14 9 11 7 5 19 7 14 10 8 11 3 14 8 15 8 18 7 9 13 10000 14 9 7 18 6 6 4 4 9 3 6 6 15 7 9 13 
8 13 10 6 19 3 15 6 8 3 5 9 3 14 4 10 15 3 18 4 9 7 3 9 18 17 6 8 17 12 13 5 9 12 11 6 13 8 11 18 8 11 17 17 5 19 12 7 17 16 11 17 15 5 11 16 12 20 3 13 8 9 10 12 9 9 16 10 10 7 17 6 10 14 9 17 12 9 9 13 5 16 17 3 14 10000 7 18 6 13 19 17 17 12 12 19 16 5 18 16 9 
3 13 13 12 14 8 16 2 2 9 3 14 9 9 10 12 16 8 12 10 14 7 6 11 18 14 13 3 15 5 8 6 13 5 5 4 14 5 10 19 15 10 13 16 12 14 14 8 11 15 9 13 13 4 6 12 5 15 10 7 8 15 15 6 6 2 16 9 6 14 14 5 4 13 3 12 7 2 13 12 11 14 15 8 9 7 10000 15 13 6 15 12 12 5 7 14 13 10 15 14 12 
12 9 13 19 7 17 12 16 16 19 15 18 17 7 19 13 10 16 6 18 18 12 16 13 10 2 20 12 4 16 8 13 17 15 10 18 11 11 8 13 23 8 3 8 22 3 13 12 7 6 8 2 4 14 10 4 11 5 20 10 11 20 17 10 20 15 7 9 9 21 2 19 16 7 17 7 20 14 16 7 21 3 4 16 7 18 15 10000 21 12 3 5 4 15 8 5 2 17 1 5 14 
12 13 9 2 23 6 13 11 14 4 11 5 5 18 3 9 15 6 22 3 5 9 7 9 17 19 1 13 19 18 18 9 6 17 15 12 13 13 13 16 3 13 20 17 3 22 10 9 21 17 13 20 17 10 16 20 17 23 5 18 11 4 7 17 15 14 17 13 13 2 19 11 16 15 15 21 18 15 7 14 3 18 19 6 18 6 13 21 10000 18 22 21 21 18 16 23 19 4 21 18 8 
6 14 16 17 9 13 18 8 7 15 8 18 14 5 15 15 16 13 8 15 18 10 11 14 18 12 18 6 14 4 4 10 17 3 4 10 16 7 10 20 20 11 10 16 18 11 17 11 6 14 10 10 11 9 4 8 2 10 15 2 10 19 18 3 10 6 15 10 7 19 12 11 6 12 7 7 9 5 16 12 17 12 14 13 6 13 6 12 18 10000 11 8 8 4 5 10 11 15 12 13 15 
13 11 15 21 5 18 15 16 16 20 15 20 18 6 20 15 12 18 4 19 19 13 16 14 12 4 22 12 6 15 8 14 18 14 10 18 13 11 9 15 25 10 3 10 23 1 15 13 6 8 9 3 6 15 10 4 11 3 21 9 12 22 19 10 20 15 10 10 10 23 4 19 16 9 16 5 19 14 17 9 22 6 6 18 6 19 15 3 22 11 10000 3 3 14 8 3 4 18 3 7 15 
10 11 15 19 3 16 15 14 14 18 13 19 17 4 18 14 13 16 2 18 19 12 15 14 13 5 20 10 8 12 5 13 18 11 7 16 13 9 8 16 23 9 3 11 22 3 15 12 3 9 8 3 7 13 7 2 8 3 20 7 10 21 18 7 17 12 11 9 8 22 6 17 13 9 14 2 16 11 17 9 21 6 8 16 4 17 12 5 21 8 3 10000 1 12 6 3 5 17 5 8 15 
10 11 15 19 3 16 15 14 14 18 13 19 16 4 18 14 12 16 2 18 18 12 15 13 13 5 20 10 8 12 5 13 17 11 7 16 13 9 8 16 23 9 2 11 21 3 15 12 3 9 8 3 6 13 7 1 8 3 19 7 10 21 18 7 17 13 10 9 8 21 5 17 13 9 14 3 17 11 17 9 20 6 7 16 4 17 12 4 21 8 3 1 10000 12 6 3 5 17 5 8 15 
7 16 17 17 12 13 20 7 5 14 8 18 13 9 15 16 19 13 11 15 18 11 11 15 20 15 17 6 17 1 7 10 18 1 6 7 18 8 12 22 20 13 13 18 17 14 18 12 10 17 12 13 14 9 6 11 4 14 14 5 11 19 19 5 7 4 18 12 9 19 15 9 3 15 4 10 5 4 17 14 16 15 17 13 9 12 5 15 18 4 14 12 12 10000 8 13 14 15 15 16 16 
5 9 12 15 8 11 14 8 9 13 8 15 12 3 14 11 12 11 6 13 15 8 10 10 14 8 16 5 10 8 2 8 14 7 2 11 12 4 6 16 19 7 6 11 17 8 13 8 5 10 5 7 7 8 2 5 4 8 14 3 6 17 15 3 12 7 11 6 3 17 8 12 8 8 9 6 12 6 13 7 16 8 10 11 3 12 7 8 16 5 8 6 6 8 10000 8 7 13 9 9 11 
13 13 17 22 3 18 16 16 16 21 15 21 19 6 21 16 14 18 3 20 21 14 17 15 14 6 22 12 9 14 7 15 20 13 10 18 15 11 10 17 25 11 4 12 24 2 17 14 4 10 10 4 8 15 9 4 10 1 22 9 13 23 20 9 19 15 12 11 10 24 6 19 15 10 16 4 18 13 19 10 23 7 8 18 6 19 14 5 23 10 3 3 3 13 8 10000 6 19 5 9 17 
11 7 12 17 8 15 11 14 15 17 13 16 15 7 17 11 8 15 7 16 16 10 14 11 9 1 18 11 3 15 8 12 15 14 9 17 9 9 6 12 21 6 3 6 20 5 12 10 7 5 6 3 3 12 9 4 11 7 18 9 9 18 15 9 18 14 6 7 8 19 1 17 15 5 15 7 19 13 14 5 19 2 3 15 6 16 13 2 19 11 4 5 5 14 7 6 10000 15 3 3 12 
9 10 6 3 19 3 11 9 11 3 8 4 2 15 2 6 12 3 18 2 5 6 4 6 14 16 4 10 15 15 14 6 5 15 12 10 10 9 10 14 7 9 16 14 6 18 8 5 18 14 10 16 13 7 12 16 13 20 5 14 7 5 6 13 13 12 14 9 10 5 16 10 13 12 12 18 16 12 5 11 5 15 16 3 15 5 10 17 4 15 18 17 17 15 13 19 15 10000 17 14 5 
12 9 14 19 7 17 12 16 17 19 15 18 17 7 19 13 10 17 6 18 18 12 16 13 10 2 20 12 4 16 9 14 17 15 10 18 11 11 8 13 23 9 3 8 22 3 14 12 7 6 8 3 5 14 10 4 12 5 21 10 11 20 17 10 20 15 7 9 10 22 2 19 16 7 17 7 20 14 16 7 21 4 4 17 7 18 15 1 21 12 3 5 5 15 9 5 3 17 10000 5 14 
12 5 10 16 10 14 8 15 16 16 14 14 14 9 16 9 5 14 10 15 14 10 14 9 6 4 17 12 2 17 10 12 13 16 10 18 7 10 5 9 20 6 6 4 19 7 9 10 10 2 6 5 3 13 10 7 13 9 18 12 9 16 13 11 20 15 3 6 9 18 3 18 17 3 17 10 20 14 12 4 18 2 2 14 9 16 14 5 18 13 7 8 8 16 9 9 3 14 5 10000 10 
9 6 2 7 17 6 7 11 13 8 10 5 6 13 7 2 7 6 16 6 4 5 7 2 10 13 8 10 11 16 13 6 3 15 11 13 5 9 7 10 10 6 13 10 10 16 4 4 16 9 7 13 10 8 11 14 13 17 10 14 6 7 4 13 16 13 9 6 9 8 12 13 15 8 14 16 18 13 2 7 9 11 12 6 13 9 12 14 8 15 15 15 15 16 11 17 12 5 14 10 10000 
