100
10
1000	500	0	1000	1713.000000	2045.000000
8	1	2	2	9816.000000	7639.000000
7	0	4	6	6571.000000	4304.000000
10	8	1	9	5505.000000	685.000000
6	0	5	6	9226.000000	281.000000
9	8	3	3	8822.000000	2432.000000
9	8	7	7	5514.000000	5278.000000
9	9	4	5	6506.000000	4745.000000
6	1	0	4	594.000000	4501.000000
9	2	5	5	3864.000000	8080.000000
9	6	8	9	6544.000000	2253.000000
10	9	4	7	9374.000000	47.000000
7	2	6	7	4363.000000	8288.000000
8	4	2	4	3571.000000	2440.000000
8	7	5	7	1026.000000	1430.000000
6	1	2	3	1195.000000	2078.000000
6	6	5	5	7654.000000	7838.000000
10	6	9	9	5828.000000	3322.000000
8	6	7	7	2864.000000	8055.000000
10	10	5	5	8788.000000	4850.000000
8	3	5	7	2922.000000	4890.000000
10	10	3	5	1924.000000	1547.000000
10	4	0	5	1015.000000	3744.000000
10	7	7	10	5648.000000	2810.000000
10	4	10	10	7946.000000	9517.000000
8	6	5	8	2905.000000	9170.000000
8	3	6	8	8664.000000	7917.000000
8	8	5	6	3211.000000	7075.000000
10	9	4	9	1414.000000	1885.000000
10	2	6	10	9143.000000	2433.000000
9	3	7	8	7339.000000	8836.000000
7	7	0	0	3227.000000	3408.000000
8	0	8	8	3875.000000	7067.000000
6	0	3	3	2107.000000	2005.000000
8	4	0	3	5342.000000	7702.000000
9	7	7	7	5501.000000	9826.000000
10	4	8	10	3633.000000	2224.000000
6	5	5	5	431.000000	3065.000000
10	4	1	2	8349.000000	5125.000000
10	2	3	10	172.000000	3409.000000
10	0	8	10	8237.000000	1320.000000
10	8	5	10	1578.000000	6499.000000
7	1	1	3	9435.000000	8934.000000
9	2	9	9	8117.000000	3336.000000
8	6	8	8	9632.000000	6023.000000
6	2	1	1	6095.000000	2702.000000
10	5	7	10	7874.000000	549.000000
9	8	8	8	2467.000000	4185.000000
10	8	4	5	3837.000000	8603.000000
7	4	3	5	231.000000	8852.000000
9	2	0	8	8411.000000	982.000000
10	0	5	10	628.000000	1622.000000
9	9	3	4	5994.000000	2742.000000
7	3	1	3	100.000000	1314.000000
6	0	1	6	9958.000000	1985.000000
6	3	3	4	6104.000000	6663.000000
6	6	1	3	9297.000000	8442.000000
8	5	1	1	3542.000000	1748.000000
9	1	1	3	3060.000000	2597.000000
7	7	0	1	2108.000000	1256.000000
9	2	6	6	9933.000000	7199.000000
6	2	1	4	4178.000000	6652.000000
6	0	5	5	4016.000000	9546.000000
8	8	0	2	3301.000000	1798.000000
9	5	0	0	4206.000000	2341.000000
7	0	6	6	8708.000000	6535.000000
9	4	6	7	6066.000000	3038.000000
9	8	5	7	9698.000000	9081.000000
8	7	7	8	8910.000000	3454.000000
7	6	3	4	1912.000000	9837.000000
8	4	8	8	6169.000000	6003.000000
8	3	0	7	7246.000000	5525.000000
9	2	5	6	2161.000000	4906.000000
8	5	8	8	4915.000000	4758.000000
9	9	2	3	1624.000000	9136.000000
8	5	7	8	8226.000000	1622.000000
8	6	6	8	9207.000000	4643.000000
10	4	3	3	2839.000000	2431.000000
7	5	1	6	7803.000000	7265.000000
7	0	3	6	4482.000000	1999.000000
9	5	2	5	3153.000000	3672.000000
6	5	1	4	8499.000000	3117.000000
7	4	5	7	5719.000000	3654.000000
10	9	3	10	8783.000000	3873.000000
8	7	0	5	18.000000	4102.000000
9	3	9	9	3777.000000	8624.000000
7	6	6	7	5197.000000	4558.000000
6	2	6	6	6243.000000	8547.000000
10	1	7	8	2133.000000	5761.000000
10	1	2	10	5976.000000	5642.000000
8	0	1	4	9569.000000	7888.000000
10	1	6	7	8343.000000	9761.000000
7	0	3	5	5844.000000	6903.000000
8	0	7	7	2922.000000	7408.000000
7	5	5	6	856.000000	8730.000000
6	1	2	4	2545.000000	6140.000000
6	0	4	4	3112.000000	66.000000
7	7	1	6	1967.000000	9704.000000
8	2	5	5	4370.000000	7255.000000
10	7	10	10	34.000000	6038.000000
10	0	8	8	1228.000000	3744.000000
10000 20 11 9 16 15 10 12 6 13 10 16 14 4 2 2 17 9 13 16 7 2 4 9 20 15 19 11 1 15 18 5 11 1 14 18 4 4 15 5 14 9 21 14 18 9 13 5 14 14 14 3 9 4 17 13 20 4 3 2 20 11 16 4 6 17 9 22 15 16 12 14 6 9 15 14 16 3 17 6 5 14 9 15 6 14 9 16 8 12 20 21 13 11 14 9 5 16 12 9 4 
20 10000 10 17 15 11 10 9 20 12 13 16 11 17 22 21 5 12 14 6 15 20 20 13 6 15 3 14 21 11 6 16 12 20 9 10 17 21 6 22 14 17 3 10 4 13 15 17 13 20 14 22 13 24 12 8 2 18 17 21 1 12 13 18 16 4 12 3 9 17 8 7 17 12 17 13 7 18 5 16 16 10 12 8 21 13 12 8 16 9 1 6 9 14 19 15 21 17 11 20 19 
11 10 10000 8 10 6 3 1 12 10 5 11 10 8 13 12 8 3 11 5 8 11 12 4 11 13 9 9 12 7 10 7 8 11 8 12 8 13 4 13 7 11 11 4 8 4 8 9 11 16 8 14 4 15 9 5 10 8 8 11 9 7 12 9 7 7 3 12 5 15 4 3 9 4 14 7 6 9 7 7 7 5 3 5 14 11 3 9 10 3 10 12 6 10 15 9 11 15 8 14 11 
9 17 8 10000 8 8 10 9 13 16 4 8 16 6 10 10 15 6 16 11 10 8 11 5 19 18 16 14 9 9 17 8 14 8 15 19 5 12 11 12 6 15 19 8 14 5 5 10 17 20 6 10 5 11 10 13 18 5 7 7 16 13 18 5 5 14 5 19 9 20 11 11 11 9 19 6 11 7 14 4 8 8 6 10 13 17 8 16 13 10 17 20 13 15 19 13 5 20 14 16 11 
16 15 10 8 10000 5 13 11 20 19 7 1 19 13 17 17 16 10 21 10 16 15 18 9 19 22 16 19 16 5 18 14 18 15 17 21 12 19 10 20 3 20 18 7 12 8 3 16 20 25 3 18 9 19 4 15 17 12 14 15 14 17 22 13 11 13 9 18 7 25 13 12 17 13 24 4 9 14 15 11 14 6 10 8 20 20 12 18 18 13 16 20 15 20 24 18 13 24 17 22 18 
15 11 6 8 5 10000 9 7 17 16 5 5 15 11 16 16 12 7 17 5 13 14 16 7 15 18 11 15 15 1 14 12 14 14 13 17 11 17 6 18 3 17 14 3 8 6 5 14 16 22 4 17 6 18 3 11 13 11 12 14 10 13 18 12 10 9 6 14 3 21 9 7 15 10 20 3 5 12 10 9 12 2 7 3 18 16 9 14 15 9 12 15 11 16 21 15 13 20 14 19 16 
10 10 3 10 13 9 10000 3 10 7 7 14 7 7 12 11 7 4 8 7 6 11 10 5 10 10 9 6 11 10 8 6 5 10 5 10 8 12 6 12 10 9 11 7 9 6 11 7 8 13 11 13 6 14 12 4 10 9 8 11 10 4 10 9 7 7 5 12 8 12 2 4 7 2 11 10 8 8 7 7 6 8 4 8 12 8 2 7 7 2 10 11 4 7 12 7 12 12 5 12 10 
12 9 1 9 11 7 3 10000 12 9 5 12 9 8 13 12 7 4 10 5 8 12 12 5 10 12 8 9 12 8 9 8 8 11 7 11 8 13 4 13 8 11 11 5 7 5 9 9 10 15 9 14 5 15 9 4 10 9 9 12 9 7 11 9 7 6 4 11 6 14 3 3 9 4 14 8 6 9 6 7 8 6 3 5 14 10 3 8 9 3 9 11 5 9 14 9 12 14 7 14 11 
6 20 12 13 20 17 10 12 10000 10 13 20 11 8 7 5 16 11 9 17 5 7 2 11 18 11 18 8 6 18 17 6 9 6 12 15 8 3 16 3 17 5 20 16 19 12 17 4 11 9 18 6 12 7 20 12 20 9 7 8 20 9 13 8 9 17 12 21 17 11 12 14 4 9 10 17 18 7 16 10 6 17 11 17 2 11 10 14 4 12 20 19 12 8 9 6 11 11 10 4 2 
13 12 10 16 19 16 7 9 10 10000 13 20 2 12 15 14 8 11 3 12 7 14 11 12 9 3 10 3 14 16 8 10 3 13 4 5 12 13 11 12 17 6 12 13 13 12 18 9 2 8 17 15 12 16 18 6 11 13 12 15 13 3 3 13 12 11 12 12 14 6 7 9 8 7 5 16 13 12 9 13 9 14 10 13 12 2 8 5 6 7 12 10 5 3 7 5 17 5 2 9 11 
10 13 5 4 7 5 7 5 13 13 10000 8 13 6 12 11 12 3 14 7 9 10 12 3 15 16 13 12 11 6 14 8 12 9 12 16 6 13 7 13 4 14 15 4 10 2 5 10 14 19 5 12 2 14 7 9 14 7 8 10 12 10 16 7 5 10 2 16 6 18 8 7 11 6 17 4 8 8 11 5 8 5 4 6 14 14 6 13 12 7 13 16 10 13 18 12 9 18 11 16 12 
16 16 11 8 1 5 14 12 20 20 8 10000 20 13 17 17 16 10 21 10 17 16 19 10 20 23 16 19 17 5 19 15 18 16 18 22 13 19 11 20 4 21 18 8 12 9 4 17 21 26 3 18 9 19 5 15 17 13 14 15 15 17 22 13 12 14 9 19 7 25 14 12 18 13 24 4 10 14 15 11 15 7 11 8 21 21 13 19 19 14 16 20 16 20 25 19 13 25 18 23 18 
14 11 10 16 19 15 7 9 11 2 13 20 10000 12 16 14 7 11 4 12 8 15 12 12 8 4 9 4 15 16 7 11 3 14 3 4 13 14 11 13 16 7 11 13 12 12 17 10 2 9 17 16 12 17 17 5 10 14 12 15 12 4 3 14 12 10 12 11 14 6 6 8 9 8 6 16 13 13 8 13 10 14 10 13 13 2 8 4 7 7 11 9 5 4 8 6 17 6 3 10 12 
4 17 8 6 13 11 7 8 8 12 6 13 12 10000 6 5 14 5 12 12 6 4 6 5 17 14 15 10 5 12 15 3 10 4 12 16 1 7 11 8 10 10 18 10 15 6 10 5 13 15 11 7 5 8 13 10 17 2 2 4 16 9 15 2 2 14 6 19 11 16 9 10 6 6 14 10 13 2 13 3 3 10 5 11 8 13 6 14 8 9 17 18 11 11 14 8 5 15 10 11 6 
2 22 13 10 17 16 12 13 7 15 12 17 16 6 10000 2 19 11 14 17 8 2 5 10 22 16 21 13 2 17 20 6 13 3 16 20 6 4 17 5 15 11 23 15 20 11 14 7 16 15 15 1 11 2 18 15 22 6 5 3 22 13 18 5 7 19 11 24 17 17 14 15 8 11 16 15 18 5 18 8 7 16 11 17 6 16 11 18 9 13 22 23 15 13 15 10 5 17 14 10 5 
2 21 12 10 17 16 11 12 5 14 11 17 14 5 2 10000 18 10 13 17 7 2 4 10 21 15 19 11 1 16 19 5 12 2 14 18 5 3 16 4 15 9 22 15 19 10 14 5 15 14 15 2 10 3 18 14 21 5 4 3 21 11 16 5 7 18 10 23 16 16 13 14 6 10 15 15 17 4 17 7 6 15 10 16 5 15 10 17 8 12 21 21 14 12 14 9 6 16 13 9 4 
17 5 8 15 16 12 7 7 16 8 12 16 7 14 19 18 10000 10 10 7 12 18 16 11 4 10 3 10 18 12 3 13 8 17 5 6 14 18 6 18 14 13 5 10 6 11 15 13 8 15 14 19 11 20 13 4 4 15 14 18 5 8 9 15 13 4 11 5 10 13 5 5 13 9 13 13 8 15 2 14 13 10 10 9 18 8 9 4 12 6 4 5 5 10 14 11 19 12 7 16 16 
9 12 3 6 10 7 4 4 11 11 3 10 11 5 11 10 10 10000 12 7 7 9 10 2 14 14 11 10 10 7 12 6 9 8 9 14 5 11 7 12 7 11 14 5 10 2 7 7 12 16 7 11 2 13 9 7 13 6 6 9 12 8 13 6 4 9 1 14 7 16 6 6 8 4 15 6 8 7 9 4 6 6 1 7 12 12 3 11 9 5 12 14 8 11 15 9 9 15 9 13 10 
13 14 11 16 21 17 8 10 9 3 14 21 4 12 14 13 10 12 10000 14 7 14 10 12 11 3 12 3 13 17 10 10 3 13 6 7 12 12 13 11 18 5 14 15 15 13 19 8 3 6 18 14 13 15 19 8 13 13 11 14 15 4 4 13 12 13 12 14 16 5 8 11 7 8 4 17 15 12 11 13 9 15 11 15 10 3 9 7 5 8 14 12 7 2 5 4 16 4 4 7 10 
16 6 5 11 10 5 7 5 17 12 7 10 12 12 17 17 7 7 14 10000 12 16 16 8 10 15 7 13 16 5 9 12 11 15 9 12 12 18 2 18 8 15 9 4 3 7 9 13 13 19 8 18 8 19 7 7 8 13 13 16 6 10 14 13 11 4 7 9 3 17 6 4 14 8 17 7 1 13 6 11 12 4 7 2 18 13 8 9 14 6 7 10 8 13 18 13 15 17 11 18 16 
7 15 8 10 16 13 6 8 5 7 9 17 8 6 8 7 12 7 7 12 10000 7 5 7 14 9 13 5 7 14 12 4 5 6 8 12 6 7 11 7 13 5 16 11 14 8 14 2 8 10 14 8 8 10 16 8 15 7 5 8 15 5 10 7 6 13 8 16 13 11 7 9 2 4 9 13 13 5 11 7 3 12 7 12 7 8 5 10 3 7 15 15 8 6 9 3 10 10 6 7 5 
2 20 11 8 15 14 11 12 7 14 10 16 15 4 2 2 18 9 14 16 7 10000 5 8 20 16 19 12 2 15 19 5 12 1 15 19 4 5 15 6 13 10 22 13 18 9 13 6 15 15 14 3 9 4 17 14 21 4 4 1 20 12 17 3 5 17 9 22 15 17 13 14 7 9 16 13 16 3 17 6 5 14 9 15 7 15 9 17 9 12 20 21 14 12 15 10 4 17 13 10 5 
4 20 12 11 18 16 10 12 2 11 12 19 12 6 5 4 16 10 10 16 5 5 10000 10 19 12 18 8 4 17 17 5 9 5 12 16 7 2 15 2 16 6 20 15 18 11 16 4 12 11 16 5 11 6 19 12 20 7 5 6 20 9 14 7 7 17 11 21 16 13 12 13 4 9 11 16 17 5 16 8 5 16 10 16 3 12 9 15 5 11 20 19 12 9 10 6 9 13 10 5 1 
9 13 4 5 9 7 5 5 11 12 3 10 12 5 10 10 11 2 12 8 7 8 10 10000 15 14 12 10 9 8 13 5 10 8 10 15 5 11 8 12 6 11 15 6 11 1 7 7 13 17 7 11 1 12 9 8 14 5 6 8 13 9 14 6 4 10 1 15 7 16 7 7 9 5 15 6 9 6 10 3 6 6 2 7 12 13 4 12 10 6 13 15 9 11 16 10 8 16 10 13 10 
20 6 11 19 19 15 10 10 18 9 15 20 8 17 22 21 4 14 11 10 14 20 19 15 10000 11 4 11 21 15 2 16 10 20 7 5 17 20 9 20 17 15 4 13 8 15 18 16 9 16 18 22 15 23 16 7 4 18 17 21 7 10 8 19 17 7 14 4 13 13 8 9 15 12 13 16 11 18 5 17 16 13 13 12 20 9 12 4 14 9 5 1 7 11 15 13 22 12 9 18 18 
15 15 13 18 22 18 10 12 11 3 16 23 4 14 16 15 10 14 3 15 9 16 12 14 11 10000 12 5 15 19 9 12 5 15 6 6 14 14 14 13 19 6 14 16 15 15 20 11 3 6 20 16 15 17 21 9 13 15 14 16 15 6 3 15 14 13 14 14 17 3 10 12 9 10 3 19 16 14 11 15 12 17 13 16 12 3 11 7 7 10 14 11 8 4 5 7 19 3 5 9 12 
19 3 9 16 16 11 9 8 18 10 13 16 9 15 21 19 3 11 12 7 13 19 18 12 4 12 10000 12 19 12 4 15 10 18 7 8 16 20 6 20 14 15 3 10 5 12 15 15 10 17 14 21 12 22 13 6 2 17 16 19 3 10 10 17 15 3 12 4 9 15 7 6 15 10 15 13 7 17 3 15 14 10 11 9 19 10 10 6 14 8 2 4 6 12 16 13 20 14 9 18 18 
11 14 9 14 19 15 6 9 8 3 12 19 4 10 13 11 10 10 3 13 5 12 8 10 11 5 12 10000 11 16 9 8 2 11 5 8 10 10 11 10 16 4 13 13 14 11 17 6 4 7 17 13 11 14 17 6 13 11 9 12 14 3 6 11 10 12 10 14 14 7 7 9 5 6 6 15 13 10 10 11 7 14 9 13 9 4 7 7 4 7 13 12 6 1 6 3 15 6 3 7 8 
1 21 12 9 16 15 11 12 6 14 11 17 15 5 2 1 18 10 13 16 7 2 4 9 21 15 19 11 10000 16 19 5 12 2 15 18 5 4 16 4 14 10 22 14 19 10 14 6 15 15 15 2 10 3 18 14 21 5 4 2 21 12 17 4 6 18 10 22 16 16 13 14 7 10 15 14 17 4 17 7 5 15 10 16 6 15 10 17 8 12 21 21 14 12 14 9 5 16 13 9 4 
15 11 7 9 5 1 10 8 18 16 6 5 16 12 17 16 12 7 17 5 14 15 17 8 15 19 12 16 16 10000 14 12 15 15 13 17 12 18 6 19 3 18 14 3 8 7 5 14 17 22 4 18 7 19 2 11 13 12 13 15 10 14 18 12 10 9 7 14 3 21 10 8 15 10 21 3 5 13 11 10 13 2 8 3 19 17 9 14 16 10 11 15 12 16 21 16 13 21 14 20 17 
18 6 10 17 18 14 8 9 17 8 14 19 7 15 20 19 3 12 10 9 12 19 17 13 2 9 4 9 19 14 10000 14 8 18 5 5 16 19 8 18 16 13 5 12 8 13 17 14 8 15 16 20 13 21 15 5 4 17 16 19 7 8 7 17 15 6 12 5 12 12 7 7 14 10 12 15 10 16 4 15 14 12 11 11 18 8 10 3 13 7 5 3 5 10 13 12 20 11 7 16 16 
5 16 7 8 14 12 6 8 6 10 8 15 11 3 6 5 13 6 10 12 4 5 5 5 16 12 15 8 5 12 14 10000 8 4 10 14 3 6 11 7 11 8 17 10 14 6 11 3 11 13 12 7 6 8 14 9 16 4 2 5 16 7 13 4 3 13 6 18 12 14 8 10 4 5 12 11 13 3 12 4 1 11 6 12 7 11 5 12 6 8 16 17 9 9 12 6 7 13 9 9 5 
11 12 8 14 18 14 5 8 9 3 12 18 3 10 13 12 8 9 3 11 5 12 9 10 10 5 10 2 12 15 8 8 10000 11 4 7 10 11 10 11 15 5 12 12 12 10 16 7 4 9 16 13 10 14 16 5 12 11 10 13 13 2 5 11 10 10 10 13 13 7 6 8 6 6 7 14 12 10 8 11 7 13 8 12 10 4 6 6 5 6 12 11 4 3 7 4 15 7 2 8 9 
1 20 11 8 15 14 10 11 6 13 9 16 14 4 3 2 17 8 13 15 6 1 5 8 20 15 18 11 2 15 18 4 11 10000 14 18 4 4 14 5 13 10 21 13 18 9 12 5 14 15 13 4 8 5 16 13 20 3 3 2 19 11 16 3 5 17 9 21 14 16 12 13 6 8 15 13 16 2 16 5 4 13 8 14 6 14 9 16 8 11 20 20 13 11 14 9 5 16 12 10 4 
14 9 8 15 17 13 5 7 12 4 12 18 3 12 16 14 5 9 6 9 8 15 12 10 7 6 7 5 15 13 5 10 4 14 10000 5 12 14 8 14 15 8 9 11 10 11 16 10 4 11 15 16 11 17 15 3 9 13 12 15 10 4 5 13 11 8 10 10 12 9 4 6 9 6 8 14 10 12 5 12 10 12 9 11 13 4 7 3 8 5 9 8 2 5 10 7 16 8 3 12 12 
18 10 12 19 21 17 10 11 15 5 16 22 4 16 20 18 6 14 7 12 12 19 16 15 5 6 8 8 18 17 5 14 7 18 5 10000 16 17 11 17 18 11 9 14 12 15 20 13 5 11 19 20 15 21 19 7 9 17 16 19 11 7 4 17 16 10 14 9 15 8 8 10 12 11 8 18 13 16 7 16 14 15 13 14 16 5 11 3 11 9 10 6 6 8 10 10 21 8 6 14 15 
4 17 8 5 12 11 8 8 8 12 6 13 13 1 6 5 14 5 12 12 6 4 7 5 17 14 16 10 5 12 16 3 10 4 12 16 10000 7 12 8 10 10 18 10 15 6 10 5 13 15 10 7 5 8 13 11 17 1 2 4 17 9 15 2 2 14 6 19 11 16 10 10 7 6 15 10 13 2 14 2 4 10 6 11 9 13 6 14 8 9 17 18 11 11 15 9 5 16 11 11 6 
4 21 13 12 19 17 12 13 3 13 13 19 14 7 4 3 18 11 12 18 7 5 2 11 20 14 20 10 4 18 19 6 11 4 14 17 7 10000 17 1 16 8 22 16 20 12 16 5 14 12 17 3 12 4 20 14 21 7 6 5 21 11 15 7 8 18 12 23 17 14 13 15 6 10 13 16 18 5 17 9 6 17 11 17 3 13 10 16 7 13 21 21 14 11 12 8 9 14 12 6 3 
15 6 4 11 10 6 6 4 16 11 7 11 11 11 17 16 6 7 13 2 11 15 15 8 9 14 6 11 16 6 8 11 10 14 8 11 12 17 10000 17 8 14 8 4 4 7 10 12 12 18 9 17 7 19 8 6 7 12 12 15 6 9 13 13 10 3 7 9 4 16 5 3 13 7 16 8 2 13 5 10 11 5 7 3 17 12 7 9 13 5 7 10 7 12 17 12 15 16 10 17 15 
5 22 13 12 20 18 12 13 3 12 13 20 13 8 5 4 18 12 11 18 7 6 2 12 20 13 20 10 4 19 18 7 11 5 14 17 8 1 17 10000 17 7 22 16 20 12 17 5 13 11 18 4 12 5 20 14 21 8 6 6 21 11 15 8 9 19 12 23 18 14 14 15 5 10 12 17 19 6 18 10 6 17 12 18 2 13 11 16 7 13 21 21 14 10 11 8 9 14 12 6 3 
14 14 7 6 3 3 10 8 17 17 4 4 16 10 15 15 14 7 18 8 13 13 16 6 17 19 14 16 14 3 16 11 15 13 15 18 10 16 8 17 10000 17 16 5 10 6 2 13 18 22 1 16 6 17 4 12 15 10 11 13 13 14 19 10 9 11 6 16 5 22 11 9 15 10 21 1 7 12 12 8 12 4 7 6 18 18 9 15 16 10 14 17 13 17 21 15 11 21 15 19 15 
9 17 11 15 20 17 9 11 5 6 14 21 7 10 11 9 13 11 5 15 5 10 6 11 15 6 15 4 10 18 13 8 5 10 8 11 10 8 14 7 17 10000 17 15 17 12 18 5 7 6 18 10 12 11 20 10 16 11 9 11 17 6 8 11 10 15 12 18 16 7 10 12 4 8 6 17 16 9 13 11 7 16 11 16 6 7 9 11 2 9 17 16 9 4 5 3 14 7 6 4 6 
21 3 11 19 18 14 11 11 20 12 15 18 11 18 23 22 5 14 14 9 16 22 20 15 4 14 3 13 22 14 5 17 12 21 9 9 18 22 8 22 16 17 10000 12 6 15 18 17 12 19 17 23 15 25 14 9 2 19 18 22 4 12 11 19 17 6 14 1 12 16 9 9 17 13 16 15 9 19 5 18 17 12 13 11 22 12 13 7 16 10 3 3 9 14 18 15 22 16 11 20 20 
14 10 4 8 7 3 7 5 16 13 4 8 13 10 15 15 10 5 15 4 11 13 15 6 13 16 10 13 14 3 12 10 12 13 11 14 10 16 4 16 5 15 12 10000 7 5 6 12 14 20 5 16 5 17 5 8 11 10 11 13 9 11 15 11 9 7 5 12 2 18 7 5 13 8 18 4 4 11 8 8 10 1 5 2 17 14 7 12 13 7 10 13 9 14 19 13 12 18 11 18 14 
18 4 8 14 12 8 9 7 19 13 10 12 12 15 20 19 6 10 15 3 14 18 18 11 8 15 5 14 19 8 8 14 12 18 10 12 15 20 4 20 10 17 6 7 10000 10 12 15 13 20 11 21 10 22 9 8 5 15 15 18 3 11 14 16 14 3 10 7 6 18 7 5 16 10 18 10 3 16 5 14 14 7 10 5 20 13 10 9 16 8 4 8 8 14 19 15 18 18 11 20 18 
9 13 4 5 8 6 6 5 12 12 2 9 12 6 11 10 11 2 13 7 8 9 11 1 15 15 12 11 10 7 13 6 10 9 11 15 6 12 7 12 6 12 15 5 10 10000 6 8 13 17 6 12 1 13 8 8 14 6 7 9 12 9 15 6 4 10 1 15 6 17 7 7 10 5 16 5 8 7 10 4 7 5 3 6 13 13 5 12 11 6 13 15 9 12 16 10 8 17 10 14 10 
13 15 8 5 3 5 11 9 17 18 5 4 17 10 14 14 15 7 19 9 14 13 16 7 18 20 15 17 14 5 17 11 16 12 16 20 10 16 10 17 2 18 18 6 12 6 10000 14 19 23 2 15 6 16 6 13 17 9 11 12 14 15 20 10 9 13 7 18 7 23 12 11 15 11 22 3 9 11 14 8 12 6 8 7 18 19 10 17 16 11 16 19 14 17 22 16 10 22 16 20 15 
5 17 9 10 16 14 7 9 4 9 10 17 10 5 7 5 13 7 8 13 2 6 4 7 16 11 15 6 6 14 14 3 7 5 10 13 5 5 12 5 13 5 17 12 15 8 14 10000 10 11 14 7 8 8 16 9 17 6 4 6 17 7 12 6 6 14 8 18 13 12 9 10 2 6 11 13 14 4 13 6 2 13 7 13 5 10 6 12 4 8 17 17 9 7 10 4 9 12 8 7 3 
14 13 11 17 20 16 8 10 11 2 14 21 2 13 16 15 8 12 3 13 8 15 12 13 9 3 10 4 15 17 8 11 4 14 4 5 13 14 12 13 18 7 12 14 13 13 19 10 10000 8 18 16 13 17 19 6 11 14 13 16 13 4 2 14 13 11 12 12 15 5 7 10 9 8 5 17 14 13 9 14 10 15 11 14 12 1 9 5 7 8 12 10 6 4 6 6 18 5 3 10 12 
14 20 16 20 25 22 13 15 9 8 19 26 9 15 15 14 15 16 6 19 10 15 11 17 16 6 17 7 15 22 15 13 9 15 11 11 15 12 18 11 22 6 19 20 20 17 23 11 8 10000 23 15 17 16 24 13 19 16 14 16 20 10 8 16 16 18 17 19 21 4 14 16 9 13 3 22 20 14 16 17 12 21 16 20 10 8 14 13 8 14 19 17 12 7 2 8 19 4 9 6 11 
14 14 8 6 3 4 11 9 18 17 5 3 17 11 15 15 14 7 18 8 14 14 16 7 18 20 14 17 15 4 16 12 16 13 15 19 10 17 9 18 1 18 17 5 11 6 2 14 18 23 10000 16 6 17 4 13 16 10 12 13 13 15 20 11 9 12 7 17 6 22 11 10 15 11 22 2 8 12 13 9 12 5 8 6 18 18 10 16 16 11 15 18 13 17 22 16 11 22 15 20 16 
3 22 14 10 18 17 13 14 6 15 12 18 16 7 1 2 19 11 14 18 8 3 5 11 22 16 21 13 2 18 20 7 13 4 16 20 7 3 17 4 16 10 23 16 21 12 15 7 16 15 16 10000 11 2 19 15 23 6 6 4 22 13 18 6 8 19 12 24 17 17 15 16 8 11 16 16 19 5 19 8 7 17 11 17 6 16 11 18 9 14 22 23 15 13 15 10 6 17 14 9 5 
9 13 4 5 9 6 6 5 12 12 2 9 12 5 11 10 11 2 13 8 8 9 11 1 15 15 12 11 10 7 13 6 10 8 11 15 5 12 7 12 6 12 15 5 10 1 6 8 13 17 6 11 10000 13 9 8 14 6 6 9 12 9 15 6 4 10 1 15 7 17 7 7 9 5 16 5 8 7 10 4 6 6 2 7 13 13 4 12 10 6 13 15 9 12 16 10 8 17 10 14 10 
4 24 15 11 19 18 14 15 7 16 14 19 17 8 2 3 20 13 15 19 10 4 6 12 23 17 22 14 3 19 21 8 14 5 17 21 8 4 19 5 17 11 25 17 22 13 16 8 17 16 17 2 13 10000 20 17 24 7 7 5 23 14 19 7 9 21 13 25 19 18 16 17 9 12 16 17 20 6 20 9 8 18 13 19 6 17 13 19 10 15 24 24 17 14 15 11 7 18 15 10 6 
17 12 9 10 4 3 12 9 20 18 7 5 17 13 18 18 13 9 19 7 16 17 19 9 16 21 13 17 18 2 15 14 16 16 15 19 13 20 8 20 4 20 14 5 9 8 6 16 19 24 4 19 9 20 10000 13 13 13 14 16 11 15 20 14 12 10 9 15 4 23 12 9 17 12 22 4 6 15 12 11 15 4 10 5 21 19 11 16 18 11 12 16 13 18 23 17 15 23 16 22 18 
13 8 5 13 15 11 4 4 12 6 9 15 5 10 15 14 4 7 8 7 8 14 12 8 7 9 6 6 14 11 5 9 5 13 3 7 11 14 6 14 12 10 9 8 8 8 13 9 6 13 13 15 8 17 13 10000 8 12 11 14 8 4 8 12 10 6 8 9 9 11 2 4 9 5 11 11 8 11 4 10 9 9 7 8 14 7 5 4 9 3 8 8 1 7 12 8 15 11 4 13 12 
20 2 10 18 17 13 10 10 20 11 14 17 10 17 22 21 4 13 13 8 15 21 20 14 4 13 2 13 21 13 4 16 12 20 9 9 17 21 7 21 15 16 2 11 5 14 17 17 11 19 16 23 14 24 13 8 10000 18 18 21 3 11 11 18 16 4 13 2 11 16 8 8 16 12 16 14 8 18 4 17 16 11 12 10 21 12 12 7 16 9 2 4 8 13 17 15 21 15 11 20 19 
4 18 8 5 12 11 9 9 9 13 7 13 14 2 6 5 15 6 13 13 7 4 7 5 18 15 17 11 5 12 17 4 11 3 13 17 1 7 12 8 10 11 19 10 15 6 9 6 14 16 10 6 6 7 13 12 18 10000 2 4 17 10 16 1 2 15 6 20 12 17 11 11 7 7 16 10 13 2 14 2 4 11 6 12 9 14 7 15 9 10 18 19 12 12 15 10 4 17 12 12 7 
3 17 8 7 14 12 8 9 7 12 8 14 12 2 5 4 14 6 11 13 5 4 5 6 17 14 16 9 4 13 16 2 10 3 12 16 2 6 12 6 11 9 18 11 15 7 11 4 13 14 12 6 6 7 14 11 18 2 10000 4 17 9 15 2 3 14 7 19 12 15 10 11 5 6 14 11 13 1 14 4 3 11 6 12 7 13 6 14 7 9 17 18 11 10 14 8 6 15 10 10 5 
2 21 11 7 15 14 11 12 8 15 10 15 15 4 3 3 18 9 14 16 8 1 6 8 21 16 19 12 2 15 19 5 13 2 15 19 4 5 15 6 13 11 22 13 18 9 12 6 16 16 13 4 9 5 16 14 21 4 4 10000 20 12 18 3 5 17 9 22 15 18 13 14 8 9 16 13 16 3 17 5 6 14 9 15 8 16 10 17 10 12 20 22 14 13 16 10 4 17 13 11 6 
20 1 9 16 14 10 10 9 20 13 12 15 12 16 22 21 5 12 15 6 15 20 20 13 7 15 3 14 21 10 7 16 13 19 10 11 17 21 6 21 13 17 4 9 3 12 14 17 13 20 13 22 12 23 11 8 3 17 17 20 10000 12 13 18 16 3 12 4 8 17 8 7 17 12 18 12 6 18 5 16 16 9 12 8 21 13 11 8 16 9 2 7 9 15 19 15 20 17 12 20 19 
11 12 7 13 17 13 4 7 9 3 10 17 4 9 13 11 8 8 4 10 5 12 9 9 10 6 10 3 12 14 8 7 2 11 4 7 9 11 9 11 14 6 12 11 11 9 15 7 4 10 15 13 9 14 15 4 11 10 9 12 12 10000 6 10 9 10 9 13 12 8 5 7 6 5 8 13 11 9 8 10 7 12 7 11 10 5 5 6 5 5 12 11 4 3 8 4 14 8 2 9 9 
16 13 12 18 22 18 10 11 13 3 16 22 3 15 18 16 9 13 4 14 10 17 14 14 8 3 10 6 17 18 7 13 5 16 5 4 15 15 13 15 19 8 11 15 14 15 20 12 2 8 20 18 15 19 20 8 11 16 15 18 13 6 10000 16 15 12 14 12 16 5 9 11 10 10 5 18 15 15 9 16 12 16 13 15 14 2 11 5 9 9 12 9 7 5 7 8 20 5 5 11 13 
4 18 9 5 13 12 9 9 8 13 7 13 14 2 5 5 15 6 13 13 7 3 7 6 19 15 17 11 4 12 17 4 11 3 13 17 2 7 13 8 10 11 19 11 16 6 10 6 14 16 11 6 6 7 14 12 18 1 2 3 18 10 16 10000 3 15 7 20 12 17 11 11 7 7 16 10 14 2 15 3 4 11 7 12 9 14 7 15 9 10 18 19 12 12 15 9 4 17 12 11 6 
6 16 7 5 11 10 7 7 9 12 5 12 12 2 7 7 13 4 12 11 6 5 7 4 17 14 15 10 6 10 15 3 10 5 11 16 2 8 10 9 9 10 17 9 14 4 9 6 13 16 9 8 4 9 12 10 16 2 3 5 16 9 15 3 10000 13 4 18 10 16 9 9 7 6 15 9 12 3 13 1 4 9 5 10 10 13 5 14 8 8 16 17 10 11 15 9 6 16 10 12 7 
17 4 7 14 13 9 7 6 17 11 10 14 10 14 19 18 4 9 13 4 13 17 17 10 7 13 3 12 18 9 6 13 10 17 8 10 14 18 3 19 11 15 6 7 3 10 13 14 11 18 12 19 10 21 10 6 4 15 14 17 3 10 12 15 13 10000 9 6 7 16 6 4 14 9 16 10 4 15 3 13 13 7 9 6 19 11 9 7 14 6 4 7 6 12 17 13 18 15 9 18 16 
9 12 3 5 9 6 5 4 12 12 2 9 12 6 11 10 11 1 12 7 8 9 11 1 14 14 12 10 10 7 12 6 10 9 10 14 6 12 7 12 6 12 14 5 10 1 7 8 12 17 7 12 1 13 9 8 13 6 7 9 12 9 14 7 4 9 10000 15 6 16 6 6 9 5 16 6 8 7 10 4 6 5 2 6 13 13 4 12 10 6 12 15 8 11 16 10 9 16 10 14 10 
22 3 12 19 18 14 12 11 21 12 16 19 11 19 24 23 5 14 14 9 16 22 21 15 4 14 4 14 22 14 5 18 13 21 10 9 19 23 9 23 16 18 1 12 7 15 18 18 12 19 17 24 15 25 15 9 2 20 19 22 4 13 12 20 18 6 15 10000 12 16 10 9 18 13 17 16 9 20 6 18 17 13 14 11 22 12 13 7 17 11 3 4 9 14 18 16 23 16 12 21 21 
15 9 5 9 7 3 8 6 17 14 6 7 14 11 17 16 10 7 16 3 13 15 16 7 13 17 9 14 16 3 12 12 13 14 12 15 11 17 4 18 5 16 12 2 6 6 7 13 15 21 6 17 7 19 4 9 11 12 12 15 8 12 16 12 10 7 6 12 10000 19 8 6 14 9 19 4 3 13 8 10 12 2 7 1 18 15 8 12 15 8 9 13 10 15 20 14 14 19 12 19 16 
16 17 15 20 25 21 12 14 11 6 18 25 6 16 17 16 13 16 5 17 11 17 13 16 13 3 15 7 16 21 12 14 7 16 9 8 16 14 16 14 22 7 16 18 18 17 23 12 5 4 22 17 17 18 23 11 16 17 15 18 17 8 5 17 16 16 16 16 19 10000 12 14 10 12 2 21 18 15 13 17 13 19 15 19 13 5 13 10 9 12 16 13 10 6 4 8 20 1 8 9 13 
12 8 4 11 13 9 2 3 12 7 8 14 6 9 14 13 5 6 8 6 7 13 12 7 8 10 7 7 13 10 7 8 6 12 4 8 10 13 5 14 11 10 9 7 7 7 12 9 7 14 11 15 7 16 12 2 8 11 10 13 8 5 9 11 9 6 6 10 8 12 10000 3 9 4 12 10 7 10 5 9 8 8 5 7 13 8 4 6 9 1 8 9 2 8 12 8 14 12 5 13 11 
14 7 3 11 12 7 4 3 14 9 7 12 8 10 15 14 5 6 11 4 9 14 13 7 9 12 6 9 14 8 7 10 8 13 6 10 10 15 3 15 9 12 9 5 5 7 11 10 10 16 10 16 7 17 9 4 8 11 11 14 7 7 11 11 9 4 6 9 6 14 3 10000 11 5 14 9 5 11 4 9 9 6 5 5 15 10 5 7 11 3 7 9 4 10 15 10 14 14 7 15 13 
6 17 9 11 17 15 7 9 4 8 11 18 9 6 8 6 13 8 7 14 2 7 4 9 15 9 15 5 7 15 14 4 6 6 9 12 7 6 13 5 15 4 17 13 16 10 15 2 9 9 15 8 9 9 17 9 16 7 5 8 17 6 10 7 7 14 9 18 14 10 9 11 10000 6 9 14 15 6 13 8 4 14 8 14 5 9 7 11 2 8 16 16 9 6 9 3 10 10 7 5 3 
9 12 4 9 13 10 2 4 9 7 6 13 8 6 11 10 9 4 8 8 4 9 9 5 12 10 10 6 10 10 10 5 6 8 6 11 6 10 7 10 10 8 13 8 10 5 11 6 8 13 11 11 5 12 12 5 12 7 6 9 12 5 10 7 6 9 5 13 9 12 4 5 6 10000 11 10 9 7 8 6 5 8 3 8 10 9 1 9 6 3 12 13 5 7 12 6 11 12 6 11 8 
15 17 14 19 24 20 11 14 10 5 17 24 6 14 16 15 13 15 4 17 9 16 11 15 13 3 15 6 15 21 12 12 7 15 8 8 15 13 16 12 21 6 16 18 18 16 22 11 5 3 22 16 16 16 22 11 16 16 14 16 18 8 5 16 15 16 16 17 19 2 12 14 9 11 10000 21 18 14 13 16 12 19 14 18 11 5 12 10 7 12 17 14 10 5 2 7 19 2 7 7 11 
14 13 7 6 4 3 10 8 17 16 4 4 16 10 15 15 13 6 17 7 13 13 16 6 16 19 13 15 14 3 15 11 14 13 14 18 10 16 8 17 1 17 15 4 10 5 3 13 17 22 2 16 5 17 4 11 14 10 11 13 12 13 18 10 9 10 6 16 4 21 10 9 14 10 21 10000 7 11 12 8 11 4 7 5 18 17 9 15 15 10 13 17 12 16 21 15 11 21 14 19 15 
16 7 6 11 9 5 8 6 18 13 8 10 13 13 18 17 8 8 15 1 13 16 17 9 11 16 7 13 17 5 10 13 12 16 10 13 13 18 2 19 7 16 9 4 3 8 9 14 14 20 8 19 8 20 6 8 8 13 13 16 6 11 15 14 12 4 8 9 3 18 7 5 15 9 18 7 10000 14 6 11 13 4 8 2 19 14 9 10 15 7 7 11 9 14 19 14 16 18 11 19 17 
3 18 9 7 14 12 8 9 7 12 8 14 13 2 5 4 15 7 12 13 5 3 5 6 18 14 17 10 4 13 16 3 10 2 12 16 2 5 13 6 12 9 19 11 16 7 11 4 13 14 12 5 7 6 15 11 18 2 1 3 18 9 15 2 3 15 7 20 13 15 10 11 6 7 14 11 14 10000 14 4 3 12 7 13 7 13 7 14 7 9 18 19 11 10 14 8 5 15 11 10 5 
17 5 7 14 15 10 7 6 16 9 11 15 8 13 18 17 2 9 11 6 11 17 16 10 5 11 3 10 17 11 4 12 8 16 5 7 14 17 5 18 12 13 5 8 5 10 14 13 9 16 13 19 10 20 12 4 4 14 14 17 5 8 9 15 13 3 10 6 8 13 5 4 13 8 13 12 6 14 10000 13 12 9 9 8 17 9 8 5 12 5 4 6 4 10 15 11 18 13 7 16 15 
6 16 7 4 11 9 7 7 10 13 5 11 13 3 8 7 14 4 13 11 7 6 8 3 17 15 15 11 7 10 15 4 11 5 12 16 2 9 10 10 8 11 18 8 14 4 8 6 14 17 9 8 4 9 11 10 17 2 4 5 16 10 16 3 1 13 4 18 10 17 9 9 8 6 16 8 11 4 13 10000 5 9 5 10 10 14 6 14 9 8 16 18 11 12 16 10 5 17 11 13 8 
5 16 7 8 14 12 6 8 6 9 8 15 10 3 7 6 13 6 9 12 3 5 5 6 16 12 14 7 5 13 14 1 7 4 10 14 4 6 11 6 12 7 17 10 14 7 12 2 10 12 12 7 6 8 15 9 16 4 3 6 16 7 12 4 4 13 6 17 12 13 8 9 4 5 12 11 13 3 12 5 10000 11 6 12 7 10 5 12 5 7 16 17 9 8 12 6 8 13 8 8 4 
14 10 5 8 6 2 8 6 17 14 5 7 14 10 16 15 10 6 15 4 12 14 16 6 13 17 10 14 15 2 12 11 13 13 12 15 10 17 5 17 4 16 12 1 7 5 6 13 15 21 5 17 6 18 4 9 11 11 11 14 9 12 16 11 9 7 5 13 2 19 8 6 14 8 19 4 4 12 9 9 11 10000 6 2 18 15 8 12 14 8 10 14 10 15 19 14 13 19 12 18 15 
9 12 3 6 10 7 4 3 11 10 4 11 10 5 11 10 10 1 11 7 7 9 10 2 13 13 11 9 10 8 11 6 8 8 9 13 6 11 7 12 7 11 13 5 10 3 8 7 11 16 8 11 2 13 10 7 12 6 6 9 12 7 13 7 5 9 2 14 7 15 5 5 8 3 14 7 8 7 9 5 6 6 10000 7 12 11 3 10 9 5 12 14 7 10 15 9 9 15 8 13 9 
15 8 5 10 8 3 8 5 17 13 6 8 13 11 17 16 9 7 15 2 12 15 16 7 12 16 9 13 16 3 11 12 12 14 11 14 11 17 3 18 6 16 11 2 5 6 7 13 14 20 6 17 7 19 5 8 10 12 12 15 8 11 15 12 10 6 6 11 1 19 7 5 14 8 18 5 2 13 8 10 12 2 7 10000 18 14 8 11 14 7 9 12 9 14 19 14 14 18 12 19 16 
6 21 14 13 20 18 12 14 2 12 14 21 13 8 6 5 18 12 10 18 7 7 3 12 20 12 19 9 6 19 18 7 10 6 13 16 9 3 17 2 18 6 22 17 20 13 18 5 12 10 18 6 13 6 21 14 21 9 7 8 21 10 14 9 10 19 13 22 18 13 13 15 5 10 11 18 19 7 17 10 7 18 12 18 10000 12 11 16 6 13 21 21 13 9 10 7 11 12 11 4 3 
14 13 11 17 20 16 8 10 11 2 14 21 2 13 16 15 8 12 3 13 8 15 12 13 9 3 10 4 15 17 8 11 4 14 4 5 13 13 12 13 18 7 12 14 13 13 19 10 1 8 18 16 13 17 19 7 12 14 13 16 13 5 2 14 13 11 13 12 15 5 8 10 9 9 5 17 14 13 9 14 10 15 11 14 12 10000 9 5 7 8 12 10 6 3 6 6 18 5 3 10 12 
9 12 3 8 12 9 2 3 10 8 6 13 8 6 11 10 9 3 9 8 5 9 9 4 12 11 10 7 10 9 10 5 6 9 7 11 6 10 7 11 9 9 13 7 10 5 10 6 9 14 10 11 4 13 11 5 12 7 6 10 11 5 11 7 5 9 4 13 8 13 4 5 7 1 12 9 9 7 8 6 5 8 3 8 11 9 10000 9 7 3 11 13 5 8 13 7 10 13 6 11 9 
16 8 9 16 18 14 7 8 14 5 13 19 4 14 18 17 4 11 7 9 10 17 15 12 4 7 6 7 17 14 3 12 6 16 3 3 14 16 9 16 15 11 7 12 9 12 17 12 5 13 16 18 12 19 16 4 7 15 14 17 8 6 5 15 14 7 12 7 12 10 6 7 11 9 10 15 10 14 5 14 12 12 10 11 16 5 9 10000 10 6 7 5 4 8 11 9 19 9 5 14 14 
8 16 10 13 18 15 7 9 4 6 12 19 7 8 9 8 12 9 5 14 3 9 5 10 14 7 14 4 8 16 13 6 5 8 8 11 8 7 13 7 16 2 16 13 16 11 16 4 7 8 16 9 10 10 18 9 16 9 7 10 16 5 9 9 8 14 10 17 15 9 9 11 2 6 7 15 15 7 12 9 5 14 9 14 6 7 7 10 10000 8 16 15 8 4 7 2 12 8 6 5 5 
12 9 3 10 13 9 2 3 12 7 7 14 7 9 13 12 6 5 8 6 7 12 11 6 9 10 8 7 12 10 7 8 6 11 5 9 9 13 5 13 10 9 10 7 8 6 11 8 8 14 11 14 6 15 11 3 9 10 9 12 9 5 9 10 8 6 6 11 8 12 1 3 8 3 12 10 7 9 5 8 7 8 5 7 13 8 3 6 8 10000 9 10 3 8 12 7 13 12 5 12 11 
20 1 10 17 16 12 10 9 20 12 13 16 11 17 22 21 4 12 14 7 15 20 20 13 5 14 2 13 21 11 5 16 12 20 9 10 17 21 7 21 14 17 3 10 4 13 16 17 12 19 15 22 13 24 12 8 2 18 17 20 2 12 12 18 16 4 12 3 9 16 8 7 16 12 17 13 7 18 4 16 16 10 12 9 21 12 11 7 16 9 10000 5 8 14 18 15 21 16 11 20 19 
21 6 12 20 20 15 11 11 19 10 16 20 9 18 23 21 5 14 12 10 15 21 19 15 1 11 4 12 21 15 3 17 11 20 8 6 18 21 10 21 17 16 3 13 8 15 19 17 10 17 18 23 15 24 16 8 4 19 18 22 7 11 9 19 17 7 15 4 13 13 9 9 16 13 14 17 11 19 6 18 17 14 14 12 21 10 13 5 15 10 5 10000 8 12 16 14 23 13 10 19 19 
13 9 6 13 15 11 4 5 12 5 10 16 5 11 15 14 5 8 7 8 8 14 12 9 7 8 6 6 14 12 5 9 4 13 2 6 11 14 7 14 13 9 9 9 8 9 14 9 6 12 13 15 9 17 13 1 8 12 11 14 9 4 7 12 10 6 8 9 10 10 2 4 9 5 10 12 9 11 4 11 9 10 7 9 13 6 5 4 8 3 8 8 10000 6 11 7 15 10 4 12 12 
11 14 10 15 20 16 7 9 8 3 13 20 4 11 13 12 10 11 2 13 6 12 9 11 11 4 12 1 12 16 10 9 3 11 5 8 11 11 12 10 17 4 14 14 14 12 17 7 4 7 17 13 12 14 18 7 13 12 10 13 15 3 5 12 11 12 11 14 15 6 8 10 6 7 5 16 14 10 10 12 8 15 10 14 9 3 8 8 4 8 14 12 6 10000 5 3 15 5 3 7 9 
14 19 15 19 24 21 12 14 9 7 18 25 8 14 15 14 14 15 5 18 9 15 10 16 15 5 16 6 14 21 13 12 7 14 10 10 15 12 17 11 21 5 18 19 19 16 22 10 6 2 22 15 16 15 23 12 17 15 14 16 19 8 7 15 15 17 16 18 20 4 12 15 9 12 2 21 19 14 15 16 12 19 15 19 10 6 13 11 7 12 18 16 11 5 10000 7 18 3 8 6 10 
9 15 9 13 18 15 7 9 6 5 12 19 6 8 10 9 11 9 4 13 3 10 6 10 13 7 13 3 9 16 12 6 4 9 7 10 9 8 12 8 15 3 15 13 15 10 16 4 6 8 16 10 10 11 17 8 15 10 8 10 15 4 8 9 9 13 10 16 14 8 8 10 3 6 7 15 14 8 11 10 6 14 9 14 7 6 7 9 2 7 15 14 7 3 7 10000 13 8 5 6 6 
5 21 11 5 13 13 12 12 11 17 9 13 17 5 5 6 19 9 16 15 10 4 9 8 22 19 20 15 5 13 20 7 15 5 16 21 5 9 15 9 11 14 22 12 18 8 10 9 18 19 11 6 8 7 15 15 21 4 6 4 20 14 20 4 6 18 9 23 14 20 14 14 10 11 19 11 16 5 18 5 8 13 9 14 11 18 10 19 12 13 21 23 15 15 18 13 10000 20 15 14 9 
16 17 15 20 24 20 12 14 11 5 18 25 6 15 17 16 12 15 4 17 10 17 13 16 12 3 14 6 16 21 11 13 7 16 8 8 16 14 16 14 21 7 16 18 18 17 22 12 5 4 22 17 17 18 23 11 15 17 15 17 17 8 5 17 16 15 16 16 19 1 12 14 10 12 2 21 18 15 13 17 13 19 15 18 12 5 13 9 8 12 16 13 10 5 3 8 20 10000 7 9 13 
12 11 8 14 17 14 5 7 10 2 11 18 3 10 14 13 7 9 4 11 6 13 10 10 9 5 9 3 13 14 7 9 2 12 3 6 11 12 10 12 15 6 11 11 11 10 16 8 3 9 15 14 10 15 16 4 11 12 10 13 12 2 5 12 10 9 10 12 12 8 5 7 7 6 7 14 11 11 7 11 8 12 8 12 11 3 6 5 6 5 11 10 4 3 8 5 15 7 10000 10 10 
9 20 14 16 22 19 12 14 4 9 16 23 10 11 10 9 16 13 7 18 7 10 5 13 18 9 18 7 9 20 16 9 8 10 12 14 11 6 17 6 19 4 20 18 20 14 20 7 10 6 20 9 14 10 22 13 20 12 10 11 20 9 11 11 12 18 14 21 19 9 13 15 5 11 7 19 19 10 16 13 8 18 13 19 4 10 11 14 5 12 20 19 12 7 6 6 14 9 10 10000 6 
4 19 11 11 18 16 10 11 2 11 12 18 12 6 5 4 16 10 10 16 5 5 1 10 18 12 18 8 4 17 16 5 9 4 12 15 6 3 15 3 15 6 20 14 18 10 15 3 12 11 16 5 10 6 18 12 19 7 5 6 19 9 13 6 7 16 10 21 16 13 11 13 3 8 11 15 17 5 15 8 4 15 9 16 3 12 9 14 5 11 19 19 12 9 10 6 9 13 10 6 10000 
