100
10
1000	500	0	1000	6458.000000	8488.000000
10	0	2	5	6947.000000	9285.000000
9	3	6	9	1427.000000	8077.000000
10	7	8	10	8741.000000	697.000000
10	10	5	5	8610.000000	3686.000000
8	2	0	8	683.000000	4435.000000
10	0	9	9	8691.000000	7629.000000
8	0	4	6	9743.000000	5979.000000
7	1	5	6	8233.000000	9938.000000
9	8	4	6	691.000000	3820.000000
7	5	3	5	761.000000	4955.000000
7	2	0	3	241.000000	5641.000000
8	8	4	5	8284.000000	5528.000000
10	1	9	10	2578.000000	5385.000000
8	0	3	4	5031.000000	165.000000
8	4	7	8	717.000000	9637.000000
7	0	0	4	1966.000000	7193.000000
10	6	2	3	1760.000000	6423.000000
9	1	8	9	3871.000000	5076.000000
10	3	0	8	6809.000000	7387.000000
8	2	2	4	6469.000000	3182.000000
6	0	1	1	9389.000000	910.000000
6	5	1	5	2650.000000	2990.000000
8	2	1	4	2073.000000	3332.000000
7	4	2	5	6959.000000	4235.000000
7	6	5	6	9819.000000	4752.000000
9	1	2	7	2694.000000	2588.000000
9	4	1	6	1865.000000	6996.000000
7	3	7	7	2333.000000	9313.000000
6	1	3	6	7492.000000	4711.000000
10	4	1	6	4722.000000	2076.000000
6	4	2	2	7700.000000	3962.000000
10	9	6	10	4227.000000	9237.000000
8	5	1	4	5362.000000	6324.000000
7	0	3	4	1.000000	2968.000000
10	2	1	7	9735.000000	1363.000000
8	7	3	7	4136.000000	9958.000000
9	2	2	6	7204.000000	7611.000000
9	3	2	8	9212.000000	7316.000000
10	3	5	9	2730.000000	7052.000000
8	2	6	7	4020.000000	5041.000000
6	2	4	4	5934.000000	6879.000000
6	1	0	2	9022.000000	5852.000000
6	6	2	4	143.000000	1575.000000
10	5	7	7	1620.000000	7124.000000
10	0	5	9	2404.000000	1865.000000
8	5	6	6	1913.000000	2353.000000
6	3	5	5	3160.000000	2767.000000
7	3	3	7	6492.000000	9645.000000
6	6	0	4	6390.000000	7441.000000
8	6	4	4	946.000000	2098.000000
7	3	7	7	7443.000000	1036.000000
6	5	1	6	6278.000000	9911.000000
6	5	5	6	6336.000000	2287.000000
6	1	6	6	542.000000	9532.000000
8	1	5	7	1007.000000	8093.000000
8	6	6	8	1984.000000	5608.000000
7	2	4	5	5766.000000	8211.000000
10	2	5	6	1145.000000	5976.000000
9	8	8	8	5753.000000	1065.000000
6	3	3	5	2040.000000	4994.000000
10	0	8	9	1228.000000	541.000000
8	8	1	8	9897.000000	3782.000000
9	3	7	8	6289.000000	8371.000000
8	8	3	7	3409.000000	1601.000000
9	2	6	6	4131.000000	102.000000
8	6	4	4	8378.000000	5640.000000
9	1	7	7	5833.000000	4135.000000
8	0	4	6	16.000000	8155.000000
10	7	10	10	9637.000000	4570.000000
9	1	8	9	2119.000000	9691.000000
7	0	1	6	3232.000000	1193.000000
7	7	1	6	7584.000000	110.000000
7	3	4	7	1160.000000	4162.000000
7	4	4	5	1007.000000	5317.000000
7	0	4	6	8111.000000	2648.000000
9	0	6	9	9182.000000	2644.000000
7	0	0	6	2995.000000	4599.000000
10	6	1	4	3569.000000	918.000000
7	4	5	6	7784.000000	2407.000000
9	9	6	7	6558.000000	1329.000000
6	6	6	6	2992.000000	4810.000000
9	1	2	9	4511.000000	9604.000000
6	4	5	6	5073.000000	8353.000000
10	10	6	10	6642.000000	6252.000000
8	4	6	6	2314.000000	9791.000000
8	5	2	4	7202.000000	678.000000
7	0	0	0	4469.000000	3827.000000
6	1	0	0	7242.000000	7465.000000
10	7	6	6	9086.000000	4791.000000
10	0	6	7	3865.000000	9065.000000
9	3	0	2	2602.000000	2822.000000
9	5	2	6	2797.000000	3481.000000
10	9	6	9	4620.000000	2545.000000
9	1	9	9	2846.000000	9449.000000
9	2	4	9	1546.000000	9244.000000
6	0	0	0	7207.000000	443.000000
8	3	5	7	2498.000000	1178.000000
10	1	10	10	7642.000000	2828.000000
7	7	6	6	1300.000000	7935.000000
6	0	1	1	4370.000000	508.000000
10000 2 11 17 11 15 5 9 5 15 14 14 7 10 17 12 10 11 9 3 11 17 14 14 9 11 14 10 9 8 14 10 5 5 17 16 6 3 6 8 9 4 8 19 11 16 16 14 3 3 17 16 3 13 13 11 11 2 12 15 12 20 12 1 16 18 7 9 13 11 10 16 17 14 13 13 13 11 17 13 15 11 5 3 5 9 16 11 3 10 6 14 13 13 8 10 17 17 12 11 17 
2 10000 12 18 12 16 5 9 3 17 16 16 8 12 19 13 11 12 11 4 13 18 16 16 11 11 16 12 10 10 16 11 6 7 19 17 6 4 7 10 11 6 9 21 12 18 18 16 2 4 19 17 2 15 13 13 13 4 14 17 14 21 13 3 17 20 8 11 15 11 10 18 19 16 15 14 15 13 19 14 16 12 5 5 7 10 18 12 4 10 7 16 15 15 9 11 18 19 13 12 19 
11 12 10000 21 17 8 15 18 15 9 7 6 15 6 18 4 3 4 8 11 15 22 11 10 14 19 12 3 4 14 14 16 7 9 11 22 7 12 16 4 8 10 16 14 2 13 12 12 11 11 12 19 11 16 4 1 6 9 5 17 7 16 19 10 14 17 15 12 3 18 4 15 21 8 6 18 19 8 15 18 17 8 7 8 12 4 19 11 12 17 6 11 10 13 4 3 20 14 17 1 17 
17 18 21 10000 6 18 14 11 19 18 19 20 10 16 8 25 19 19 14 14 7 2 14 15 8 9 13 19 22 9 9 7 20 14 19 3 21 15 14 18 13 14 11 18 20 13 15 12 19 15 16 3 20 6 25 22 17 17 19 7 16 16 7 17 11 10 10 10 23 8 23 12 3 17 19 5 4 14 11 4 5 15 20 17 12 23 4 11 14 9 20 13 14 10 22 23 4 13 5 21 9 
11 12 17 6 10000 16 8 6 13 16 16 18 4 13 11 20 16 15 10 9 5 6 13 14 4 4 13 16 17 4 9 2 15 9 18 6 16 9 8 14 10 9 5 18 16 13 14 12 13 9 16 6 14 6 20 18 14 11 16 8 14 17 3 11 12 12 4 6 20 3 18 12 8 15 16 3 3 12 12 4 7 12 15 12 7 18 7 9 9 3 15 13 12 9 17 18 8 14 3 17 11 
15 16 8 18 16 10000 18 19 19 2 2 3 16 5 13 11 7 5 7 14 12 19 5 4 13 19 6 6 11 14 10 15 12 11 4 20 14 15 19 7 7 12 17 6 6 7 5 6 16 13 5 16 16 13 11 8 4 13 4 13 3 8 19 14 8 12 16 11 8 18 11 9 17 2 2 16 18 5 10 15 14 5 13 12 13 12 16 8 15 17 12 6 5 9 11 10 16 8 15 8 11 
5 5 15 14 8 18 10000 4 5 18 17 18 5 14 17 17 14 15 11 4 10 14 16 16 8 7 16 14 14 7 14 8 10 8 20 13 11 3 2 12 11 6 4 21 15 18 18 15 6 5 20 14 7 12 17 16 15 6 16 15 15 21 9 6 17 18 5 10 18 7 14 17 16 17 17 11 11 13 17 11 14 13 10 8 5 14 15 12 3 6 11 16 15 14 13 15 15 18 10 15 17 
9 9 18 11 6 19 4 10000 9 19 19 20 4 15 15 20 16 16 12 7 9 11 16 17 7 3 16 16 17 6 13 6 13 9 21 10 14 7 3 15 12 8 2 22 17 17 18 15 10 8 20 11 11 11 20 18 16 10 18 13 16 21 5 9 16 17 3 9 20 3 17 17 13 18 18 8 7 14 16 9 12 14 13 11 7 17 12 12 6 3 14 16 15 13 16 18 13 18 8 18 16 
5 3 15 19 13 19 5 9 10000 20 18 19 9 15 21 16 14 15 14 6 14 19 18 19 12 11 19 15 12 11 18 12 9 10 22 18 9 6 6 13 13 8 9 24 15 20 20 18 4 7 22 18 4 16 16 15 16 7 17 19 16 24 13 5 20 22 9 13 17 12 13 21 20 19 18 15 15 15 21 16 18 15 8 8 9 12 19 15 6 11 9 19 17 17 11 14 20 21 15 15 21 
15 17 9 18 16 2 18 19 20 10000 3 4 16 5 12 12 8 6 7 15 12 19 5 3 13 19 5 7 12 14 9 15 13 11 3 19 15 16 19 8 8 13 18 5 7 6 4 6 17 14 4 15 17 12 12 9 5 14 5 12 4 7 19 15 8 11 16 11 9 18 13 8 16 2 4 16 18 5 9 15 13 6 14 13 13 13 15 8 15 17 13 5 5 9 13 11 15 7 15 9 10 
14 16 7 19 16 2 17 19 18 3 10000 2 16 4 13 10 6 4 7 14 12 20 6 5 13 19 7 5 10 14 10 15 12 10 5 20 13 14 18 6 7 12 17 7 5 7 6 7 15 13 6 16 15 13 10 7 3 12 3 13 3 9 19 13 9 12 16 11 7 18 10 10 17 2 1 16 18 5 10 15 14 5 12 11 13 11 16 8 14 17 11 6 6 10 10 9 16 9 15 7 12 
14 16 6 20 18 3 18 20 19 4 2 10000 17 5 15 9 5 4 8 14 14 21 8 6 14 20 8 5 9 15 12 16 11 11 6 21 12 15 19 6 8 12 18 9 5 9 8 9 15 13 8 18 15 14 8 6 4 13 2 15 4 11 20 14 11 14 17 12 6 19 9 11 19 4 2 17 19 6 12 17 16 6 12 12 13 10 18 10 15 18 10 8 7 11 10 8 18 11 16 6 14 
7 8 15 10 4 16 5 4 9 16 16 17 10000 12 13 18 14 14 9 5 6 10 13 14 4 4 13 14 15 3 10 4 11 7 18 9 13 5 5 12 9 6 2 19 14 14 15 12 9 6 17 10 10 8 18 16 13 8 15 11 13 18 5 7 13 14 1 6 18 4 15 14 11 15 15 6 7 11 14 7 10 11 12 9 4 15 10 9 5 3 12 13 12 10 14 16 11 15 6 15 13 
10 12 6 16 13 5 14 15 15 5 4 5 12 10000 12 10 4 3 3 10 9 17 5 5 10 15 6 4 8 10 8 11 9 6 8 17 10 11 14 4 3 8 13 10 4 8 7 6 12 9 8 14 12 10 10 7 2 9 4 11 2 11 15 10 8 12 12 7 8 15 9 9 15 4 4 13 15 2 10 12 12 2 10 8 9 9 14 5 11 14 8 6 4 7 9 8 14 9 12 6 11 
17 19 18 8 11 13 17 15 21 12 13 15 13 12 10000 21 16 15 11 15 7 9 8 9 10 14 7 16 20 11 4 10 19 13 12 10 20 16 17 15 10 14 14 11 16 7 8 7 20 15 10 6 20 5 21 18 13 17 14 3 12 8 13 17 5 2 13 9 19 13 20 5 6 12 14 8 10 10 4 8 4 11 19 17 13 21 5 8 16 13 18 8 8 5 20 20 5 6 8 18 2 
12 13 4 25 20 11 17 20 16 12 10 9 18 10 21 10000 6 7 12 13 18 25 14 13 17 21 15 6 4 17 18 18 8 12 14 25 7 14 18 7 12 12 19 17 6 16 15 15 12 13 16 22 12 19 1 4 9 11 8 20 10 19 22 12 17 21 18 16 4 21 3 18 24 11 9 21 22 12 19 21 21 11 8 10 14 4 23 14 14 20 7 15 13 17 5 2 23 18 20 4 20 
10 11 3 19 16 7 14 16 14 8 6 5 14 4 16 6 10000 2 6 10 13 20 9 8 12 17 10 1 5 13 12 14 7 8 10 20 8 11 15 2 6 8 15 12 1 11 10 10 11 9 11 17 11 14 6 3 4 8 3 15 5 14 18 9 12 15 14 10 5 17 6 13 19 7 5 16 18 6 13 16 15 6 8 7 10 6 17 9 11 16 6 9 8 11 5 5 18 13 15 2 15 
11 12 4 19 15 5 15 16 15 6 4 4 14 3 15 7 2 10000 6 11 12 19 8 7 12 17 8 2 6 12 11 13 8 8 8 19 9 12 16 3 6 9 15 11 2 10 9 8 12 10 9 16 12 13 7 4 2 9 2 14 3 12 18 10 11 14 14 10 5 17 7 11 18 5 3 15 17 5 12 15 14 5 9 8 10 7 16 8 12 16 7 8 7 10 7 6 17 11 14 4 13 
9 11 8 14 10 7 11 12 14 7 7 8 9 3 11 12 6 6 10000 8 7 14 5 6 7 12 6 6 10 8 7 8 9 4 9 14 10 9 12 5 1 6 11 11 7 8 7 5 11 7 9 11 11 8 12 9 4 8 6 9 4 11 13 9 8 10 10 5 10 12 10 8 13 6 6 10 12 2 9 10 10 2 10 7 7 10 12 3 9 11 8 6 4 6 9 10 12 9 9 8 10 
3 4 11 14 9 14 4 7 6 15 14 14 5 10 15 13 10 11 8 10000 9 14 13 13 7 9 13 10 10 6 12 8 7 4 17 14 8 1 5 9 8 3 6 18 11 15 15 12 5 1 16 13 6 11 14 12 11 3 12 13 11 18 10 3 14 16 5 7 14 8 11 15 15 14 13 10 11 10 15 11 13 10 7 4 3 11 14 9 1 7 7 13 12 11 9 12 14 16 10 12 15 
11 13 15 7 5 12 10 9 14 12 12 14 6 9 7 18 13 12 7 9 10000 8 8 9 3 8 8 12 15 4 5 3 13 7 13 8 15 9 10 11 7 8 8 14 13 9 10 7 13 9 12 5 14 2 18 15 11 11 13 5 10 12 7 11 7 8 7 3 17 7 16 8 7 11 12 4 6 8 8 4 4 8 14 11 7 16 6 5 9 7 13 8 8 4 15 16 6 9 3 15 7 
17 18 22 2 6 19 14 11 19 19 20 21 10 17 9 25 20 19 14 14 8 10000 15 16 9 8 14 20 22 9 10 7 20 14 20 2 21 15 13 19 14 14 10 19 20 15 16 13 19 15 18 4 20 7 25 23 18 17 20 8 17 17 6 17 13 11 10 10 24 8 23 13 4 18 19 5 4 15 12 5 6 15 20 18 13 23 5 12 14 8 20 15 15 11 22 23 5 14 6 22 11 
14 16 11 14 13 5 16 16 18 5 6 8 13 5 8 14 9 8 5 13 8 15 10000 2 9 15 1 9 13 11 5 11 13 9 6 15 15 13 16 9 5 11 14 6 9 3 2 2 16 12 4 11 16 8 14 11 6 13 7 8 5 6 15 13 4 7 13 7 12 15 14 4 12 4 6 11 14 4 5 11 9 4 14 12 11 14 11 5 13 14 13 1 2 5 13 13 11 4 10 11 7 
14 16 10 15 14 4 16 17 19 3 5 6 14 5 9 13 8 7 6 13 9 16 2 10000 10 16 2 8 12 12 6 12 13 9 5 16 14 14 17 8 6 11 15 6 8 4 2 3 16 12 4 12 16 9 13 10 5 13 6 9 4 6 16 14 5 8 14 8 11 16 13 5 13 3 5 13 15 4 6 12 10 4 14 12 11 13 12 5 14 15 13 2 2 6 13 12 12 5 12 10 8 
9 11 14 8 4 13 8 7 12 13 13 14 4 10 10 17 12 12 7 7 3 9 9 10 10000 6 10 12 14 2 7 2 12 6 15 8 13 7 8 11 7 6 6 15 13 11 11 9 11 7 13 7 12 5 17 15 11 9 13 7 10 14 6 9 9 11 4 3 16 6 15 10 9 12 13 4 6 8 10 5 6 9 12 10 5 15 8 6 7 5 12 10 9 6 14 15 8 11 4 14 10 
11 11 19 9 4 19 7 3 11 19 19 20 4 15 14 21 17 17 12 9 8 8 15 16 6 10000 15 17 18 5 12 5 15 10 20 7 16 8 6 15 12 9 3 21 18 16 17 14 12 9 19 9 13 9 21 19 16 11 18 11 16 20 2 11 15 15 4 9 21 1 19 15 11 18 18 6 5 14 15 7 10 14 15 12 8 19 10 11 8 2 15 15 15 12 17 19 11 17 6 19 14 
14 16 12 13 13 6 16 16 19 5 7 8 13 6 7 15 10 8 6 13 8 14 1 2 10 15 10000 9 14 11 5 11 14 10 6 15 16 14 17 9 6 11 15 6 10 2 2 1 17 13 4 10 17 8 15 12 7 13 8 7 5 6 15 14 3 6 13 7 13 15 15 3 11 5 7 11 13 5 4 11 9 5 15 13 11 15 10 5 14 14 14 1 2 4 14 14 10 3 10 12 6 
10 12 3 19 16 6 14 16 15 7 5 5 14 4 16 6 1 2 6 10 12 20 9 8 12 17 9 10000 5 13 12 14 7 8 9 20 8 11 15 2 6 9 15 12 1 11 10 9 11 10 10 17 11 13 6 3 3 9 3 15 5 13 18 10 12 15 14 10 5 17 6 12 18 6 4 16 18 6 13 15 15 5 8 7 10 6 17 9 11 16 6 9 8 11 6 5 17 12 15 3 14 
9 10 4 22 17 11 14 17 12 12 10 9 15 8 20 4 5 6 10 10 15 22 13 12 14 18 14 5 10000 14 16 16 4 9 14 22 4 11 15 5 10 9 16 17 5 15 14 14 9 9 15 20 8 17 4 4 8 8 8 18 9 18 19 9 16 19 15 13 6 18 1 17 22 11 9 18 20 10 17 18 19 10 5 6 11 1 20 12 11 17 4 13 12 15 2 2 21 17 17 4 19 
8 10 14 9 4 14 7 6 11 14 14 15 3 10 11 17 13 12 8 6 4 9 11 12 2 5 11 13 14 10000 8 2 12 6 16 9 13 6 7 11 7 6 4 16 13 12 13 10 11 6 15 8 11 6 17 15 12 8 13 9 11 16 6 8 11 12 3 4 17 5 15 12 10 13 14 5 6 9 11 5 8 10 12 9 4 15 9 7 6 4 12 11 10 8 14 15 9 13 4 14 11 
14 16 14 9 9 10 14 13 18 9 10 12 10 8 4 18 12 11 7 12 5 10 5 6 7 12 5 12 16 8 10000 8 15 9 10 11 16 13 14 11 7 10 12 10 12 5 6 4 16 12 8 6 16 4 18 15 9 13 11 3 8 8 11 13 3 5 11 5 16 12 17 4 7 9 10 7 9 7 4 7 4 7 16 13 10 17 6 4 12 11 15 5 5 1 16 16 6 5 7 14 4 
10 11 16 7 2 15 8 6 12 15 15 16 4 11 10 18 14 13 8 8 3 7 11 12 2 5 11 14 16 2 8 10000 13 7 16 7 14 8 8 12 8 7 5 16 14 12 13 10 12 8 15 6 13 5 19 16 12 10 14 7 12 15 5 10 10 11 4 4 18 5 16 11 8 14 14 3 4 10 11 4 6 10 13 11 6 16 7 7 8 4 13 11 10 7 15 17 8 12 3 16 10 
5 6 7 20 15 12 10 13 9 13 12 11 11 9 19 8 7 8 9 7 13 20 13 13 12 15 14 7 4 12 15 13 10000 7 16 20 2 7 11 6 9 6 12 18 7 16 15 14 5 6 16 18 5 15 8 7 9 4 9 17 10 19 16 5 16 19 11 11 9 15 5 17 20 12 11 16 17 10 17 16 17 10 1 3 8 4 19 11 7 14 1 14 12 14 3 6 19 17 15 7 18 
5 7 9 14 9 11 8 9 10 11 10 11 7 6 13 12 8 8 4 4 7 14 9 9 6 10 10 8 9 6 9 7 7 10000 13 14 8 5 8 6 4 2 8 15 8 11 11 9 8 4 13 12 8 9 12 10 7 4 9 11 8 15 11 5 11 13 7 5 12 10 10 12 14 10 9 10 11 6 12 10 11 6 7 5 3 10 12 6 5 9 7 9 8 8 9 10 13 12 9 9 12 
17 19 11 19 18 4 20 21 22 3 5 6 18 8 12 14 10 8 9 17 13 20 6 5 15 20 6 9 14 16 10 16 16 13 10000 20 17 18 21 10 10 15 19 3 9 6 5 7 19 16 3 16 19 13 14 11 7 16 7 13 6 6 20 17 8 11 18 12 11 20 15 8 17 4 6 17 19 7 9 16 14 8 17 15 15 15 16 10 18 19 15 6 6 10 15 13 16 7 16 11 11 
16 17 22 3 6 20 13 10 18 19 20 21 9 17 10 25 20 19 14 14 8 2 15 16 8 7 15 20 22 9 11 7 20 14 20 10000 21 14 12 19 14 14 10 20 20 15 16 14 18 14 18 5 19 8 25 23 18 16 20 8 18 18 5 16 13 12 9 10 24 7 23 14 5 19 20 5 3 15 13 5 7 16 20 17 12 23 6 12 14 7 20 15 15 11 22 23 6 15 6 22 11 
6 6 7 21 16 14 11 14 9 15 13 12 13 10 20 7 8 9 10 8 15 21 15 14 13 16 16 8 4 13 16 14 2 8 17 21 10000 8 12 7 10 8 13 19 8 17 16 15 5 7 17 20 5 16 8 8 10 5 10 19 11 20 17 6 17 20 13 13 9 16 5 18 21 14 12 17 18 11 19 17 18 11 2 4 9 4 20 13 8 15 2 15 14 15 3 6 20 18 16 7 19 
3 4 12 15 9 15 3 7 6 16 14 15 5 11 16 14 11 12 9 1 9 15 13 14 7 8 14 11 11 6 13 8 7 5 18 14 8 10000 5 10 9 3 6 19 12 15 15 13 5 2 17 14 5 11 14 13 12 4 13 14 12 19 10 3 15 17 5 8 15 8 11 16 16 14 14 11 11 11 16 11 13 11 7 5 3 11 14 10 1 7 8 14 13 12 10 12 15 16 10 12 16 
6 7 16 14 8 19 2 3 6 19 18 19 5 14 17 18 15 16 12 5 10 13 16 17 8 6 17 15 15 7 14 8 11 8 21 12 12 5 10000 13 12 7 3 22 16 18 18 16 8 6 20 14 8 12 18 17 15 8 17 15 16 21 8 7 17 18 4 10 19 6 15 18 15 18 17 10 10 14 18 11 14 14 11 9 6 15 14 12 4 6 12 16 15 14 14 16 15 19 10 16 17 
8 10 4 18 14 7 12 15 13 8 6 6 12 4 15 7 2 3 5 9 11 19 9 8 11 15 9 2 5 11 11 12 6 6 10 19 7 10 13 10000 5 7 13 13 3 11 10 9 10 8 11 16 10 12 7 5 4 7 4 14 5 14 16 8 11 15 12 9 6 15 6 12 17 7 5 14 16 5 13 14 14 5 7 6 8 6 16 8 10 14 5 9 8 10 5 5 16 12 13 4 14 
9 11 8 13 10 7 11 12 13 8 7 8 9 3 10 12 6 6 1 8 7 14 5 6 7 12 6 6 10 7 7 8 9 4 10 14 10 9 12 5 10000 6 11 11 7 8 7 5 11 7 9 11 11 8 12 9 5 8 7 9 4 11 13 9 7 10 9 5 11 12 11 8 13 6 7 10 12 3 9 10 9 3 10 7 6 11 11 3 9 11 9 6 4 6 10 10 12 9 9 8 10 
4 6 10 14 9 12 6 8 8 13 12 12 6 8 14 12 8 9 6 3 8 14 11 11 6 9 11 9 9 6 10 7 6 2 15 14 8 3 7 7 6 10000 7 16 9 13 13 10 6 2 14 13 7 10 13 11 9 3 10 12 9 16 11 4 12 15 6 6 13 9 10 13 14 11 11 10 11 8 13 10 12 8 7 4 2 10 13 7 3 8 7 11 10 10 9 10 14 14 9 10 14 
8 9 16 11 5 17 4 2 9 18 17 18 2 13 14 19 15 15 11 6 8 10 14 15 6 3 15 15 16 4 12 5 12 8 19 10 13 6 3 13 11 7 10000 20 16 16 16 14 10 7 18 11 10 9 19 17 15 9 16 12 15 19 5 8 15 16 2 8 19 3 16 15 12 17 17 7 7 13 15 8 11 13 12 10 5 16 11 10 5 3 13 15 14 12 15 17 12 17 7 16 15 
19 21 14 18 18 6 21 22 24 5 7 9 19 10 11 17 12 11 11 18 14 19 6 6 15 21 6 12 17 16 10 16 18 15 3 20 19 19 22 13 11 16 20 10000 12 5 4 7 21 18 2 15 21 13 16 14 9 18 10 12 8 3 21 19 7 9 19 13 14 20 17 7 16 6 8 17 19 9 7 16 13 9 19 17 17 17 15 10 19 20 17 6 7 10 17 16 15 5 16 13 9 
11 12 2 20 16 6 15 17 15 7 5 5 14 4 16 6 1 2 7 11 13 20 9 8 13 18 10 1 5 13 12 14 7 8 9 20 8 12 16 3 7 9 16 12 10000 11 10 10 11 10 11 17 11 14 6 3 4 9 3 15 5 14 18 10 12 15 14 11 4 17 6 13 19 6 4 16 18 6 14 16 16 6 8 8 11 6 18 9 12 16 6 9 8 11 6 5 18 13 15 2 15 
16 18 13 13 13 7 18 17 20 6 7 9 14 8 7 16 11 10 8 15 9 15 3 4 11 16 2 11 15 12 5 12 16 11 6 15 17 15 18 11 8 13 16 5 11 10000 2 3 18 14 3 11 18 8 16 13 8 15 9 7 7 4 16 16 3 5 15 9 14 16 16 3 11 6 8 12 14 6 4 11 9 7 17 15 13 16 10 6 15 15 15 2 4 5 16 15 11 2 11 13 5 
16 18 12 15 14 5 18 18 20 4 6 8 15 7 8 15 10 9 7 15 10 16 2 2 11 17 2 10 14 13 6 13 15 11 5 16 16 15 18 10 7 13 16 4 10 2 10000 3 18 14 3 12 18 9 15 12 7 15 8 9 6 4 17 15 4 7 15 9 13 17 15 4 13 4 7 13 15 5 5 12 10 6 16 14 13 15 12 6 15 16 14 2 3 6 15 14 12 3 12 12 7 
14 16 12 12 12 6 15 15 18 6 7 9 12 6 7 15 10 8 5 12 7 13 2 3 9 14 1 9 14 10 4 10 14 9 7 14 15 13 16 9 5 10 14 7 10 3 3 10000 16 12 5 10 16 7 15 12 7 13 8 7 5 6 14 13 3 6 12 7 13 14 15 4 11 5 7 10 13 4 4 10 8 5 14 12 10 15 10 4 13 13 13 2 2 3 14 14 10 4 9 11 6 
3 2 11 19 13 16 6 10 4 17 15 15 9 12 20 12 11 12 11 5 13 19 16 16 11 12 17 11 9 11 16 12 5 8 19 18 5 5 8 10 11 6 10 21 11 18 18 16 10000 5 19 18 1 15 12 12 13 4 13 18 13 22 14 3 18 20 9 12 14 12 9 19 20 16 14 15 16 13 19 15 17 12 4 4 7 9 18 13 5 12 6 16 15 15 8 10 19 19 14 11 19 
3 4 11 15 9 13 5 8 7 14 13 13 6 9 15 13 9 10 7 1 9 15 12 12 7 9 13 10 9 6 12 8 6 4 16 14 7 2 6 8 7 2 7 18 10 14 14 12 5 10000 16 13 5 11 13 11 10 2 11 13 10 18 11 2 14 16 6 7 13 9 10 15 15 13 12 11 12 9 15 11 13 9 6 4 3 10 14 9 2 8 7 12 11 11 9 11 15 15 10 11 15 
17 19 12 16 16 5 20 20 22 4 6 8 17 8 10 16 11 9 9 16 12 18 4 4 13 19 4 10 15 15 8 15 16 13 3 18 17 17 20 11 9 14 18 2 11 3 3 5 19 16 10000 14 19 11 15 12 8 16 8 10 7 4 19 17 6 8 17 11 13 19 16 5 14 5 7 15 17 7 6 14 12 7 17 15 15 16 13 8 17 18 16 4 5 8 16 15 13 4 14 12 8 
16 17 19 3 6 16 14 11 18 15 16 18 10 14 6 22 17 16 11 13 5 4 11 12 7 9 10 17 20 8 6 6 18 12 16 5 20 14 14 16 11 13 11 15 17 11 12 10 18 13 14 10000 18 4 22 20 15 15 17 4 14 13 8 15 9 7 10 7 21 9 21 9 2 15 16 4 5 12 8 3 2 12 19 16 11 21 1 9 13 9 18 11 11 7 20 21 2 10 4 19 7 
3 2 11 20 14 16 7 11 4 17 15 15 10 12 20 12 11 12 11 6 14 20 16 16 12 13 17 11 8 11 16 13 5 8 19 19 5 5 8 10 11 7 10 21 11 18 18 16 1 5 19 18 10000 16 12 12 13 4 13 18 13 22 15 4 18 21 10 12 14 13 9 19 20 16 14 15 16 13 19 16 18 13 4 4 8 8 19 13 6 12 6 16 15 16 7 10 20 20 15 11 20 
13 15 16 6 6 13 12 11 16 12 13 14 8 10 5 19 14 13 8 11 2 7 8 9 5 9 8 13 17 6 4 5 15 9 13 8 16 11 12 12 8 10 9 13 14 8 9 7 15 11 11 4 16 10000 19 16 11 12 13 3 11 11 8 13 7 7 8 4 18 9 18 7 6 12 13 4 6 9 7 3 2 9 16 13 8 18 4 5 11 8 15 8 8 4 16 17 5 8 3 16 6 
13 13 4 25 20 11 17 20 16 12 10 8 18 10 21 1 6 7 12 14 18 25 14 13 17 21 15 6 4 17 18 19 8 12 14 25 8 14 18 7 12 13 19 16 6 16 15 15 12 13 15 22 12 19 10000 4 9 11 8 20 10 19 22 12 17 21 18 16 3 21 4 18 24 11 9 21 23 12 19 21 21 11 8 10 14 4 23 14 15 20 7 15 13 17 5 3 23 18 20 4 20 
11 13 1 22 18 8 16 18 15 9 7 6 16 7 18 4 3 4 9 12 15 23 11 10 15 19 12 3 4 15 15 16 7 10 11 23 8 13 17 5 9 11 17 14 3 13 12 12 12 11 12 20 12 16 4 10000 6 10 5 17 7 16 20 11 14 18 16 13 2 19 4 15 21 8 6 18 20 9 16 18 18 8 8 9 12 5 20 11 13 18 7 12 10 14 5 3 20 15 17 1 17 
11 13 6 17 14 4 15 16 16 5 3 4 13 2 13 9 4 2 4 11 11 18 6 5 11 16 7 3 8 12 9 12 9 7 7 18 10 12 15 4 5 9 15 9 4 8 7 7 13 10 8 15 13 11 9 6 10000 10 2 12 2 11 17 11 9 12 13 9 7 16 9 10 16 4 3 14 16 3 10 14 13 3 10 9 10 9 15 7 12 15 8 6 5 9 8 8 15 9 13 5 12 
2 4 9 17 11 13 6 10 7 14 12 13 8 9 17 11 8 9 8 3 11 17 13 13 9 11 13 9 8 8 13 10 4 4 16 16 5 4 8 7 8 3 9 18 9 15 15 13 4 2 16 15 4 12 11 10 10 10000 11 15 10 18 13 2 15 17 8 9 12 11 8 15 17 13 12 13 14 10 16 13 14 9 4 2 5 8 16 10 4 10 5 13 12 12 7 9 16 16 12 9 16 
12 14 5 19 16 4 16 18 17 5 3 2 15 4 14 8 3 2 6 12 13 20 7 6 13 18 8 3 8 13 11 14 9 9 7 20 10 13 17 4 7 10 16 10 3 9 8 8 13 11 8 17 13 13 8 5 2 11 10000 14 3 11 19 12 10 14 15 11 5 18 8 11 18 4 2 16 18 5 12 16 15 5 10 10 12 8 17 8 13 17 9 7 6 10 8 7 17 10 15 4 13 
15 17 17 7 8 13 15 13 19 12 13 15 11 11 3 20 15 14 9 13 5 8 8 9 7 11 7 15 18 9 3 7 17 11 13 8 19 14 15 14 9 12 12 12 15 7 9 7 18 13 10 4 18 3 20 17 12 15 14 10000 11 10 10 15 5 4 11 7 19 11 19 6 5 12 13 6 8 9 5 5 2 10 18 15 11 19 3 7 14 10 17 8 8 4 18 19 4 7 6 17 3 
12 14 7 16 14 3 15 16 16 4 3 4 13 2 12 10 5 3 4 11 10 17 5 4 10 16 5 5 9 11 8 12 10 8 6 18 11 12 16 5 4 9 15 8 5 7 6 5 13 10 7 14 13 11 10 7 2 10 3 11 10000 10 16 11 8 11 13 8 8 16 10 8 15 3 3 14 16 3 9 13 12 2 11 10 10 10 14 6 12 15 9 5 4 8 10 9 14 8 13 7 11 
20 21 16 16 17 8 21 21 24 7 9 11 18 11 8 19 14 12 11 18 12 17 6 6 14 20 6 13 18 16 8 15 19 15 6 18 20 19 21 14 11 16 19 3 14 4 4 6 22 18 4 13 22 11 19 16 11 18 11 10 10 10000 19 19 5 6 18 12 16 19 19 5 13 8 10 15 17 9 5 14 11 10 20 18 16 19 12 10 19 18 18 6 7 8 19 18 12 3 14 15 7 
12 13 19 7 3 19 9 5 13 19 19 20 5 15 13 22 18 18 13 10 7 6 15 16 6 2 15 18 19 6 11 5 16 11 20 5 17 10 8 16 13 11 5 21 18 16 17 14 14 11 19 8 15 8 22 20 17 13 19 10 16 19 10000 12 14 14 5 9 22 2 20 15 9 18 19 5 3 14 14 6 9 14 16 14 9 20 9 11 10 3 17 15 15 11 19 20 9 16 5 20 13 
1 3 10 17 11 14 6 9 5 15 13 14 7 10 17 12 9 10 9 3 11 17 13 14 9 11 14 10 9 8 13 10 5 5 17 16 6 3 7 8 9 4 8 19 10 16 15 13 3 2 17 15 4 13 12 11 11 2 12 15 11 19 12 10000 15 18 7 9 13 11 9 16 17 14 13 13 13 11 16 13 15 10 5 3 5 9 16 10 3 10 6 14 13 13 8 10 16 17 12 11 17 
16 17 14 11 12 8 17 16 20 8 9 11 13 8 5 17 12 11 8 14 7 13 4 5 9 15 3 12 16 11 3 10 16 11 8 13 17 15 17 11 7 12 15 7 12 3 4 3 18 14 6 9 18 7 17 14 9 15 10 5 8 5 14 15 10000 4 13 8 15 14 17 1 9 7 9 10 12 7 2 9 7 7 17 14 12 17 8 5 15 14 15 3 4 4 16 16 8 3 9 14 3 
18 20 17 10 12 12 18 17 22 11 12 14 14 12 2 21 15 14 10 16 8 11 7 8 11 15 6 15 19 12 5 11 19 13 11 12 20 17 18 15 10 15 16 9 15 5 7 6 20 16 8 7 21 7 21 18 12 17 14 4 11 6 14 18 4 10000 14 9 19 15 20 3 7 11 13 10 12 10 2 9 6 10 20 17 14 20 7 8 16 14 18 7 8 5 19 20 7 4 9 17 1 
7 8 15 10 4 16 5 3 9 16 16 17 1 12 13 18 14 14 10 5 7 10 13 14 4 4 13 14 15 3 11 4 11 7 18 9 13 5 4 12 9 6 2 19 14 15 15 12 9 6 17 10 10 8 18 16 13 8 15 11 13 18 5 7 13 14 10000 6 18 4 15 14 12 15 15 7 7 11 14 7 10 11 12 9 4 15 11 9 5 3 12 13 12 10 14 16 11 15 6 15 14 
9 11 12 10 6 11 10 9 13 11 11 12 6 7 9 16 10 10 5 7 3 10 7 8 3 9 7 10 13 4 5 4 11 5 12 10 13 8 10 9 5 6 8 13 11 9 9 7 12 7 11 7 12 4 16 13 9 9 11 7 8 12 9 9 8 9 6 10000 15 8 14 8 9 10 10 6 8 6 8 6 6 6 12 9 5 14 8 3 8 7 11 7 7 4 13 14 8 9 5 12 8 
13 15 3 23 20 8 18 20 17 9 7 6 18 8 19 4 5 5 10 14 17 24 12 11 16 21 13 5 6 17 16 18 9 12 11 24 9 15 19 6 11 13 19 14 4 14 13 13 14 13 13 21 14 18 3 2 7 12 5 19 8 16 22 13 15 19 18 15 10000 21 6 16 23 9 7 20 22 10 17 20 19 9 10 11 14 6 21 13 15 20 8 12 11 15 7 4 22 15 19 3 18 
11 11 18 8 3 18 7 3 12 18 18 19 4 15 13 21 17 17 12 8 7 8 15 16 6 1 15 17 18 5 12 5 15 10 20 7 16 8 6 15 12 9 3 20 17 16 17 14 12 9 19 9 13 9 21 19 16 11 18 11 16 19 2 11 14 15 4 8 21 10000 19 15 10 17 18 5 4 14 15 6 9 14 15 12 7 18 10 11 8 2 15 15 14 11 17 19 10 16 6 18 14 
10 10 4 23 18 11 14 17 13 13 10 9 15 9 20 3 6 7 10 11 16 23 14 13 15 19 15 6 1 15 17 16 5 10 15 23 5 11 15 6 11 10 16 17 6 16 15 15 9 10 16 21 9 18 4 4 9 8 8 19 10 19 20 9 17 20 15 14 6 19 10000 18 23 12 10 19 20 11 18 19 19 10 5 7 12 1 21 13 12 18 4 14 13 16 2 2 22 18 18 4 19 
16 18 15 12 12 9 17 17 21 8 10 11 14 9 5 18 13 11 8 15 8 13 4 5 10 15 3 12 17 12 4 11 17 12 8 14 18 16 18 12 8 13 15 7 13 3 4 4 19 15 5 9 19 7 18 15 10 15 11 6 8 5 15 16 1 3 14 8 16 15 18 10000 9 8 10 11 13 7 1 10 7 8 18 15 13 18 9 6 15 14 16 4 5 4 17 17 9 2 10 15 3 
17 19 21 3 8 17 16 13 20 16 17 19 11 15 6 24 19 18 13 15 7 4 12 13 9 11 11 18 22 10 7 8 20 14 17 5 21 16 15 17 13 14 12 16 19 11 13 11 20 15 14 2 20 6 24 21 16 17 18 5 15 13 9 17 9 7 12 9 23 10 23 9 10000 16 17 6 6 13 9 5 4 14 20 18 13 23 2 10 15 10 20 12 12 8 21 22 2 11 6 21 7 
14 16 8 17 15 2 17 18 19 2 2 4 15 4 12 11 7 5 6 14 11 18 4 3 12 18 5 6 11 13 9 14 12 10 4 19 14 14 18 7 6 11 17 6 6 6 4 5 16 13 5 15 16 12 11 8 4 13 4 12 3 8 18 14 7 11 15 10 9 17 12 8 16 10000 3 15 17 4 9 14 13 4 13 12 12 12 14 7 14 16 12 4 4 8 12 11 15 7 14 8 10 
13 15 6 19 16 2 17 18 18 4 1 2 15 4 14 9 5 3 6 13 12 19 6 5 13 18 7 4 9 14 10 14 11 9 6 20 12 14 17 5 7 11 17 8 4 8 7 7 14 12 7 16 14 13 9 6 3 12 2 13 3 10 19 13 9 13 15 10 7 18 10 10 17 3 10000 16 18 5 11 15 14 5 12 11 12 10 16 8 14 17 10 6 6 10 10 8 16 9 15 6 12 
13 14 18 5 3 16 11 8 15 16 16 17 6 13 8 21 16 15 10 10 4 5 11 13 4 6 11 16 18 5 7 3 16 10 17 5 17 11 10 14 10 10 7 17 16 12 13 10 15 11 15 4 15 4 21 18 14 13 16 6 14 15 5 13 10 10 7 6 20 5 19 11 6 15 16 10000 3 11 10 1 5 12 16 13 8 19 5 8 10 5 16 12 11 7 18 19 5 12 2 18 9 
13 15 19 4 3 18 11 7 15 18 18 19 7 15 10 22 18 17 12 11 6 4 14 15 6 5 13 18 20 6 9 4 17 11 19 3 18 11 10 16 12 11 7 19 18 14 15 13 16 12 17 5 16 6 23 20 16 14 18 8 16 17 3 13 12 12 7 8 22 4 20 13 6 17 18 3 10000 13 12 3 6 14 17 15 9 20 6 10 11 5 17 14 13 10 19 21 6 14 4 19 11 
11 13 8 14 12 5 13 14 15 5 5 6 11 2 10 12 6 5 2 10 8 15 4 4 8 14 5 6 10 9 7 10 10 6 7 15 11 11 14 5 3 8 13 9 6 6 5 4 13 9 7 12 13 9 12 9 3 10 5 9 3 9 14 11 7 10 11 6 10 14 11 7 13 4 5 11 13 10000 8 11 10 1 11 9 9 11 12 4 11 13 10 4 3 6 10 10 12 7 10 8 9 
17 19 15 11 12 10 17 16 21 9 10 12 14 10 4 19 13 12 9 15 8 12 5 6 10 15 4 13 17 11 4 11 17 12 9 13 19 16 18 13 9 13 15 7 14 4 5 4 19 15 6 8 19 7 19 16 10 16 12 5 9 5 14 16 2 2 14 8 17 15 18 1 9 9 11 10 12 8 10000 9 7 8 18 16 13 18 8 7 16 14 17 5 6 4 18 18 8 3 9 15 2 
13 14 18 4 4 15 11 9 16 15 15 17 7 12 8 21 16 15 10 11 4 5 11 12 5 7 11 15 18 5 7 4 16 10 16 5 17 11 11 14 10 10 8 16 16 11 12 10 15 11 14 3 16 3 21 18 14 13 16 5 13 14 6 13 9 9 7 6 20 6 19 10 5 14 15 1 3 11 9 10000 4 11 16 14 9 19 4 8 11 6 16 11 11 7 18 19 5 11 1 18 8 
15 16 17 5 7 14 14 12 18 13 14 16 10 12 4 21 15 14 10 13 4 6 9 10 6 10 9 15 19 8 4 6 17 11 14 7 18 13 14 14 9 12 11 13 16 9 10 8 17 13 12 2 18 2 21 18 13 14 15 2 12 11 9 15 7 6 10 6 19 9 19 7 4 13 14 5 6 10 7 4 10000 10 18 15 10 19 2 7 13 9 17 9 9 5 18 19 3 9 4 17 5 
11 12 8 15 12 5 13 14 15 6 5 6 11 2 11 11 6 5 2 10 8 15 4 4 9 14 5 5 10 10 7 10 10 6 8 16 11 11 14 5 3 8 13 9 6 7 6 5 12 9 7 12 13 9 11 8 3 9 5 10 2 10 14 10 7 10 11 6 9 14 10 8 14 4 5 12 14 1 8 11 10 10000 11 9 8 11 12 4 11 13 9 5 3 6 10 10 13 8 11 8 10 
5 5 7 20 15 13 10 13 8 14 12 12 12 10 19 8 8 9 10 7 14 20 14 14 12 15 15 8 5 12 16 13 1 7 17 20 2 7 11 7 10 7 12 19 8 17 16 14 4 6 17 19 4 16 8 8 10 4 10 18 11 20 16 5 17 20 12 12 10 15 5 18 20 13 12 16 17 11 18 16 18 11 10000 3 8 5 19 12 7 14 2 15 13 15 4 6 20 18 15 8 19 
3 5 8 17 12 12 8 11 8 13 11 12 9 8 17 10 7 8 7 4 11 18 12 12 10 12 13 7 6 9 13 11 3 5 15 17 4 5 9 6 7 4 10 17 8 15 14 12 4 4 15 16 4 13 10 9 9 2 10 15 10 18 14 3 14 17 9 9 11 12 7 15 18 12 11 13 15 9 16 14 15 9 3 10000 6 7 16 10 5 11 3 13 11 12 5 8 17 16 13 8 16 
5 7 12 12 7 13 5 7 9 13 13 13 4 9 13 14 10 10 7 3 7 13 11 11 5 8 11 10 11 4 10 6 8 3 15 12 9 3 6 8 6 2 5 17 11 13 13 10 7 3 15 11 8 8 14 12 10 5 12 11 10 16 9 5 12 14 4 5 14 7 12 13 13 12 12 8 9 9 13 9 10 8 8 6 10000 12 12 7 3 6 8 11 10 9 10 12 12 14 8 12 13 
9 10 4 23 18 12 14 17 12 13 11 10 15 9 21 4 6 7 10 11 16 23 14 13 15 19 15 6 1 15 17 16 4 10 15 23 4 11 15 6 11 10 16 17 6 16 15 15 9 10 16 21 8 18 4 5 9 8 8 19 10 19 20 9 17 20 15 14 6 18 1 18 23 12 10 19 20 11 18 19 19 11 5 7 12 10000 21 13 11 17 4 14 13 16 2 2 22 18 18 5 20 
16 18 19 4 7 16 15 12 19 15 16 18 10 14 5 23 17 16 12 14 6 5 11 12 8 10 10 17 20 9 6 7 19 12 16 6 20 14 14 16 11 13 11 15 18 10 12 10 18 14 13 1 19 4 23 20 15 16 17 3 14 12 9 16 8 7 11 8 21 10 21 9 2 14 16 5 6 12 8 4 2 12 19 16 12 21 10000 9 14 10 19 11 11 7 20 21 1 10 5 19 6 
11 12 11 11 9 8 12 12 15 8 8 10 9 5 8 14 9 8 3 9 5 12 5 5 6 11 5 9 12 7 4 7 11 6 10 12 13 10 12 8 3 7 10 10 9 6 6 4 13 9 8 9 13 5 14 11 7 10 8 7 6 10 11 10 5 8 9 3 13 11 13 6 10 7 8 8 10 4 7 8 7 4 12 10 7 13 9 10000 10 10 11 5 4 3 12 13 9 7 7 11 7 
3 4 12 14 9 15 3 6 6 15 14 15 5 11 16 14 11 12 9 1 9 14 13 14 7 8 14 11 11 6 12 8 7 5 18 14 8 1 4 10 9 3 5 19 12 15 15 13 5 2 17 13 6 11 15 13 12 4 13 14 12 19 10 3 15 16 5 8 15 8 12 15 15 14 14 10 11 11 16 11 13 11 7 5 3 11 14 10 10000 7 8 14 12 12 10 12 15 16 10 12 16 
10 10 17 9 3 17 6 3 11 17 17 18 3 14 13 20 16 16 11 7 7 8 14 15 5 2 14 16 17 4 11 4 14 9 19 7 15 7 6 14 11 8 3 20 16 15 16 13 12 8 18 9 12 8 20 18 15 10 17 10 15 18 3 10 14 14 3 7 20 2 18 14 10 16 17 5 5 13 14 6 9 13 14 11 6 17 10 10 7 10000 14 14 13 10 16 18 10 16 5 17 13 
6 7 6 20 15 12 11 14 9 13 11 10 12 8 18 7 6 7 8 7 13 20 13 13 12 15 14 6 4 12 15 13 1 7 15 20 2 8 12 5 9 7 13 17 6 15 14 13 6 7 16 18 6 15 7 7 8 5 9 17 9 18 17 6 15 18 12 11 8 15 4 16 20 12 10 16 17 10 17 16 17 9 2 3 8 4 19 11 8 14 10000 13 12 14 3 5 19 17 15 6 18 
14 16 11 13 13 6 16 16 19 5 6 8 13 6 8 15 9 8 6 13 8 15 1 2 10 15 1 9 13 11 5 11 14 9 6 15 15 14 16 9 6 11 15 6 9 2 2 2 16 12 4 11 16 8 15 12 6 13 7 8 5 6 15 14 3 7 13 7 12 15 14 4 12 4 6 12 14 4 5 11 9 5 15 13 11 14 11 5 14 14 13 10000 2 5 14 14 11 4 11 11 6 
13 15 10 14 12 5 15 15 17 5 6 7 12 4 8 13 8 7 4 12 8 15 2 2 9 15 2 8 12 10 5 10 12 8 6 15 14 13 15 8 4 10 14 7 8 4 3 2 15 11 5 11 15 8 13 10 5 12 6 8 4 7 15 13 4 8 12 7 11 14 13 5 12 4 6 11 13 3 6 11 9 3 13 11 10 13 11 4 12 13 12 2 10000 5 12 12 11 5 10 10 7 
13 15 13 10 9 9 14 13 17 9 10 11 10 7 5 17 11 10 6 11 4 11 5 6 6 12 4 11 15 8 1 7 14 8 10 11 15 12 14 10 6 10 12 10 11 5 6 3 15 11 8 7 16 4 17 14 9 12 10 4 8 8 11 13 4 5 10 4 15 11 16 4 8 8 10 7 10 6 4 7 5 6 15 12 9 16 7 3 12 10 14 5 5 10000 15 15 7 6 7 13 5 
8 9 4 22 17 11 13 16 11 13 10 10 14 9 20 5 5 7 9 9 15 22 13 13 14 17 14 6 2 14 16 15 3 9 15 22 3 10 14 5 10 9 15 17 6 16 15 14 8 9 16 20 7 16 5 5 8 7 8 18 10 19 19 8 16 19 14 13 7 17 2 17 21 12 10 18 19 10 18 18 18 10 4 5 10 2 20 12 10 16 3 14 12 15 10000 3 21 17 17 5 19 
10 11 3 23 18 10 15 18 14 11 9 8 16 8 20 2 5 6 10 12 16 23 13 12 15 19 14 5 2 15 16 17 6 10 13 23 6 12 16 5 10 10 17 16 5 15 14 14 10 11 15 21 10 17 3 3 8 9 7 19 9 18 20 10 16 20 16 14 4 19 2 17 22 11 8 19 21 10 18 19 19 10 6 8 12 2 21 13 12 18 5 14 12 15 3 10000 21 17 18 3 19 
17 18 20 4 8 16 15 13 20 15 16 18 11 14 5 23 18 17 12 14 6 5 11 12 8 11 10 17 21 9 6 8 19 13 16 6 20 15 15 16 12 14 12 15 18 11 12 10 19 15 13 2 20 5 23 20 15 16 17 4 14 12 9 16 8 7 11 8 22 10 22 9 2 15 16 5 6 12 8 5 3 13 20 17 12 22 1 9 15 10 19 11 11 7 21 21 10000 10 5 20 6 
17 19 14 13 14 8 18 18 21 7 9 11 15 9 6 18 13 11 9 16 9 14 4 5 11 17 3 12 17 13 5 12 17 12 7 15 18 16 19 12 9 14 17 5 13 2 3 4 19 15 4 10 20 8 18 15 9 16 10 7 8 3 16 17 3 4 15 9 15 16 18 2 11 7 9 12 14 7 3 11 9 8 18 16 14 18 10 7 16 16 17 4 5 6 17 17 10 10000 11 14 4 
12 13 17 5 3 15 10 8 15 15 15 16 6 12 8 20 15 14 9 10 3 6 10 12 4 6 10 15 17 4 7 3 15 9 16 6 16 10 10 13 9 9 7 16 15 11 12 9 14 10 14 4 15 3 20 17 13 12 15 6 13 14 5 12 9 9 6 5 19 6 18 10 6 14 15 2 4 10 9 1 4 11 15 13 8 18 5 7 10 5 15 11 10 7 17 18 5 11 10000 17 9 
11 12 1 21 17 8 15 18 15 9 7 6 15 6 18 4 2 4 8 12 15 22 11 10 14 19 12 3 4 14 14 16 7 9 11 22 7 12 16 4 8 10 16 13 2 13 12 11 11 11 12 19 11 16 4 1 5 9 4 17 7 15 20 11 14 17 15 12 3 18 4 15 21 8 6 18 19 8 15 18 17 8 8 8 12 5 19 11 12 17 6 11 10 13 5 3 20 14 17 10000 17 
17 19 17 9 11 11 17 16 21 10 12 14 13 11 2 20 15 13 10 15 7 11 7 8 10 14 6 14 19 11 4 10 18 12 11 11 19 16 17 14 10 14 15 9 15 5 7 6 19 15 8 7 20 6 20 17 12 16 13 3 11 7 13 17 3 1 14 8 18 14 19 3 7 10 12 9 11 9 2 8 5 10 19 16 13 20 6 7 16 13 18 6 7 5 19 19 6 4 9 17 10000 
