100
10
1000	500	0	1000	3778.000000	9917.000000
9	6	6	6	18.000000	933.000000
8	8	8	8	8069.000000	19.000000
6	0	1	3	1264.000000	8756.000000
9	4	2	7	2073.000000	6555.000000
6	2	6	6	1392.000000	2593.000000
8	6	7	8	8257.000000	8508.000000
10	7	3	7	5591.000000	3425.000000
7	1	4	6	5106.000000	6770.000000
9	5	5	5	2972.000000	2167.000000
8	8	3	3	3420.000000	438.000000
10	7	4	5	4326.000000	7525.000000
8	7	4	5	9190.000000	5027.000000
9	1	3	6	3500.000000	1470.000000
6	5	0	6	1445.000000	3024.000000
8	4	5	8	3431.000000	2715.000000
9	4	0	1	4280.000000	9161.000000
8	6	3	7	182.000000	6758.000000
7	4	7	7	8640.000000	5290.000000
9	8	6	8	3471.000000	2449.000000
9	8	2	6	5881.000000	7019.000000
10	9	8	10	5336.000000	3909.000000
6	0	4	4	9311.000000	9974.000000
7	5	5	6	4791.000000	4080.000000
9	6	4	5	9541.000000	620.000000
8	2	2	6	3510.000000	7694.000000
6	2	1	6	1999.000000	5463.000000
6	5	0	0	408.000000	178.000000
8	8	0	1	943.000000	992.000000
8	7	0	7	2914.000000	2795.000000
6	3	5	6	1084.000000	769.000000
7	7	3	4	3859.000000	2253.000000
7	5	1	1	4775.000000	6044.000000
7	1	3	7	2438.000000	7447.000000
7	1	0	1	5674.000000	1837.000000
10	10	4	5	4744.000000	3020.000000
7	3	2	3	657.000000	2539.000000
8	0	5	5	2976.000000	2645.000000
6	6	4	4	8336.000000	9176.000000
6	2	0	4	4770.000000	7665.000000
6	3	4	5	8082.000000	2163.000000
8	3	2	6	6462.000000	9509.000000
6	5	6	6	1541.000000	2357.000000
8	6	3	6	7018.000000	6658.000000
8	6	8	8	7770.000000	5506.000000
9	7	3	4	1560.000000	2854.000000
7	0	3	4	3529.000000	4140.000000
6	4	1	5	4641.000000	6268.000000
6	2	6	6	8627.000000	5263.000000
9	6	2	7	3658.000000	574.000000
10	7	0	3	1872.000000	388.000000
7	0	1	5	1093.000000	5099.000000
9	3	8	9	3467.000000	7352.000000
8	4	2	2	2568.000000	7111.000000
7	6	6	6	6893.000000	6858.000000
10	2	3	6	8724.000000	8964.000000
6	4	4	6	5217.000000	8892.000000
6	6	6	6	3068.000000	3786.000000
7	2	7	7	2361.000000	7311.000000
7	3	5	5	2724.000000	3914.000000
9	2	5	5	2535.000000	1982.000000
8	0	1	5	7386.000000	7703.000000
6	4	6	6	6039.000000	5723.000000
8	0	6	8	679.000000	6541.000000
10	8	0	7	8684.000000	4343.000000
10	6	9	10	2215.000000	1973.000000
10	7	7	8	692.000000	885.000000
10	6	6	10	3649.000000	7957.000000
10	3	4	7	1921.000000	4051.000000
8	6	3	8	7280.000000	3872.000000
10	2	9	10	6236.000000	5744.000000
10	2	10	10	4966.000000	8460.000000
10	0	4	6	3215.000000	8367.000000
7	0	0	2	3307.000000	8783.000000
10	8	3	7	1700.000000	1254.000000
7	1	7	7	1217.000000	6304.000000
10	2	7	10	359.000000	1139.000000
8	4	4	4	5369.000000	1654.000000
10	8	5	6	8332.000000	84.000000
6	3	2	6	6466.000000	9495.000000
6	1	6	6	2162.000000	881.000000
7	5	4	4	5222.000000	8502.000000
6	6	1	1	1458.000000	4191.000000
10	0	1	3	4190.000000	5507.000000
10	0	4	6	9705.000000	2535.000000
10	1	0	3	76.000000	7757.000000
10	7	0	8	1783.000000	2244.000000
10	10	0	5	2460.000000	8515.000000
9	9	8	9	3186.000000	983.000000
6	3	4	5	1423.000000	2720.000000
8	3	5	8	2026.000000	8806.000000
9	7	7	7	6836.000000	7298.000000
9	7	8	8	729.000000	7588.000000
7	2	7	7	931.000000	5577.000000
8	2	7	8	7054.000000	1007.000000
8	3	7	8	4376.000000	3427.000000
10	2	8	10	4064.000000	834.000000
6	3	3	4	5762.000000	804.000000
7	4	1	1	3189.000000	1442.000000
6	5	6	6	1319.000000	9071.000000
7	1	3	6	8284.000000	8303.000000
10000 20 22 6 8 16 10 14 7 16 19 5 15 17 15 15 2 10 14 15 8 13 12 12 22 5 10 21 19 15 20 16 8 6 17 14 17 15 10 5 18 6 16 10 12 15 12 8 14 19 20 12 6 7 9 11 4 13 6 13 17 9 10 10 15 17 20 4 13 14 10 4 4 3 18 9 19 17 22 6 19 5 13 9 19 9 16 4 18 16 5 9 8 11 19 14 19 19 17 6 10 
20 10000 17 16 12 5 23 13 16 7 7 16 21 8 6 8 19 12 20 8 17 13 26 12 20 16 10 2 2 7 3 9 14 14 12 11 4 7 24 17 17 22 5 19 19 5 10 15 20 8 4 9 15 14 19 24 20 9 14 9 6 21 16 12 19 5 2 16 8 16 16 19 17 18 4 12 1 11 17 22 5 19 8 13 20 14 5 16 7 5 17 19 14 10 15 11 9 12 7 17 23 
22 17 10000 23 18 15 17 9 15 12 10 17 11 10 15 11 20 21 11 11 15 10 21 11 4 18 17 16 15 12 15 10 14 19 7 9 16 12 19 17 5 20 14 14 11 15 13 15 11 9 13 18 18 18 14 18 19 13 19 14 12 16 13 20 9 13 15 19 15 8 13 18 20 20 13 19 16 7 1 20 12 18 16 14 7 23 14 21 10 15 22 15 22 19 3 11 9 5 11 23 17 
6 16 23 10000 5 13 14 14 9 14 18 7 18 16 12 13 7 5 17 14 10 13 17 12 24 5 7 18 16 13 16 15 9 4 17 14 13 13 15 8 19 11 13 13 15 12 11 9 17 18 17 8 6 5 12 15 8 11 4 11 14 13 12 5 18 14 16 6 10 16 12 8 4 5 16 5 16 17 23 11 16 8 10 9 21 4 14 3 17 13 2 12 3 7 20 13 17 19 16 1 15 
8 12 18 5 10000 9 13 10 7 9 13 5 15 11 8 9 7 4 14 9 8 9 17 8 20 4 3 14 12 8 12 10 6 2 12 9 9 9 14 6 15 11 9 10 12 8 6 6 14 13 13 4 4 2 10 15 8 6 2 6 10 11 9 3 14 10 12 5 6 12 9 7 5 6 11 2 12 12 19 11 12 8 5 5 18 5 9 4 12 8 5 10 4 4 15 8 13 14 11 6 13 
16 5 15 13 9 10000 19 9 12 4 6 12 17 5 1 5 15 9 16 5 13 9 22 8 17 12 6 6 4 4 4 5 10 10 9 7 2 4 20 13 14 18 1 14 15 1 6 10 16 7 5 6 11 10 14 20 15 5 10 4 3 16 12 9 15 3 4 12 4 13 12 14 13 13 3 8 4 9 15 18 4 15 4 9 17 11 2 13 5 1 13 15 11 7 12 7 7 10 5 13 18 
10 23 17 14 13 19 10000 12 8 17 19 9 8 17 18 16 9 17 7 16 6 11 4 12 16 10 14 23 21 16 22 16 9 12 15 14 20 16 2 8 13 5 19 5 7 18 13 9 7 19 21 16 10 12 5 2 7 15 13 15 18 3 8 16 9 18 22 10 16 10 7 7 11 10 20 15 22 15 17 5 20 7 17 11 13 17 19 12 19 18 13 4 16 16 16 13 18 17 18 14 1 
14 13 9 14 10 9 12 10000 7 6 8 9 8 6 9 5 12 13 8 5 8 2 16 3 10 10 9 13 11 6 11 5 6 11 4 2 11 6 13 9 6 13 9 8 7 9 5 6 8 7 10 10 9 10 8 13 11 6 11 6 7 10 5 12 7 8 12 10 8 4 5 11 11 12 9 11 12 4 9 13 9 11 9 6 9 15 8 12 7 9 13 9 13 11 6 3 7 6 7 15 12 
7 16 15 9 7 12 8 7 10000 11 14 3 9 12 11 9 6 10 8 10 2 6 11 6 16 4 7 17 15 10 15 10 2 6 10 8 13 10 9 2 11 7 12 4 6 11 7 2 8 13 15 9 4 6 4 9 5 8 6 8 11 5 3 9 9 12 15 4 9 8 4 4 5 6 13 8 15 11 15 7 14 4 9 4 13 11 12 7 13 11 8 4 9 9 13 7 13 13 12 9 8 
16 7 12 14 9 4 17 6 11 10000 4 12 14 2 4 2 15 11 13 2 12 6 21 6 14 12 7 7 5 2 5 2 9 11 6 4 5 1 18 12 11 17 3 13 12 4 5 9 13 4 5 7 11 10 13 18 15 4 11 4 1 15 10 10 13 2 6 12 5 10 10 14 13 14 4 9 6 5 12 17 4 14 6 8 14 13 3 13 3 4 14 13 12 8 9 4 4 7 2 15 17 
19 7 10 18 13 6 19 8 14 4 10000 15 15 3 7 5 18 15 15 5 15 8 23 8 13 15 11 7 6 5 5 4 12 15 6 6 7 5 21 15 10 20 6 15 14 7 8 12 15 1 4 11 14 14 15 21 18 7 14 8 4 17 12 14 14 4 6 16 8 11 13 17 16 17 4 13 7 5 10 20 3 17 9 11 14 17 5 17 2 7 17 16 16 12 8 7 2 5 3 18 19 
5 16 17 7 5 12 9 9 3 12 15 10000 11 13 11 10 4 9 10 11 4 8 12 7 18 2 7 17 15 10 15 11 4 4 12 10 13 11 9 1 14 6 12 6 8 11 7 3 10 14 16 9 2 4 6 10 4 8 4 8 12 7 5 8 11 12 16 2 9 10 6 3 3 4 14 7 16 12 17 6 14 3 9 5 15 9 12 5 14 12 6 6 8 8 15 9 14 14 13 7 9 
15 21 11 18 15 17 8 8 9 14 15 11 10000 14 16 13 13 19 2 13 8 9 10 9 9 13 15 21 19 14 19 13 10 15 10 10 18 14 9 11 7 11 17 6 3 16 12 10 2 15 18 17 13 14 6 8 12 13 15 14 15 7 7 18 2 16 19 13 15 5 7 11 14 14 17 17 20 11 11 11 17 11 16 11 6 20 16 16 15 17 17 7 18 17 10 11 14 11 14 18 7 
17 8 10 16 11 5 17 6 12 2 3 13 14 10000 6 3 16 13 13 2 13 7 21 6 13 13 9 7 6 3 6 2 10 13 5 4 7 3 19 13 10 18 5 13 12 5 6 10 13 2 4 9 12 12 13 19 16 5 12 6 3 15 10 12 12 3 6 13 7 9 11 15 14 15 4 11 7 4 11 18 3 15 7 9 13 15 4 15 2 5 15 14 14 10 8 5 2 5 1 16 17 
15 6 15 12 8 1 18 9 11 4 7 11 16 6 10000 5 14 8 16 5 12 8 21 8 17 11 6 7 5 3 5 6 9 10 9 7 2 4 19 12 14 17 2 14 14 1 5 10 16 7 6 5 10 9 14 19 14 4 9 4 4 16 11 8 15 3 5 11 3 12 12 13 12 13 4 7 5 9 15 17 5 14 3 8 17 10 2 12 6 1 12 14 10 6 12 6 7 10 5 13 18 
15 8 11 13 9 5 16 5 9 2 5 10 13 3 5 10000 14 11 12 1 10 5 19 4 13 10 7 8 7 2 7 2 8 10 5 3 6 1 17 11 10 15 4 11 11 4 3 8 12 5 6 7 10 9 11 17 13 3 10 3 3 13 8 10 11 3 7 11 5 9 9 12 12 13 5 9 7 5 12 15 5 13 5 6 13 13 4 12 4 5 13 12 12 8 9 3 4 7 3 14 15 
2 19 20 7 7 15 9 12 6 15 18 4 13 16 14 14 10000 10 12 14 6 11 11 11 21 4 9 20 18 14 18 14 7 6 15 13 16 14 9 4 16 5 15 8 11 14 11 6 12 18 19 11 4 6 7 9 2 12 6 11 15 7 8 9 14 15 19 3 12 13 8 2 3 3 17 9 18 16 20 5 18 3 12 8 18 9 15 4 17 15 5 7 8 10 18 12 17 17 16 6 9 
10 12 21 5 4 9 17 13 10 11 15 9 19 13 8 11 10 10000 18 11 12 12 20 11 23 7 5 14 12 10 13 12 10 5 15 12 9 10 18 10 19 14 10 14 16 9 9 9 18 15 14 4 7 5 14 18 11 9 5 8 11 15 12 2 18 11 12 8 7 16 13 11 7 8 12 3 12 15 22 14 13 11 6 9 21 3 10 6 14 9 6 14 2 3 18 11 15 17 13 6 17 
14 20 11 17 14 16 7 8 8 13 15 10 2 13 16 12 12 18 10000 12 7 8 10 9 10 12 14 20 18 13 18 12 8 14 10 10 17 13 8 10 7 10 16 5 2 15 11 9 1 14 17 16 12 13 5 8 10 12 14 13 14 6 6 17 2 15 19 12 14 4 5 10 13 13 17 15 19 10 11 10 16 10 15 9 6 18 16 14 14 16 15 6 17 16 10 10 13 11 14 17 7 
15 8 11 14 9 5 16 5 10 2 5 11 13 2 5 1 14 11 12 10000 11 5 20 5 13 11 7 8 6 2 6 1 8 11 5 3 6 2 17 11 10 16 4 12 11 4 4 8 12 4 6 8 10 10 12 17 14 3 10 4 3 14 9 10 12 3 7 12 5 9 9 13 12 13 5 9 7 5 11 16 5 13 6 7 13 13 4 13 3 5 14 12 12 9 8 3 4 6 3 14 16 
8 17 15 10 8 13 6 8 2 12 15 4 8 13 12 10 6 12 7 11 10000 7 10 7 15 5 9 18 16 11 16 11 3 7 11 9 14 11 7 3 11 6 13 3 5 13 8 3 7 14 16 11 5 7 3 7 4 9 8 9 13 4 3 11 8 13 17 5 10 7 3 4 6 7 15 10 17 11 15 6 15 4 11 5 12 12 13 8 14 13 9 2 11 11 13 8 13 13 13 11 6 
13 13 10 13 9 9 11 2 6 6 8 8 9 7 8 5 11 12 8 5 7 10000 15 2 11 9 8 13 11 6 11 5 5 10 5 3 10 6 13 8 7 12 9 7 6 8 4 5 8 8 10 9 8 9 7 13 10 5 10 6 7 9 4 11 7 8 12 9 7 4 5 10 10 11 10 10 12 5 10 12 9 10 8 4 10 14 8 11 8 9 12 8 12 10 7 3 7 7 7 14 11 
12 26 21 17 17 22 4 16 11 21 23 12 10 21 21 19 11 20 10 20 10 15 10000 15 19 13 18 27 25 20 25 19 13 15 18 17 23 20 3 11 16 6 22 9 10 22 17 12 10 22 25 20 13 15 8 3 9 18 15 18 21 6 11 19 12 22 26 13 19 13 11 10 13 13 24 18 26 19 20 6 24 9 20 14 15 19 22 15 22 22 15 8 18 19 19 17 22 20 22 17 4 
12 12 11 12 8 8 12 3 6 6 8 7 9 6 8 4 11 11 9 5 7 2 15 10000 12 8 7 12 10 5 10 5 4 9 5 3 9 5 13 8 8 12 8 7 7 7 3 5 9 8 10 8 8 8 7 13 10 4 9 5 7 9 5 10 8 7 11 9 6 5 5 9 10 10 9 9 11 5 11 12 9 9 7 4 11 12 8 11 7 8 11 8 11 9 8 2 7 7 7 13 11 
22 20 4 24 20 17 16 10 16 14 13 18 9 13 17 13 21 23 10 13 15 11 19 12 10000 19 18 19 18 14 17 12 15 20 9 11 19 14 18 18 5 19 17 14 11 17 14 15 10 12 16 20 19 20 14 17 19 15 20 16 15 15 13 22 8 15 18 19 17 8 13 19 21 21 16 21 19 9 3 19 15 18 18 15 4 24 16 22 13 17 23 15 23 20 6 12 11 8 13 24 16 
5 16 18 5 4 12 10 10 4 12 15 2 13 13 11 10 4 7 12 11 5 9 13 8 19 10000 6 17 15 10 15 11 5 3 13 10 12 11 11 3 15 7 12 8 10 11 8 4 12 15 15 8 1 3 7 11 5 8 3 8 12 8 7 7 13 12 15 1 8 11 7 4 2 3 14 6 15 13 19 7 14 4 9 5 17 7 12 3 14 11 4 7 6 7 16 9 14 15 13 6 10 
10 10 17 7 3 6 14 9 7 7 11 7 15 9 6 7 9 5 14 7 9 8 18 7 18 6 10000 12 10 6 10 8 6 5 11 8 7 6 15 8 14 13 7 11 12 6 5 6 14 11 11 2 5 4 11 16 10 4 4 4 8 12 9 4 14 7 10 6 3 12 9 9 7 8 9 3 10 11 17 13 10 9 3 5 17 6 7 7 10 6 7 11 5 3 14 7 11 12 9 8 14 
21 2 16 18 14 6 23 13 17 7 7 17 21 7 7 8 20 14 20 8 18 13 27 12 19 17 12 10000 2 8 2 9 15 16 12 11 5 8 24 18 16 23 5 19 19 6 11 15 20 7 3 10 16 15 19 25 20 9 15 9 6 21 16 13 19 6 2 17 9 16 17 19 18 19 4 13 2 11 16 23 4 20 9 14 20 16 5 18 6 6 18 20 15 11 14 11 8 11 7 18 23 
19 2 15 16 12 4 21 11 15 5 6 15 19 6 5 7 18 12 18 6 16 11 25 10 18 15 10 2 10000 6 1 7 13 14 10 9 4 6 23 16 15 21 3 17 17 4 9 13 18 6 3 9 14 13 17 23 18 8 13 7 4 19 14 12 17 4 1 15 7 14 15 17 16 17 2 11 2 9 15 21 3 18 7 12 18 14 4 16 5 4 16 18 14 10 13 9 7 10 5 17 21 
15 7 12 13 8 4 16 6 10 2 5 10 14 3 3 2 14 10 13 2 11 6 20 5 14 10 6 8 6 10000 6 3 8 10 6 4 5 1 17 11 11 16 3 12 12 3 3 8 13 5 6 6 10 9 12 17 14 3 10 3 2 14 9 9 12 3 6 11 4 9 9 13 12 13 4 8 7 6 13 16 5 13 5 6 14 12 3 12 4 3 13 12 11 7 10 4 5 7 3 13 16 
20 3 15 16 12 4 22 11 15 5 5 15 19 6 5 7 18 13 18 6 16 11 25 10 17 15 10 2 1 6 10000 7 13 14 10 9 4 6 23 16 15 21 4 17 17 5 9 14 18 6 2 9 15 14 17 23 19 8 14 8 4 19 15 12 17 4 1 16 7 14 15 18 16 17 2 12 2 9 15 21 3 18 7 12 18 15 4 16 5 4 17 18 14 10 12 9 6 10 5 17 21 
16 9 10 15 10 5 16 5 10 2 4 11 13 2 6 2 14 12 12 1 11 5 19 5 12 11 8 9 7 3 7 10000 8 11 4 3 7 2 17 11 9 16 5 11 11 5 4 9 12 4 6 8 11 11 12 17 14 4 11 5 3 13 9 11 11 4 7 12 6 8 9 13 13 14 5 10 8 4 10 16 5 13 7 7 12 14 5 13 3 5 14 12 13 9 7 3 3 5 3 15 15 
8 14 14 9 6 10 9 6 2 9 12 4 10 10 9 8 7 10 8 8 3 5 13 4 15 5 6 15 13 8 13 8 10000 6 9 7 11 8 10 4 11 8 10 5 7 10 5 1 8 12 13 8 4 5 5 10 6 6 6 6 10 7 3 9 9 10 14 5 7 7 3 5 6 7 12 8 14 9 14 8 12 5 8 2 13 11 10 7 11 10 8 5 9 8 12 6 11 11 10 10 9 
6 14 19 4 2 10 12 11 6 11 15 4 15 13 10 10 6 5 14 11 7 10 15 9 20 3 5 16 14 10 14 11 6 10000 13 10 11 10 13 5 16 10 11 10 12 10 7 5 14 14 15 6 3 1 9 13 7 8 1 8 11 10 8 4 14 11 14 3 7 13 9 6 3 4 13 4 14 13 19 10 14 6 7 6 18 5 11 3 14 10 3 9 4 5 16 9 14 15 13 4 12 
17 12 7 17 12 9 15 4 10 6 6 12 10 5 9 5 15 15 10 5 11 5 18 5 9 13 11 12 10 6 10 4 9 13 10000 4 11 6 16 12 5 16 9 11 9 9 7 10 10 5 9 12 12 13 11 16 15 7 13 8 7 13 8 14 8 7 11 13 9 6 8 14 14 15 9 13 11 1 7 16 8 14 10 8 9 17 8 15 6 9 16 12 16 13 4 5 4 3 6 17 14 
14 11 9 14 9 7 14 2 8 4 6 10 10 4 7 3 13 12 10 3 9 3 17 3 11 10 8 11 9 4 9 3 7 10 4 10000 9 4 15 10 7 14 7 9 8 7 4 7 9 6 8 9 10 10 9 15 12 4 10 5 5 11 6 11 9 6 10 11 7 6 7 11 12 12 8 10 10 4 10 14 7 12 7 6 10 14 7 12 6 7 13 10 13 10 7 2 5 5 5 14 13 
17 4 16 13 9 2 20 11 13 5 7 13 18 7 2 6 16 9 17 6 14 10 23 9 19 12 7 5 4 5 4 7 11 11 11 9 10000 5 21 14 15 19 2 16 16 2 7 11 17 8 5 6 12 10 16 21 16 6 11 5 4 17 13 9 17 4 4 13 4 14 13 15 13 14 4 8 3 10 17 19 5 16 4 10 19 11 3 13 6 2 13 16 11 7 14 8 8 11 6 14 20 
15 7 12 13 9 4 16 6 10 1 5 11 14 3 4 1 14 10 13 2 11 6 20 5 14 11 6 8 6 1 6 2 8 10 6 4 5 10000 17 11 11 16 3 12 12 3 4 8 13 5 6 7 10 9 12 18 14 3 10 3 2 14 9 10 12 3 6 11 4 9 9 13 12 13 4 9 7 6 12 16 4 13 5 7 14 12 3 12 4 4 13 13 11 8 9 4 5 7 3 14 16 
10 24 19 15 14 20 2 13 9 18 21 9 9 19 19 17 9 18 8 17 7 13 3 13 18 11 15 24 23 17 23 17 10 13 16 15 21 17 10000 8 15 4 20 6 8 19 14 10 8 20 22 17 11 13 6 1 7 16 13 16 19 4 9 17 10 19 23 10 17 11 9 7 11 11 21 16 23 17 19 4 21 7 17 12 14 17 20 12 20 19 13 5 16 17 17 14 19 18 19 15 2 
5 17 17 8 6 13 8 9 2 12 15 1 11 13 12 11 4 10 10 11 3 8 11 8 18 3 8 18 16 11 16 11 4 5 12 10 14 11 8 10000 13 6 13 5 8 12 8 3 10 15 16 9 3 5 5 9 3 9 5 9 13 6 5 9 11 13 16 3 10 10 5 2 4 4 15 8 16 13 17 5 15 2 10 5 15 10 13 5 14 12 6 5 9 9 15 9 14 14 13 8 8 
18 17 5 19 15 14 13 6 11 11 10 14 7 10 14 10 16 19 7 10 11 7 16 8 5 15 14 16 15 11 15 9 11 16 5 7 15 11 15 13 10000 16 14 10 7 14 10 11 7 10 13 16 14 15 10 14 15 11 16 12 12 12 9 18 5 12 15 15 13 4 9 15 16 17 13 17 16 6 5 16 13 14 14 11 4 20 13 17 11 14 18 11 19 16 4 8 9 6 10 20 13 
6 22 20 11 11 18 5 13 7 17 20 6 11 18 17 15 5 14 10 16 6 12 6 12 19 7 13 23 21 16 21 16 8 10 16 14 19 16 4 6 16 10000 18 6 9 17 13 8 10 19 21 14 8 10 6 5 3 14 10 14 17 5 8 14 12 18 21 7 15 12 8 4 7 7 20 13 21 16 20 1 20 4 15 10 16 14 18 9 19 17 9 5 13 14 18 13 19 18 18 11 5 
16 5 14 13 9 1 19 9 12 3 6 12 17 5 2 4 15 10 16 4 13 9 22 8 17 12 7 5 3 3 4 5 10 11 9 7 2 3 20 13 14 18 10000 14 14 1 6 10 16 6 4 6 11 10 14 20 15 5 11 4 3 16 12 9 15 2 4 12 4 12 12 14 13 14 3 8 4 8 15 18 4 15 4 9 17 12 1 13 5 1 13 15 11 7 12 7 6 9 4 14 18 
10 19 14 13 10 14 5 8 4 13 15 6 6 13 14 11 8 14 5 12 3 7 9 7 14 8 11 19 17 12 17 11 5 10 11 9 16 12 6 5 10 6 14 10000 3 14 9 5 5 14 17 13 8 9 1 6 6 10 10 11 13 3 3 13 6 14 18 8 12 6 3 6 9 9 16 12 18 11 14 6 16 6 13 7 10 15 14 10 14 14 11 2 13 13 12 9 14 12 13 13 5 
12 19 11 15 12 15 7 7 6 12 14 8 3 12 14 11 11 16 2 11 5 6 10 7 11 10 12 19 17 12 17 11 7 12 9 8 16 12 8 8 7 9 14 3 10000 14 9 7 2 13 16 14 10 11 4 8 9 11 12 11 13 5 4 15 3 14 17 10 13 4 4 9 11 12 15 14 18 10 11 9 15 8 13 8 8 17 14 13 13 14 14 5 15 14 10 8 12 11 13 15 6 
15 5 15 12 8 1 18 9 11 4 7 11 16 5 1 4 14 9 15 4 13 8 22 7 17 11 6 6 4 3 5 5 10 10 9 7 2 3 19 12 14 17 1 14 14 10000 5 10 15 7 5 5 10 9 14 19 15 4 10 4 3 16 11 8 15 3 5 12 3 12 11 14 12 13 4 7 5 8 15 17 5 14 3 8 17 11 2 12 5 1 12 14 10 6 12 6 7 10 5 13 18 
12 10 13 11 6 6 13 5 7 5 8 7 12 6 5 3 11 9 11 4 8 4 17 3 14 8 5 11 9 3 9 4 5 7 7 4 7 4 14 8 10 13 6 9 9 5 10000 5 11 8 9 6 7 7 9 15 11 2 7 2 5 11 6 8 11 6 9 8 4 8 7 10 9 10 7 7 9 7 13 13 8 10 5 4 13 11 6 10 7 6 10 10 9 6 10 3 7 9 6 11 13 
8 15 15 9 6 10 9 6 2 9 12 3 10 10 10 8 6 9 9 8 3 5 12 5 15 4 6 15 13 8 14 9 1 5 10 7 11 8 10 3 11 8 10 5 7 10 5 10000 9 12 13 8 4 5 5 10 6 6 6 7 10 7 4 8 9 10 14 4 8 8 4 5 6 6 12 7 14 10 15 8 12 5 8 2 13 10 10 7 11 10 8 5 9 8 12 6 11 12 11 9 9 
14 20 11 17 14 16 7 8 8 13 15 10 2 13 16 12 12 18 1 12 7 8 10 9 10 12 14 20 18 13 18 12 8 14 10 9 17 13 8 10 7 10 16 5 2 15 11 9 10000 14 17 16 12 13 5 8 10 12 14 13 14 6 6 17 2 15 19 12 14 4 5 10 13 13 17 15 19 10 11 10 16 10 15 9 6 18 15 14 14 16 15 6 17 16 10 10 13 11 14 17 7 
19 8 9 18 13 7 19 7 13 4 1 14 15 2 7 5 18 15 14 4 14 8 22 8 12 15 11 7 6 5 6 4 12 14 5 6 8 5 20 15 10 19 6 14 13 7 8 12 14 10000 4 11 14 14 15 20 17 7 14 7 4 17 12 14 13 5 6 15 8 10 12 16 16 17 5 13 7 5 10 19 4 17 9 10 13 17 6 17 2 7 17 15 16 12 7 6 1 5 2 18 19 
20 4 13 17 13 5 21 10 15 5 4 16 18 4 6 6 19 14 17 6 16 10 25 10 16 15 11 3 3 6 2 6 13 15 9 8 5 6 22 16 13 21 4 17 16 5 9 13 17 4 10000 10 15 14 17 22 19 8 14 8 4 19 14 13 16 4 3 16 8 13 14 18 17 18 2 12 4 8 13 21 2 18 8 12 17 16 4 17 3 5 17 18 15 11 11 8 5 8 4 18 21 
12 9 18 8 4 6 16 10 9 7 11 9 17 9 5 7 11 4 16 8 11 9 20 8 20 8 2 10 9 6 9 8 8 6 12 9 6 7 17 9 16 14 6 13 14 5 6 8 16 11 10 10000 7 5 13 18 12 5 6 5 7 14 10 4 16 7 9 8 3 13 11 11 8 9 8 3 9 11 18 14 9 11 2 7 18 6 6 8 10 5 8 13 6 2 15 8 11 13 9 8 16 
6 15 18 6 4 11 10 9 4 11 14 2 13 12 10 10 4 7 12 10 5 8 13 8 19 1 5 16 14 10 15 11 4 3 12 10 12 10 11 3 14 8 11 8 10 10 7 4 12 14 15 7 10000 2 7 11 5 8 3 8 11 8 7 6 13 12 15 2 8 11 7 4 3 3 13 5 14 13 18 8 14 5 8 4 16 7 11 4 13 11 5 7 6 7 15 9 14 14 12 6 10 
7 14 18 5 2 10 12 10 6 10 14 4 14 12 9 9 6 5 13 10 7 9 15 8 20 3 4 15 13 9 14 11 5 1 13 10 10 9 13 5 15 10 10 9 11 9 7 5 13 14 14 5 2 10000 9 13 7 7 1 7 11 10 8 4 14 11 14 3 7 12 8 6 3 4 12 4 13 13 19 10 13 6 7 5 17 6 10 3 13 10 4 9 4 5 16 9 13 15 12 5 12 
9 19 14 12 10 14 5 8 4 13 15 6 6 13 14 11 7 14 5 12 3 7 8 7 14 7 11 19 17 12 17 12 5 9 11 9 16 12 6 5 10 6 14 1 4 14 9 5 5 15 17 13 7 9 10000 6 6 10 10 11 14 2 3 13 7 14 18 7 12 7 3 6 8 9 16 12 18 11 14 6 16 5 13 7 11 14 14 10 14 14 11 1 13 13 12 9 14 13 14 12 5 
11 24 18 15 15 20 2 13 9 18 21 10 8 19 19 17 9 18 8 17 7 13 3 13 17 11 16 25 23 17 23 17 10 13 16 15 21 18 1 9 14 5 20 6 8 19 15 10 8 20 22 18 11 13 6 10000 8 16 14 16 19 4 9 17 10 20 23 11 17 11 9 8 12 11 21 16 23 17 18 5 21 8 18 12 14 18 20 13 20 20 14 6 17 17 17 15 19 18 19 15 2 
4 20 19 8 8 15 7 11 5 15 18 4 12 16 14 13 2 11 10 14 4 10 9 10 19 5 10 20 18 14 19 14 6 7 15 12 16 14 7 3 15 3 15 6 9 15 11 6 10 17 19 12 5 7 6 8 10000 12 7 12 15 5 7 11 12 16 19 4 12 11 7 1 5 4 17 10 19 15 19 3 18 1 13 8 16 11 15 6 17 15 7 5 10 11 17 12 17 17 16 8 7 
13 9 13 11 6 5 15 6 8 4 7 8 13 5 4 3 12 9 12 3 9 5 18 4 15 8 4 9 8 3 8 4 6 8 7 4 6 3 16 9 11 14 5 10 11 4 2 6 12 7 8 5 8 7 10 16 12 10000 8 1 4 12 8 8 12 5 8 9 3 9 8 11 10 11 6 7 8 7 13 14 7 11 4 5 14 10 5 10 6 4 11 11 9 6 10 3 7 9 5 12 14 
6 14 19 4 2 10 13 11 6 11 14 4 15 12 9 10 6 5 14 10 8 10 15 9 20 3 4 15 13 10 14 11 6 1 13 10 11 10 13 5 16 10 11 10 12 10 7 6 14 14 14 6 3 1 10 14 7 8 10000 7 11 11 9 4 14 11 14 3 7 13 9 6 3 4 13 4 13 13 19 10 13 7 7 6 18 5 11 3 13 10 4 9 4 5 16 9 14 15 12 5 13 
13 9 14 11 6 4 15 6 8 4 8 8 14 6 4 3 11 8 13 4 9 6 18 5 16 8 4 9 7 3 8 5 6 8 8 5 5 3 16 9 12 14 4 11 11 4 2 7 13 7 8 5 8 7 11 16 12 1 7 10000 4 13 8 7 12 5 8 9 2 10 8 11 9 10 6 6 8 7 14 14 7 11 3 5 15 10 4 10 6 4 10 11 9 5 11 4 7 9 6 11 15 
17 6 12 14 10 3 18 7 11 1 4 12 15 3 4 3 15 11 14 3 13 7 21 7 15 12 8 6 4 2 4 3 10 11 7 5 4 2 19 13 12 17 3 13 13 3 5 10 14 4 4 7 11 11 14 19 15 4 11 4 10000 16 11 10 14 1 5 13 5 11 11 14 13 14 3 10 5 6 13 17 3 15 5 8 15 13 2 14 3 3 14 14 12 8 10 5 4 7 2 15 18 
9 21 16 13 11 16 3 10 5 15 17 7 7 15 16 13 7 15 6 14 4 9 6 9 15 8 12 21 19 14 19 13 7 10 13 11 17 14 4 6 12 5 16 3 5 16 11 7 6 17 19 14 8 10 2 4 5 12 11 13 16 10000 5 14 8 16 20 8 14 8 5 6 9 9 18 13 20 13 16 5 18 5 14 8 12 15 16 10 16 16 11 2 14 14 14 11 16 15 16 13 3 
10 16 13 12 9 12 8 5 3 10 12 5 7 10 11 8 8 12 6 9 3 4 11 5 13 7 9 16 14 9 15 9 3 8 8 6 13 9 9 5 9 8 12 3 4 11 6 4 6 12 14 10 7 8 3 9 7 8 9 8 11 5 10000 11 6 11 15 7 9 5 1 6 8 9 13 10 15 9 13 8 13 6 10 4 10 13 11 10 12 12 11 4 12 11 10 6 11 10 11 12 7 
10 12 20 5 3 9 16 12 9 10 14 8 18 12 8 10 9 2 17 10 11 11 19 10 22 7 4 13 12 9 12 11 9 4 14 11 9 10 17 9 18 14 9 13 15 8 8 8 17 14 13 4 6 4 13 17 11 8 4 7 10 14 11 10000 17 10 12 7 6 15 12 10 7 7 11 2 11 14 21 13 12 10 5 8 20 3 9 6 13 8 6 13 3 2 17 10 14 16 12 6 16 
15 19 9 18 14 15 9 7 9 13 14 11 2 12 15 11 14 18 2 12 8 7 12 8 8 13 14 19 17 12 17 11 9 14 8 9 17 12 10 11 5 12 15 6 3 15 11 9 2 13 16 16 13 14 7 10 12 12 14 12 14 8 6 17 10000 14 18 13 14 3 6 12 14 14 16 16 18 9 9 12 15 11 15 10 5 19 15 15 13 15 17 7 18 16 8 9 12 10 13 18 8 
17 5 13 14 10 3 18 8 12 2 4 12 16 3 3 3 15 11 15 3 13 8 22 7 15 12 7 6 4 3 4 4 10 11 7 6 4 3 19 13 12 18 2 14 14 3 6 10 15 5 4 7 12 11 14 20 16 5 11 5 1 16 11 10 14 10000 4 13 5 11 12 15 13 14 2 9 5 7 13 18 3 15 5 9 16 13 2 14 3 3 14 15 12 8 10 6 5 8 3 15 18 
20 2 15 16 12 4 22 12 15 6 6 16 19 6 5 7 19 12 19 7 17 12 26 11 18 15 10 2 1 6 1 7 14 14 11 10 4 6 23 16 15 21 4 18 17 5 9 14 19 6 3 9 15 14 18 23 19 8 14 8 5 20 15 12 18 4 10000 16 7 15 15 18 16 17 3 11 1 10 16 21 3 18 7 12 19 14 4 16 5 4 17 18 14 10 13 9 7 11 6 17 22 
4 16 19 6 5 12 10 10 4 12 16 2 13 13 11 11 3 8 12 12 5 9 13 9 19 1 6 17 15 11 16 12 5 3 13 11 13 11 10 3 15 7 12 8 10 12 8 4 12 15 16 8 2 3 7 11 4 9 3 9 13 8 7 7 13 13 16 10000 9 11 7 3 2 2 14 6 16 14 19 7 15 4 9 6 17 8 13 3 14 12 4 7 6 8 16 10 15 15 14 6 10 
13 8 15 10 6 4 16 8 9 5 8 9 15 7 3 5 12 7 14 5 10 7 19 6 17 8 3 9 7 4 7 6 7 7 9 7 4 4 17 10 13 15 4 12 13 3 4 8 14 8 8 3 8 7 12 17 12 3 7 2 5 14 9 6 14 5 7 9 10000 11 10 11 10 10 6 5 7 9 16 15 7 12 1 6 16 9 4 9 7 3 10 12 8 4 12 6 8 11 6 11 16 
14 16 8 16 12 13 10 4 8 10 11 10 5 9 12 9 13 16 4 9 7 4 13 5 8 11 12 16 14 9 14 8 7 13 6 6 14 9 11 10 4 12 12 6 4 12 8 8 4 10 13 13 11 12 7 11 11 9 13 10 11 8 5 15 3 11 15 11 11 10000 5 11 13 13 13 14 15 6 8 12 12 11 12 7 6 17 12 14 11 12 15 7 16 14 6 6 9 7 10 16 10 
10 16 13 12 9 12 7 5 4 10 13 6 7 11 12 9 8 13 5 9 3 5 11 5 13 7 9 17 15 9 15 9 3 9 8 7 13 9 9 5 9 8 12 3 4 11 7 4 5 12 14 11 7 8 3 9 7 8 9 8 11 5 1 12 6 12 15 7 10 5 10000 6 9 9 13 11 15 9 13 8 13 6 11 5 10 13 12 10 12 12 11 4 12 11 10 6 11 10 11 12 7 
4 19 18 8 7 14 7 11 4 14 17 3 11 15 13 12 2 11 10 13 4 10 10 9 19 4 9 19 17 13 18 13 5 6 14 11 15 13 7 2 15 4 14 6 9 14 10 5 10 16 18 11 4 6 6 8 1 11 6 11 14 6 6 10 12 15 18 3 11 11 6 10000 4 4 16 9 18 14 19 4 17 1 12 7 16 10 14 6 16 14 6 5 9 10 16 11 16 16 15 8 7 
4 17 20 4 5 13 11 11 5 13 16 3 14 14 12 12 3 7 13 12 6 10 13 10 21 2 7 18 16 12 16 13 6 3 14 12 13 12 11 4 16 7 13 9 11 12 9 6 13 16 17 8 3 3 8 12 5 10 3 9 13 9 8 7 14 13 16 2 10 13 9 4 10000 1 15 6 16 15 20 7 16 5 10 7 18 7 13 2 15 12 3 8 6 8 17 11 16 16 14 5 11 
3 18 20 5 6 13 10 12 6 14 17 4 14 15 13 13 3 8 13 13 7 11 13 10 21 3 8 19 17 13 17 14 7 4 15 12 14 13 11 4 17 7 14 9 12 13 10 6 13 17 18 9 3 4 9 11 4 11 4 10 14 9 9 7 14 14 17 2 10 13 9 4 1 10000 16 7 17 15 21 7 16 4 10 7 18 7 14 2 16 13 3 8 6 8 18 11 16 17 15 5 11 
18 4 13 16 11 3 20 9 13 4 4 14 17 4 4 5 17 12 17 5 15 10 24 9 16 14 9 4 2 4 2 5 12 13 9 8 4 4 21 15 13 20 3 16 15 4 7 12 17 5 2 8 13 12 16 21 17 6 13 6 3 18 13 11 16 2 3 14 6 13 13 16 15 16 10000 11 3 8 14 20 2 17 6 10 17 14 2 15 4 3 16 16 13 9 11 7 5 9 4 16 20 
9 12 19 5 2 8 15 11 8 9 13 7 17 11 7 9 9 3 15 9 10 10 18 9 21 6 3 13 11 8 12 10 8 4 13 10 8 9 16 8 17 13 8 12 14 7 7 7 15 13 12 3 5 4 12 16 10 7 4 6 10 13 10 2 16 9 11 6 5 14 11 9 6 7 11 10000 11 13 19 13 12 10 5 7 19 4 9 6 12 8 6 12 3 2 16 9 13 15 11 6 15 
19 1 16 16 12 4 22 12 15 6 7 16 20 7 5 7 18 12 19 7 17 12 26 11 19 15 10 2 2 7 2 8 14 14 11 10 3 7 23 16 16 21 4 18 18 5 9 14 19 7 4 9 14 13 18 23 19 8 13 8 5 20 15 11 18 5 1 16 7 15 15 18 16 17 3 11 10000 11 17 21 4 18 7 12 19 14 4 16 6 4 16 18 13 9 14 10 8 11 6 16 22 
17 11 7 17 12 9 15 4 11 5 5 12 11 4 9 5 16 15 10 5 11 5 19 5 9 13 11 11 9 6 9 4 9 13 1 4 10 6 17 13 6 16 8 11 10 8 7 10 10 5 8 11 13 13 11 17 15 7 13 7 6 13 9 14 9 7 10 14 9 6 9 14 15 15 8 13 11 10000 7 16 7 14 10 9 9 17 8 15 5 9 16 12 16 12 4 5 4 2 5 17 15 
22 17 1 23 19 15 17 9 15 12 10 17 11 11 15 12 20 22 11 11 15 10 20 11 3 19 17 16 15 13 15 10 14 19 7 10 17 12 19 17 5 20 15 14 11 15 13 15 11 10 13 18 18 19 14 18 19 13 19 14 13 16 13 21 9 13 16 19 16 8 13 19 20 21 14 19 17 7 10000 20 13 18 17 14 6 23 14 21 11 15 22 15 22 19 4 11 9 6 11 23 17 
6 22 20 11 11 18 5 13 7 17 20 6 11 18 17 15 5 14 10 16 6 12 6 12 19 7 13 23 21 16 21 16 8 10 16 14 19 16 4 5 16 1 18 6 9 17 13 8 10 19 21 14 8 10 6 5 3 14 10 14 17 5 8 13 12 18 21 7 15 12 8 4 7 7 20 13 21 16 20 10000 20 4 15 10 16 14 18 9 19 17 9 5 13 14 18 13 18 18 18 11 5 
19 5 12 16 12 4 20 9 14 4 3 14 17 3 5 5 18 13 16 5 15 9 24 9 15 14 10 4 3 5 3 5 12 14 8 7 5 4 21 15 13 20 4 16 15 5 8 12 16 4 2 9 14 13 16 21 18 7 13 7 3 18 13 12 15 3 3 15 7 12 13 17 16 16 2 12 4 7 13 20 10000 17 7 11 16 15 3 16 3 4 16 16 14 10 10 7 4 8 3 17 20 
5 19 18 8 8 15 7 11 4 14 17 3 11 15 14 13 3 11 10 13 4 10 9 9 18 4 9 20 18 13 18 13 5 6 14 12 16 13 7 2 14 4 15 6 8 14 10 5 10 17 18 11 5 6 5 8 1 11 7 11 15 5 6 10 11 15 18 4 12 11 6 1 5 4 17 10 18 14 18 4 17 10000 12 7 15 11 15 6 16 14 7 5 10 11 16 11 16 16 15 8 7 
13 8 16 10 5 4 17 9 9 6 9 9 16 7 3 5 12 6 15 6 11 8 20 7 18 9 3 9 7 5 7 7 8 7 10 7 4 5 17 10 14 15 4 13 13 3 5 8 15 9 8 2 8 7 13 18 13 4 7 3 5 14 10 5 15 5 7 9 1 12 11 12 10 10 6 5 7 10 17 15 7 12 10000 7 17 8 4 9 8 3 10 13 7 3 13 7 9 11 7 10 16 
9 13 14 9 5 9 11 6 4 8 11 5 11 9 8 6 8 9 9 7 5 4 14 4 15 5 5 14 12 6 12 7 2 6 8 6 10 7 12 5 11 10 9 7 8 8 4 2 9 10 12 7 4 5 7 12 8 5 6 5 8 8 4 8 10 9 12 6 6 7 5 7 7 7 10 7 12 9 14 10 11 7 7 10000 13 10 9 7 10 8 8 7 9 7 11 5 10 10 9 10 10 
19 20 7 21 18 17 13 9 13 14 14 15 6 13 17 13 18 21 6 13 12 10 15 11 4 17 17 20 18 14 18 12 13 18 9 10 19 14 14 15 4 16 17 10 8 17 13 13 6 13 17 18 16 17 11 14 16 14 18 15 15 12 10 20 5 16 19 17 16 6 10 16 18 18 17 19 19 9 6 16 16 15 17 13 10000 22 16 19 14 17 20 12 21 19 7 11 12 9 14 22 12 
9 14 23 4 5 11 17 15 11 13 17 9 20 15 10 13 9 3 18 13 12 14 19 12 24 7 6 16 14 12 15 14 11 5 17 14 11 12 17 10 20 14 12 15 17 11 11 10 18 17 16 6 7 6 14 18 11 10 5 10 13 15 13 3 19 13 14 8 9 17 13 10 7 7 14 4 14 17 23 14 15 11 8 10 22 10000 12 6 15 11 5 14 2 5 20 13 16 18 15 4 17 
16 5 14 14 9 2 19 8 12 3 5 12 16 4 2 4 15 10 16 4 13 8 22 8 16 12 7 5 4 3 4 5 10 11 8 7 3 3 20 13 13 18 1 14 14 2 6 10 15 6 4 6 11 10 14 20 15 5 11 4 2 16 11 9 15 2 4 13 4 12 12 14 13 14 2 9 4 8 14 18 3 15 4 9 16 12 10000 13 4 2 14 15 11 7 11 6 6 9 4 14 18 
4 16 21 3 4 13 12 12 7 13 17 5 16 15 12 12 4 6 14 13 8 11 15 11 22 3 7 18 16 12 16 13 7 3 15 12 13 12 12 5 17 9 13 10 13 12 10 7 14 17 17 8 4 3 10 13 6 10 3 10 14 10 10 6 15 14 16 3 9 14 10 6 2 2 15 6 16 15 21 9 16 6 9 7 19 6 13 10000 16 12 2 10 4 7 18 11 16 17 15 3 12 
18 7 10 17 12 5 19 7 13 3 2 14 15 2 6 4 17 14 14 3 14 8 22 7 13 14 10 6 5 4 5 3 11 14 6 6 6 4 20 14 11 19 5 14 13 5 7 11 14 2 3 10 13 13 14 20 17 6 13 6 3 16 12 13 13 3 5 14 7 11 12 16 15 16 4 12 6 5 11 19 3 16 8 10 14 15 4 16 10000 5 16 15 15 11 8 6 2 6 1 17 18 
16 5 15 13 8 1 18 9 11 4 7 12 17 5 1 5 15 9 16 5 13 9 22 8 17 11 6 6 4 3 4 5 10 10 9 7 2 4 19 12 14 17 1 14 14 1 6 10 16 7 5 5 11 10 14 20 15 4 10 4 3 16 12 8 15 3 4 12 3 12 12 14 12 13 3 8 4 9 15 17 4 14 3 8 17 11 2 12 5 10000 13 15 10 6 12 7 7 10 5 13 18 
5 17 22 2 5 13 13 13 8 14 17 6 17 15 12 13 5 6 15 14 9 12 15 11 23 4 7 18 16 13 17 14 8 3 16 13 13 13 13 6 18 9 13 11 14 12 10 8 15 17 17 8 5 4 11 14 7 11 4 10 14 11 11 6 17 14 17 4 10 15 11 6 3 3 16 6 16 16 22 9 16 7 10 8 20 5 14 2 16 13 10000 11 4 7 19 12 17 18 15 2 13 
9 19 15 12 10 15 4 9 4 13 16 6 7 14 14 12 7 14 6 12 2 8 8 8 15 7 11 20 18 12 18 12 5 9 12 10 16 13 5 5 11 5 15 2 5 14 10 5 6 15 18 13 7 9 1 6 5 11 9 11 14 2 4 13 7 15 18 7 12 7 4 5 8 8 16 12 18 12 15 5 16 5 13 7 12 14 15 10 15 15 11 10000 13 13 13 10 15 14 14 12 4 
8 14 22 3 4 11 16 13 9 12 16 8 18 14 10 12 8 2 17 12 11 12 18 11 23 6 5 15 14 11 14 13 9 4 16 13 11 11 16 9 19 13 11 13 15 10 9 9 17 16 15 6 6 4 13 17 10 9 4 9 12 14 12 3 18 12 14 6 8 16 12 9 6 6 13 3 13 16 22 13 14 10 7 9 21 2 11 4 15 10 4 13 10000 5 19 12 16 17 14 4 16 
11 10 19 7 4 7 16 11 9 8 12 8 17 10 6 8 10 3 16 9 11 10 19 9 20 7 3 11 10 7 10 9 8 5 13 10 7 8 17 9 16 14 7 13 14 6 6 8 16 12 11 2 7 5 13 17 11 6 5 5 8 14 11 2 16 8 10 8 4 14 11 10 8 8 9 2 9 12 19 14 10 11 3 7 19 5 7 7 11 6 7 13 5 10000 16 9 12 14 10 8 16 
19 15 3 20 15 12 16 6 13 9 8 15 10 8 12 9 18 18 10 8 13 7 19 8 6 16 14 14 13 10 12 7 12 16 4 7 14 9 17 15 4 18 12 12 10 12 10 12 10 7 11 15 15 16 12 17 17 10 16 11 10 14 10 17 8 10 13 16 12 6 10 16 17 18 11 16 14 4 4 18 10 16 13 11 7 20 11 18 8 12 19 13 19 16 10000 8 6 3 8 20 15 
14 11 11 13 8 7 13 3 7 4 7 9 11 5 6 3 12 11 10 3 8 3 17 2 12 9 7 11 9 4 9 3 6 9 5 2 8 4 14 9 8 13 7 9 8 6 3 6 10 6 8 8 9 9 9 15 12 3 9 4 5 11 6 10 9 6 9 10 6 6 6 11 11 11 7 9 10 5 11 13 7 11 7 5 11 13 6 11 6 7 12 10 12 9 8 10000 6 6 5 13 13 
19 9 9 17 13 7 18 7 13 4 2 14 14 2 7 4 17 15 13 4 13 7 22 7 11 14 11 8 7 5 6 3 11 14 4 5 8 5 19 14 9 19 6 14 12 7 7 11 13 1 5 11 14 13 14 19 17 7 14 7 4 16 11 14 12 5 7 15 8 9 11 16 16 16 5 13 8 4 9 18 4 16 9 10 12 16 6 16 2 7 17 15 16 12 6 6 10000 4 3 18 18 
19 12 5 19 14 10 17 6 13 7 5 14 11 5 10 7 17 17 11 6 13 7 20 7 8 15 12 11 10 7 10 5 11 15 3 5 11 7 18 14 6 18 9 12 11 10 9 12 11 5 8 13 14 15 13 18 17 9 15 9 7 15 10 16 10 8 11 15 11 7 10 16 16 17 9 15 11 2 6 18 8 16 11 10 9 18 9 17 6 10 18 14 17 14 3 6 4 10000 6 19 16 
17 7 11 16 11 5 18 7 12 2 3 13 14 1 5 3 16 13 14 3 13 7 22 7 13 13 9 7 5 3 5 3 10 13 6 5 6 3 19 13 10 18 4 13 13 5 6 11 14 2 4 9 12 12 14 19 16 5 12 6 2 16 11 12 13 3 6 14 6 10 11 15 14 15 4 11 6 5 11 18 3 15 7 9 14 15 4 15 1 5 15 14 14 10 8 5 3 6 10000 16 18 
6 17 23 1 6 13 14 15 9 15 18 7 18 16 13 14 6 6 17 14 11 14 17 13 24 6 8 18 17 13 17 15 10 4 17 14 14 14 15 8 20 11 14 13 15 13 11 9 17 18 18 8 6 5 12 15 8 12 5 11 15 13 12 6 18 15 17 6 11 16 12 8 5 5 16 6 16 17 23 11 17 8 10 10 22 4 14 3 17 13 2 12 4 8 20 13 18 19 16 10000 15 
10 23 17 15 13 18 1 12 8 17 19 9 7 17 18 15 9 17 7 16 6 11 4 11 16 10 14 23 21 16 21 15 9 12 14 13 20 16 2 8 13 5 18 5 6 18 13 9 7 19 21 16 10 12 5 2 7 14 13 15 18 3 7 16 8 18 22 10 16 10 7 7 11 11 20 15 22 15 17 5 20 7 16 10 12 17 18 12 18 18 13 4 16 16 15 13 18 16 18 15 10000 
