100
10
1000	500	0	1000	4525.000000	2623.000000
10	1	6	10	568.000000	8051.000000
7	2	6	7	2437.000000	7928.000000
7	7	0	4	5273.000000	1619.000000
10	8	8	8	6673.000000	6856.000000
7	6	2	5	9962.000000	4655.000000
7	6	1	1	2776.000000	605.000000
6	0	0	3	9451.000000	667.000000
10	7	5	8	9306.000000	4324.000000
6	2	0	3	6055.000000	3905.000000
9	5	9	9	2525.000000	5408.000000
9	6	4	6	6033.000000	679.000000
9	4	9	9	3301.000000	9690.000000
9	2	0	3	9569.000000	359.000000
10	4	8	8	2091.000000	6730.000000
6	2	4	6	2847.000000	7475.000000
7	1	4	6	1156.000000	4938.000000
9	0	5	5	168.000000	9043.000000
6	1	2	3	1179.000000	9855.000000
8	0	6	7	6394.000000	2400.000000
8	1	7	7	7358.000000	2100.000000
6	6	1	2	3591.000000	9353.000000
10	0	3	6	8336.000000	191.000000
9	3	1	7	706.000000	203.000000
8	7	2	6	6455.000000	9018.000000
10	0	5	6	544.000000	2434.000000
10	10	2	2	7562.000000	8322.000000
10	4	6	9	111.000000	4829.000000
6	0	2	4	6097.000000	2600.000000
6	2	0	3	8203.000000	3280.000000
10	0	8	8	8819.000000	6369.000000
6	0	5	5	1161.000000	7190.000000
7	2	5	7	8827.000000	4903.000000
9	8	1	5	5583.000000	6289.000000
10	10	5	5	7299.000000	9530.000000
7	6	2	2	8055.000000	3621.000000
8	7	2	7	539.000000	6283.000000
8	2	6	6	476.000000	2796.000000
6	4	3	6	4888.000000	7871.000000
8	3	0	0	8943.000000	1850.000000
6	0	2	4	3240.000000	1369.000000
9	7	0	3	247.000000	4825.000000
6	3	0	3	9338.000000	521.000000
9	3	0	1	592.000000	5930.000000
8	0	7	8	628.000000	5300.000000
7	3	7	7	5248.000000	8040.000000
6	2	5	6	2205.000000	6723.000000
9	0	0	9	5653.000000	2104.000000
6	2	0	0	105.000000	1935.000000
9	9	5	8	3988.000000	6455.000000
10	6	6	9	6224.000000	7145.000000
7	1	4	7	1689.000000	9176.000000
6	3	6	6	1026.000000	7641.000000
7	1	4	6	1972.000000	815.000000
10	10	9	10	5900.000000	3136.000000
7	2	4	4	2160.000000	848.000000
8	5	0	6	2131.000000	455.000000
9	9	4	4	2714.000000	1497.000000
7	2	5	6	311.000000	1759.000000
9	5	2	2	1944.000000	8762.000000
6	6	6	6	7983.000000	6540.000000
9	1	4	7	6056.000000	5076.000000
10	9	9	9	1898.000000	459.000000
7	1	0	1	2687.000000	4730.000000
8	3	3	8	4597.000000	6478.000000
10	4	10	10	9486.000000	2656.000000
8	0	0	1	5741.000000	2009.000000
9	2	0	5	9276.000000	3022.000000
10	10	0	10	5128.000000	966.000000
9	6	4	6	7422.000000	161.000000
7	7	6	6	8254.000000	124.000000
9	6	3	6	3381.000000	8036.000000
8	1	8	8	1569.000000	3610.000000
8	1	0	2	5837.000000	3792.000000
6	2	5	5	6359.000000	9189.000000
6	1	3	6	6422.000000	6466.000000
6	1	3	6	4163.000000	1623.000000
10	10	3	9	138.000000	8513.000000
6	6	2	3	954.000000	419.000000
9	5	7	8	4703.000000	1466.000000
8	5	0	8	5112.000000	2757.000000
10	8	4	6	3110.000000	5518.000000
9	6	7	8	1519.000000	8069.000000
8	4	4	7	8868.000000	4721.000000
9	8	2	7	2361.000000	7607.000000
6	1	5	6	9274.000000	7857.000000
9	1	5	5	126.000000	377.000000
7	6	4	6	4464.000000	4318.000000
6	6	2	5	1499.000000	3663.000000
9	2	3	8	1022.000000	7795.000000
6	3	3	4	178.000000	6316.000000
10	7	4	6	5114.000000	2252.000000
6	2	1	1	7730.000000	2409.000000
9	2	3	9	3937.000000	4450.000000
10	10	1	4	2023.000000	1315.000000
7	3	5	6	215.000000	490.000000
10	7	8	10	5963.000000	3265.000000
8	7	5	8	2819.000000	3821.000000
7	2	2	5	6053.000000	2207.000000
6	6	4	4	9067.000000	1131.000000
8	4	8	8	2039.000000	1636.000000
10000 14 12 3 10 12 6 11 11 4 7 5 15 12 10 11 9 16 16 4 6 14 10 10 14 8 13 10 4 8 12 12 10 8 15 8 11 9 11 9 4 10 11 11 10 11 10 3 9 8 10 15 13 7 3 6 7 5 9 14 11 6 7 6 8 10 3 10 4 8 9 12 7 4 14 9 3 15 9 3 2 7 13 10 11 15 10 4 7 13 12 2 7 4 6 10 4 5 4 10 6 
14 10000 4 16 13 20 16 24 19 14 7 19 7 24 5 5 7 3 4 17 19 7 23 16 12 12 14 7 16 19 17 3 18 11 14 18 4 11 9 21 15 7 24 5 6 10 5 16 13 8 12 4 2 15 15 15 16 14 13 4 16 13 16 8 9 21 16 21 17 21 23 6 10 14 12 13 15 2 16 16 14 8 2 18 4 18 16 11 9 2 4 15 19 10 14 16 15 10 17 22 14 
12 4 10000 14 9 17 15 21 16 11 6 17 4 21 3 2 7 6 5 14 16 4 20 16 9 12 11 8 13 15 14 3 15 8 11 15 6 11 5 18 14 8 21 6 7 6 3 14 13 5 8 3 3 15 12 15 15 13 14 2 12 10 15 7 6 18 14 17 15 19 20 2 9 11 9 9 14 5 16 14 12 6 2 15 1 14 16 9 9 3 6 13 16 8 14 16 12 9 14 19 13 
3 16 14 10000 11 12 6 9 10 5 10 3 17 9 13 13 11 19 19 3 5 16 7 10 15 10 15 13 3 7 12 14 10 10 17 7 14 10 13 8 5 12 9 13 12 13 12 2 11 11 12 17 15 7 4 7 7 6 10 16 12 8 8 9 10 9 2 9 2 6 7 14 9 5 16 10 3 18 9 2 3 9 15 10 14 15 11 6 9 15 14 2 6 7 7 11 4 7 2 8 7 
10 13 9 11 10000 8 15 14 8 7 9 13 9 15 10 8 12 14 13 9 10 8 14 18 5 16 4 14 9 8 5 12 6 3 6 8 13 15 5 11 13 14 14 13 13 4 9 10 17 6 2 11 12 16 8 16 16 14 17 11 3 4 16 10 5 11 10 10 13 14 14 7 13 7 5 1 12 14 18 12 9 8 11 7 9 6 19 7 13 12 14 10 10 8 15 19 8 10 10 13 14 
12 20 17 12 8 10000 17 9 2 8 15 12 17 9 17 16 18 22 21 9 8 16 10 21 12 20 9 20 9 5 5 19 3 10 12 5 20 20 13 6 15 20 9 19 19 12 17 11 21 13 9 19 19 18 9 18 18 16 21 19 6 8 19 15 12 5 10 4 13 11 10 15 17 9 12 8 14 22 20 13 11 14 19 3 17 7 22 12 18 19 20 11 7 13 18 22 9 15 10 8 17 
6 16 15 6 15 17 10000 14 16 10 10 7 19 14 13 14 10 18 19 9 10 18 12 5 19 6 19 10 8 13 17 14 15 13 21 13 13 7 16 13 2 10 14 12 11 16 13 7 6 12 15 18 15 2 9 2 2 2 6 17 16 12 2 9 13 15 7 14 5 10 11 15 7 9 19 14 4 17 4 5 7 10 16 15 15 20 6 9 7 15 13 6 11 9 3 6 9 7 8 13 3 
11 24 21 9 14 9 14 10000 8 10 17 7 22 1 20 19 19 26 25 8 6 21 3 18 18 19 16 21 8 6 12 22 9 14 19 7 22 19 18 3 13 21 1 21 20 17 19 9 19 16 15 24 22 15 9 15 15 14 19 23 13 12 16 16 16 4 8 5 9 5 3 20 17 10 19 14 11 25 18 10 10 16 22 9 20 15 19 13 17 23 22 10 5 14 15 19 9 15 8 2 15 
11 19 16 10 8 2 16 8 10000 7 14 10 17 8 16 15 17 21 20 7 6 16 9 20 11 18 9 19 8 4 5 18 2 9 12 3 18 18 12 6 14 19 8 18 18 12 15 9 20 12 9 19 18 17 8 16 17 15 19 18 6 7 17 14 11 4 9 3 11 10 9 14 16 8 12 8 12 21 19 11 9 13 18 2 16 8 20 10 16 18 19 10 5 11 16 20 8 14 8 7 16 
4 14 11 5 7 8 10 10 7 10000 8 7 13 10 10 10 11 16 16 4 5 12 9 14 11 12 10 13 3 5 8 12 6 5 12 5 13 12 9 8 8 12 10 12 12 9 10 4 13 7 7 14 13 11 2 10 11 9 13 13 7 3 11 7 6 8 4 7 7 8 9 10 9 1 11 6 6 15 13 6 3 7 13 6 11 11 14 4 10 13 13 4 5 5 10 14 2 7 4 9 10 
7 7 6 10 9 15 10 17 14 8 10000 12 9 18 3 5 3 9 10 10 12 9 16 12 11 8 12 5 10 13 13 5 13 7 13 12 5 7 7 15 9 5 17 5 4 8 3 10 9 4 9 8 6 10 9 10 10 8 9 7 12 8 10 2 5 15 10 15 11 15 16 6 5 8 11 9 9 8 11 10 8 2 6 13 5 15 12 5 5 6 6 9 13 4 9 11 9 4 10 16 8 
5 19 17 3 13 12 7 7 10 7 12 10000 19 8 15 16 13 21 21 4 4 19 5 11 17 12 16 15 4 7 13 17 11 12 18 8 16 12 15 7 6 15 7 16 15 15 15 3 13 13 13 20 18 9 5 8 8 7 12 19 13 9 9 11 12 8 3 9 2 3 5 16 11 7 18 12 5 20 11 4 5 12 18 10 16 16 12 8 11 18 17 4 5 9 9 12 6 9 4 7 9 
15 7 4 17 9 17 19 22 17 13 9 19 10000 23 7 5 11 7 5 16 18 1 22 20 7 16 9 12 16 17 13 7 15 9 9 16 9 15 5 20 17 12 22 10 11 6 7 16 17 7 8 4 7 18 15 18 19 17 17 4 12 11 19 10 7 19 17 18 18 21 22 4 13 13 7 9 17 7 20 17 15 9 5 15 5 13 20 11 13 6 10 16 18 11 17 20 14 12 16 21 17 
12 24 21 9 15 9 14 1 8 10 18 8 23 10000 20 20 20 26 26 8 6 22 3 18 19 19 17 21 9 7 13 22 10 15 19 8 22 19 18 4 13 21 1 22 21 18 20 9 20 17 16 24 23 16 10 15 15 14 19 23 13 12 16 17 16 5 9 6 9 5 3 20 18 11 19 14 12 25 18 10 11 17 23 9 21 16 19 13 18 23 23 10 6 14 16 19 10 16 8 2 16 
10 5 3 13 10 17 13 20 16 10 3 15 7 20 10000 3 5 7 7 13 15 7 19 14 10 10 12 6 12 15 14 3 14 8 12 14 4 9 7 17 11 6 20 4 5 7 1 12 11 4 9 5 3 12 11 12 13 11 11 5 12 9 13 5 6 17 12 17 14 17 19 4 7 10 10 9 12 6 13 12 10 4 3 15 2 15 14 7 7 4 4 11 15 6 11 14 11 6 13 18 11 
11 5 2 13 8 16 14 19 15 10 5 16 5 20 3 10000 7 7 6 13 15 5 19 16 8 12 10 8 12 14 13 4 14 6 10 13 6 11 5 17 13 8 20 6 7 5 2 13 13 4 7 5 4 14 11 14 15 12 13 4 11 9 15 6 5 17 13 16 14 18 19 2 9 10 8 8 12 6 15 13 11 4 3 14 2 13 16 8 9 4 6 12 15 7 13 15 11 8 13 18 12 
9 7 7 11 12 18 10 19 17 11 3 13 11 20 5 7 10000 9 10 12 14 11 18 10 14 6 15 3 11 15 16 5 16 10 16 15 3 5 10 17 9 2 19 3 2 11 5 11 7 7 12 9 6 9 11 9 10 8 7 8 15 10 10 4 8 18 11 17 12 16 18 8 3 10 14 11 9 8 10 10 10 5 7 16 6 18 10 7 3 6 4 10 15 6 8 10 11 5 12 18 7 
16 3 6 19 14 22 18 26 21 16 9 21 7 26 7 7 9 10000 3 19 20 7 25 18 13 14 15 9 18 20 19 5 20 13 15 20 6 13 10 23 17 9 26 7 8 11 7 18 15 10 13 4 4 17 17 17 18 16 15 4 17 15 18 10 11 23 18 22 19 23 25 7 12 16 13 14 17 2 18 18 16 10 4 20 6 19 18 13 12 4 6 17 21 12 16 18 17 12 19 24 16 
16 4 5 19 13 21 19 25 20 16 10 21 5 26 7 6 10 3 10000 19 20 5 25 20 11 15 14 11 18 20 17 6 19 12 13 19 8 15 9 23 18 11 25 8 10 9 7 18 16 9 12 2 5 19 17 19 19 17 17 3 16 14 19 11 10 22 19 22 20 24 25 6 13 16 11 13 18 4 19 19 17 10 4 19 6 17 20 13 13 5 8 18 20 13 18 19 17 13 19 24 17 
4 17 14 3 9 9 9 8 7 4 10 4 16 8 13 13 12 19 19 10000 3 15 6 13 14 12 13 14 1 5 10 15 7 8 15 5 15 12 12 6 7 14 7 14 13 12 13 2 13 10 10 17 16 10 2 10 10 8 13 16 9 6 10 9 9 7 2 6 4 5 6 13 10 3 14 9 5 18 12 4 3 10 15 7 14 13 14 6 11 16 15 3 3 7 10 13 2 8 1 6 9 
6 19 16 5 10 8 10 6 6 5 12 4 18 6 15 15 14 20 20 3 10000 17 5 14 14 14 13 16 3 3 10 17 7 10 15 4 16 14 13 4 9 16 6 16 15 13 14 4 15 12 11 19 17 12 4 11 11 10 15 18 9 7 12 11 11 5 4 5 6 4 5 15 12 5 15 9 7 20 14 6 5 11 17 7 15 13 15 8 13 18 17 5 1 9 11 15 4 10 3 4 11 
14 7 4 16 8 16 18 21 16 12 9 19 1 22 7 5 11 7 5 15 17 10000 21 20 6 16 9 12 15 16 13 7 14 8 8 15 9 15 4 19 16 12 22 10 11 5 6 16 17 6 7 4 7 18 14 18 19 16 17 4 11 10 19 10 7 18 16 18 18 20 21 3 13 12 6 9 16 8 19 16 14 8 5 15 5 12 20 11 13 7 10 15 17 10 17 19 14 12 16 20 16 
10 23 20 7 14 10 12 3 9 9 16 5 22 3 19 19 18 25 25 6 5 21 10000 16 19 17 17 19 7 7 13 21 10 14 19 7 20 17 17 4 11 19 3 20 19 17 18 7 17 16 15 23 21 13 8 13 13 12 17 22 13 11 13 15 15 6 7 6 7 2 1 19 16 9 19 14 9 24 15 8 9 15 21 10 20 16 17 12 16 22 21 8 5 13 13 17 8 14 7 3 13 
10 16 16 10 18 21 5 18 20 14 12 11 20 18 14 16 10 18 20 13 14 20 16 10000 22 5 22 10 12 17 21 15 19 16 23 17 13 6 18 17 6 10 18 12 11 19 14 11 4 15 18 19 15 3 12 4 3 5 4 18 20 15 3 10 15 19 11 19 9 14 16 17 8 13 22 17 8 17 1 9 11 12 16 19 16 23 2 12 8 16 13 10 15 11 4 2 13 9 12 17 4 
14 12 9 15 5 12 19 18 11 11 11 17 7 19 10 8 14 13 11 14 14 6 19 22 10000 18 3 16 13 12 8 12 10 6 2 12 14 18 4 16 17 15 18 14 14 4 10 14 20 8 4 10 12 19 12 19 20 17 20 10 6 8 20 12 7 15 15 14 17 18 19 7 15 11 1 6 16 13 21 16 13 10 11 10 9 7 22 11 15 12 14 14 14 11 18 22 12 13 14 17 18 
8 12 12 10 16 20 6 19 18 12 8 12 16 19 10 12 6 14 15 12 14 16 17 5 18 10000 19 5 12 16 19 10 18 13 20 16 8 1 14 17 6 5 18 7 6 15 10 11 2 11 15 14 11 5 11 5 6 5 2 13 17 13 5 7 12 18 11 18 10 15 17 13 4 11 18 15 8 13 5 9 10 9 12 18 11 21 5 9 4 11 8 10 15 8 4 4 11 6 12 18 4 
13 14 11 15 4 9 19 16 9 10 12 16 9 17 12 10 15 15 14 13 13 9 17 22 3 19 10000 17 12 11 5 14 8 6 3 10 15 18 6 14 17 17 17 15 16 5 12 14 20 9 4 12 14 19 11 19 20 17 20 12 4 8 20 13 7 12 14 12 16 17 17 9 16 10 3 5 16 15 21 15 13 11 13 8 11 4 22 11 16 14 16 14 12 11 18 22 11 14 13 15 18 
10 7 8 13 14 20 10 21 19 13 5 15 12 21 6 8 3 9 11 14 16 12 19 10 16 5 17 10000 13 17 18 6 18 12 18 17 4 5 12 19 10 1 21 3 2 13 6 13 6 9 14 10 6 9 13 9 10 9 7 9 17 12 10 6 10 20 13 19 13 18 19 10 4 12 16 14 11 8 9 12 11 7 8 18 8 20 9 9 4 7 3 12 16 8 9 9 13 6 13 20 8 
4 16 13 3 9 9 8 8 8 3 10 4 16 9 12 12 11 18 18 1 3 15 7 12 13 12 12 13 10000 5 10 14 8 8 15 5 14 12 11 6 7 13 8 13 13 12 12 2 13 9 10 16 15 9 2 9 10 8 12 15 9 5 10 9 9 7 2 7 4 6 7 13 10 3 14 8 5 17 12 4 2 9 15 7 13 13 13 5 10 15 14 3 4 6 9 13 2 7 1 7 9 
8 19 15 7 8 5 13 6 4 5 13 7 17 7 15 14 15 20 20 5 3 16 7 17 12 16 11 17 5 10000 7 17 4 8 13 1 17 16 12 4 11 17 6 17 16 12 14 6 17 11 9 18 17 14 5 14 14 12 17 17 7 6 14 12 10 3 6 3 8 7 7 14 14 5 13 8 9 20 16 8 7 12 17 4 15 10 18 8 14 17 18 7 2 9 13 17 5 11 5 5 13 
12 17 14 12 5 5 17 12 5 8 13 13 13 13 14 13 16 19 17 10 10 13 13 21 8 19 5 18 10 7 10000 16 3 7 8 6 17 19 9 10 15 18 12 17 17 8 14 11 20 10 6 16 16 18 9 18 18 16 20 15 2 7 19 13 9 8 11 7 14 13 13 12 16 8 8 5 14 18 20 13 11 12 15 4 14 4 22 10 16 16 18 12 9 11 17 21 9 14 10 11 17 
12 3 3 14 12 19 14 22 18 12 5 17 7 22 3 4 5 5 6 15 17 7 21 15 12 10 14 6 14 17 16 10000 16 10 14 16 3 9 8 19 13 6 22 3 4 9 3 14 11 6 11 5 1 13 13 13 14 12 11 4 14 11 14 6 8 19 14 19 15 19 21 5 8 12 12 11 13 4 14 14 12 6 2 17 3 17 14 9 8 2 3 13 17 8 12 14 13 8 14 20 12 
10 18 15 10 6 3 15 9 2 6 13 11 15 10 14 14 16 20 19 7 7 14 10 19 10 18 8 18 8 4 3 16 10000 8 10 3 17 18 10 7 14 18 9 17 17 10 14 9 19 11 7 17 17 16 7 16 17 14 19 16 4 6 17 13 10 5 9 4 11 10 10 13 15 7 10 6 12 19 19 11 9 12 16 1 15 6 20 9 15 17 18 10 6 10 16 20 7 13 8 8 16 
8 11 8 10 3 10 13 14 9 5 7 12 9 15 8 6 10 13 12 8 10 8 14 16 6 13 6 12 8 8 7 10 8 10000 8 8 11 13 4 12 11 12 14 11 11 4 7 9 14 4 3 10 10 14 7 13 14 12 14 9 5 3 14 7 3 11 9 10 11 13 14 6 10 6 7 2 10 12 15 10 8 6 9 8 7 9 17 5 10 10 11 9 9 5 13 16 7 8 9 13 12 
15 14 11 17 6 12 21 19 12 12 13 18 9 19 12 10 16 15 13 15 15 8 19 23 2 20 3 18 15 13 8 14 10 8 10000 12 15 20 6 16 19 17 19 16 16 6 12 16 21 10 6 12 14 21 14 21 21 19 21 11 7 10 22 14 9 15 16 14 18 19 19 9 17 12 2 7 18 15 23 17 15 12 12 11 11 6 24 12 17 14 16 16 15 13 20 23 13 15 15 18 19 
8 18 15 7 8 5 13 7 3 5 12 8 16 8 14 13 15 20 19 5 4 15 7 17 12 16 10 17 5 1 6 16 3 8 12 10000 16 16 11 4 11 16 7 16 16 11 14 6 17 10 8 17 17 14 5 14 14 12 16 16 6 5 14 11 9 4 6 3 8 8 8 13 13 5 12 7 9 19 16 8 7 11 16 3 14 9 18 8 14 17 17 7 3 9 13 17 5 11 5 6 13 
11 4 6 14 13 20 13 22 18 13 5 16 9 22 4 6 3 6 8 15 16 9 20 13 14 8 15 4 14 17 17 3 17 11 15 16 10000 7 10 20 12 3 22 1 2 11 4 14 9 7 12 7 3 12 13 12 13 11 10 6 15 12 12 6 9 20 14 19 15 19 20 7 6 12 14 12 12 5 12 13 12 6 5 17 5 18 12 9 6 4 1 13 17 8 11 12 13 7 14 20 10 
9 11 11 10 15 20 7 19 18 12 7 12 15 19 9 11 5 13 15 12 14 15 17 6 18 1 18 5 12 16 19 9 18 13 20 16 7 10000 14 18 7 5 19 7 6 15 9 11 2 11 15 13 10 5 11 6 6 6 3 13 17 13 6 6 12 19 11 18 10 15 17 12 3 11 18 14 8 12 5 9 10 8 11 18 11 21 5 9 3 11 8 10 15 8 5 5 12 6 12 18 4 
11 9 5 13 5 13 16 18 12 9 7 15 5 18 7 5 10 10 9 12 13 4 17 18 4 14 6 12 11 12 9 8 10 4 6 11 10 14 10000 15 14 12 18 10 10 1 6 12 16 4 4 7 8 16 10 16 16 14 16 7 7 7 16 8 3 14 12 14 14 17 17 4 11 9 4 5 13 10 17 13 11 6 7 11 6 9 18 8 11 8 10 12 13 8 15 18 10 10 12 16 14 
9 21 18 8 11 6 13 3 6 8 15 7 20 4 17 17 17 23 23 6 4 19 4 17 16 17 14 19 6 4 10 19 7 12 16 4 20 18 15 10000 12 19 3 19 19 15 17 7 18 14 12 21 20 15 7 14 14 13 18 20 10 9 15 14 13 2 7 3 8 5 4 17 16 8 16 11 10 23 17 9 8 14 20 6 18 13 18 11 16 20 20 8 3 12 14 18 7 13 6 2 14 
4 15 14 5 13 15 2 13 14 8 9 6 17 13 11 13 9 17 18 7 9 16 11 6 17 6 17 10 7 11 15 13 14 11 19 11 12 7 14 12 10000 10 13 11 10 14 11 6 7 11 14 16 14 3 7 3 3 2 6 16 15 10 4 7 11 13 6 13 4 9 11 14 6 8 17 13 2 16 5 3 5 9 14 14 13 18 7 7 6 14 12 5 10 7 3 7 7 5 6 12 3 
10 7 8 12 14 20 10 21 19 12 5 15 12 21 6 8 2 9 11 14 16 12 19 10 15 5 17 1 13 17 18 6 18 12 17 16 3 5 12 19 10 10000 21 3 2 12 6 13 6 9 13 10 6 9 12 9 10 9 7 9 16 12 10 5 10 19 13 19 13 18 19 9 4 12 16 13 11 8 9 12 11 6 7 18 7 20 9 9 4 7 3 12 16 8 8 9 12 6 13 20 8 
11 24 21 9 14 9 14 1 8 10 17 7 22 1 20 20 19 26 25 7 6 22 3 18 18 18 17 21 8 6 12 22 9 14 19 7 22 19 18 3 13 21 10000 21 20 18 19 9 19 16 15 24 22 15 9 15 15 14 19 23 13 12 15 16 16 5 8 6 9 4 3 20 17 10 19 14 11 25 17 10 10 16 22 9 20 15 19 13 17 23 22 10 5 14 15 19 9 15 8 2 15 
11 5 6 13 13 19 12 21 18 12 5 16 10 22 4 6 3 7 8 14 16 10 20 12 14 7 15 3 13 17 17 3 17 11 16 16 1 7 10 19 11 3 21 10000 2 11 4 13 9 7 12 7 4 11 12 11 12 10 9 7 15 12 12 5 9 19 13 19 14 18 20 7 6 12 14 12 12 6 12 13 12 6 5 17 5 18 12 9 5 4 2 12 16 8 10 11 12 7 14 20 10 
10 6 7 12 13 19 11 20 18 12 4 15 11 21 5 7 2 8 10 13 15 11 19 11 14 6 16 2 13 16 17 4 17 11 16 16 2 6 10 19 10 2 20 2 10000 11 5 12 7 8 12 9 5 10 12 10 11 9 8 8 15 11 11 5 9 19 13 18 13 18 19 8 4 11 14 12 11 7 10 12 11 5 6 17 6 19 10 8 4 6 3 11 16 7 9 10 12 6 13 19 8 
11 10 6 13 4 12 16 17 12 9 8 15 6 18 7 5 11 11 9 12 13 5 17 19 4 15 5 13 12 12 8 9 10 4 6 11 11 15 1 15 14 12 18 11 11 10000 7 12 16 5 3 8 9 16 10 16 17 15 16 7 7 7 17 9 4 14 13 13 15 17 17 4 12 9 4 4 14 11 18 14 11 7 8 10 6 9 19 8 12 9 11 12 13 8 15 19 10 10 12 16 15 
10 5 3 12 9 17 13 19 15 10 3 15 7 20 1 2 5 7 7 13 14 6 18 14 10 10 12 6 12 14 14 3 14 7 12 14 4 9 6 17 11 6 19 4 5 7 10000 12 11 4 9 6 3 12 11 12 13 11 11 5 12 9 13 5 5 17 12 16 13 17 18 4 7 10 10 9 11 6 13 12 10 4 4 14 2 15 14 7 7 4 5 11 15 6 11 14 11 6 12 18 11 
3 16 14 2 10 11 7 9 9 4 10 3 16 9 12 13 11 18 18 2 4 16 7 11 14 11 14 13 2 6 11 14 9 9 16 6 14 11 12 7 6 13 9 13 12 12 12 10000 12 10 11 17 15 8 3 8 8 7 11 16 11 6 9 8 9 8 1 8 3 6 7 13 9 4 15 9 4 17 10 3 2 9 15 9 13 14 12 6 9 15 14 2 5 6 8 12 3 7 1 8 8 
9 13 13 11 17 21 6 19 20 13 9 13 17 20 11 13 7 15 16 13 15 17 17 4 20 2 20 6 13 17 20 11 19 14 21 17 9 2 16 18 7 6 19 9 7 16 11 12 10000 12 17 15 12 5 12 5 6 6 1 15 19 14 5 8 13 19 12 19 11 16 17 14 5 13 20 16 9 14 4 10 11 10 13 19 13 22 4 10 5 12 9 11 16 10 5 3 13 7 12 18 4 
8 8 5 11 6 13 12 16 12 7 4 13 7 17 4 4 7 10 9 10 12 6 16 15 8 11 9 9 9 11 10 6 11 4 10 10 7 11 4 14 11 9 16 7 8 5 4 10 12 10000 5 8 7 12 8 12 13 11 12 7 8 5 13 5 2 14 10 13 12 15 16 4 8 7 8 5 10 9 14 11 8 3 6 11 4 11 15 5 8 7 8 9 12 5 12 15 8 6 10 15 11 
10 12 8 12 2 9 15 15 9 7 9 13 8 16 9 7 12 13 12 10 11 7 15 18 4 15 4 14 10 9 6 11 7 3 6 8 12 15 4 12 14 13 15 12 12 3 9 11 17 5 10000 10 11 16 9 15 16 14 16 10 4 5 16 9 4 12 11 11 13 15 15 6 12 7 5 2 12 13 18 12 10 8 10 8 8 7 19 7 12 11 13 11 10 8 15 18 8 10 10 14 14 
15 4 3 17 11 19 18 24 19 14 8 20 4 24 5 5 9 4 2 17 19 4 23 19 10 14 12 10 16 18 16 5 17 10 12 17 7 13 7 21 16 10 24 7 9 8 6 17 15 8 10 10000 4 17 15 17 18 16 16 1 14 12 18 10 8 21 17 20 18 22 23 5 12 14 10 11 16 4 18 17 15 8 3 17 4 16 18 12 12 4 7 16 19 11 16 18 15 11 17 22 16 
13 2 3 15 12 19 15 22 18 13 6 18 7 23 3 4 6 4 5 16 17 7 21 15 12 11 14 6 15 17 16 1 17 10 14 17 3 10 8 20 14 6 22 4 5 9 3 15 12 7 11 4 10000 14 14 14 15 13 12 3 15 12 15 7 8 20 15 19 16 20 21 5 9 13 12 12 14 3 15 15 13 6 2 17 3 17 15 10 9 1 4 14 18 9 13 15 14 9 15 21 13 
7 15 15 7 16 18 2 15 17 11 10 9 18 16 12 14 9 17 19 10 12 18 13 3 19 5 19 9 9 14 18 13 16 14 21 14 12 5 16 15 3 9 15 11 10 16 12 8 5 12 16 17 14 10000 10 1 1 3 4 16 17 12 1 8 13 16 8 16 7 11 13 15 6 10 19 15 5 16 3 6 8 10 15 16 14 21 4 9 6 15 12 7 12 9 2 4 10 7 9 15 2 
3 15 12 4 8 9 9 9 8 2 9 5 15 10 11 11 11 17 17 2 4 14 8 12 12 11 11 13 2 5 9 13 7 7 14 5 13 11 10 7 7 12 9 12 12 10 11 3 12 8 9 15 14 10 10000 9 10 8 12 14 8 4 10 8 8 8 3 7 5 7 8 12 9 2 13 7 5 16 12 5 2 8 14 7 12 12 13 4 9 14 14 3 4 5 9 13 1 7 2 8 9 
6 15 15 7 16 18 2 15 16 10 10 8 18 15 12 14 9 17 19 10 11 18 13 4 19 5 19 9 9 14 18 13 16 13 21 14 12 6 16 14 3 9 15 11 10 16 12 8 5 12 15 17 14 1 9 10000 1 2 5 16 17 12 1 8 13 16 8 15 6 11 13 15 6 10 19 15 5 16 3 6 8 10 15 16 14 20 5 9 6 15 12 7 12 9 1 4 10 7 9 14 2 
7 16 15 7 16 18 2 15 17 11 10 8 19 15 13 15 10 18 19 10 11 19 13 3 20 6 20 10 10 14 18 14 17 14 21 14 13 6 16 14 3 10 15 12 11 17 13 8 6 13 16 18 15 1 10 1 10000 3 5 17 17 13 1 9 14 16 8 16 7 11 13 16 7 10 20 15 5 17 3 6 8 11 16 16 15 21 5 10 7 15 13 7 12 9 2 4 10 7 9 14 3 
5 14 13 6 14 16 2 14 15 9 8 7 17 14 11 12 8 16 17 8 10 16 12 5 17 5 17 9 8 12 16 12 14 12 19 12 11 6 14 13 2 9 14 10 9 15 11 7 6 11 14 16 13 3 8 2 3 10000 5 15 15 10 3 7 11 14 7 14 5 10 12 14 5 8 18 13 3 15 5 4 6 9 14 14 13 19 6 7 5 14 11 6 11 7 2 6 8 5 7 13 2 
9 13 14 10 17 21 6 19 19 13 9 12 17 19 11 13 7 15 17 13 15 17 17 4 20 2 20 7 12 17 20 11 19 14 21 16 10 3 16 18 6 7 19 9 8 16 11 11 1 12 16 16 12 4 12 5 5 5 10000 15 19 14 5 8 13 19 11 19 10 15 17 14 5 12 20 16 8 14 3 9 10 10 13 19 13 22 3 10 5 13 10 10 15 10 4 3 12 7 12 18 4 
14 4 2 16 11 19 17 23 18 13 7 19 4 23 5 4 8 4 3 16 18 4 22 18 10 13 12 9 15 17 15 4 16 9 11 16 6 13 7 20 16 9 23 7 8 7 5 16 15 7 10 1 3 16 14 16 17 15 15 10000 13 12 17 9 8 20 16 19 17 21 22 4 11 13 9 11 15 4 17 16 14 7 2 17 3 15 18 11 11 3 7 15 18 10 15 17 14 11 16 21 15 
11 16 12 12 3 6 16 13 6 7 12 13 12 13 12 11 15 17 16 9 9 11 13 20 6 17 4 17 9 7 2 14 4 5 7 6 15 17 7 10 15 16 13 15 15 7 12 11 19 8 4 14 15 17 8 17 17 15 19 13 10000 5 18 12 7 9 11 8 13 13 13 10 15 7 7 4 13 17 19 13 10 10 14 5 12 4 20 9 15 15 16 11 9 10 16 20 8 12 10 12 16 
6 13 10 8 4 8 12 12 7 3 8 9 11 12 9 9 10 15 14 6 7 10 11 15 8 13 8 12 5 6 7 11 6 3 10 5 12 13 7 9 10 12 12 12 11 7 9 6 14 5 5 12 12 12 4 12 13 10 14 12 5 10000 13 7 5 9 7 8 9 11 11 8 10 3 9 3 8 14 14 8 6 6 11 6 9 9 16 4 10 12 13 6 7 5 12 15 4 7 6 10 11 
7 16 15 8 16 19 2 16 17 11 10 9 19 16 13 15 10 18 19 10 12 19 13 3 20 5 20 10 10 14 19 14 17 14 22 14 12 6 16 15 4 10 15 12 11 17 13 9 5 13 16 18 15 1 10 1 1 3 5 17 18 13 10000 9 14 16 9 16 7 12 13 16 7 11 20 16 6 17 2 6 8 11 16 17 15 21 4 10 7 15 13 8 13 9 2 4 10 7 10 15 3 
6 8 7 9 10 15 9 16 14 7 2 11 10 17 5 6 4 10 11 9 11 10 15 10 12 7 13 6 9 12 13 6 13 7 14 11 6 6 8 14 7 5 16 5 5 9 5 8 8 5 9 10 7 8 8 8 9 7 8 9 12 7 9 10000 6 15 9 14 9 14 15 7 4 7 12 9 7 10 10 8 7 2 8 13 6 15 11 4 4 7 6 7 12 3 7 10 8 2 9 15 7 
8 9 6 10 5 12 13 16 11 6 5 12 7 16 6 5 8 11 10 9 11 7 15 15 7 12 7 10 9 10 9 8 10 3 9 9 9 12 3 13 11 10 16 9 9 4 5 9 13 2 4 8 8 13 8 13 14 11 13 8 7 5 14 6 10000 13 10 12 12 14 15 4 9 6 7 4 10 10 15 11 8 4 7 10 6 10 16 5 9 8 9 9 11 5 12 15 7 7 10 14 11 
10 21 18 9 11 5 15 4 4 8 15 8 19 5 17 17 18 23 22 7 5 18 6 19 15 18 12 20 7 3 8 19 5 11 15 4 20 19 14 2 13 19 5 19 19 14 17 8 19 14 12 21 20 16 8 16 16 14 19 20 9 9 16 15 13 10000 8 1 10 7 6 17 16 8 15 10 11 23 18 10 9 14 20 5 18 11 20 11 17 20 21 9 4 12 16 20 8 14 7 4 16 
3 16 14 2 10 10 7 8 9 4 10 3 17 9 12 13 11 18 19 2 4 16 7 11 15 11 14 13 2 6 11 14 9 9 16 6 14 11 12 7 6 13 8 13 13 13 12 1 12 10 11 17 15 8 3 8 8 7 11 16 11 7 9 9 10 8 10000 8 3 5 7 13 9 4 15 10 4 18 11 3 2 9 15 9 14 14 12 6 10 15 15 2 5 7 8 12 3 7 1 7 8 
10 21 17 9 10 4 14 5 3 7 15 9 18 6 17 16 17 22 22 6 5 18 6 19 14 18 12 19 7 3 7 19 4 10 14 3 19 18 14 3 13 19 6 19 18 13 16 8 19 13 11 20 19 16 7 15 16 14 19 19 8 8 16 14 12 1 8 10000 10 7 7 16 16 8 14 9 11 22 18 10 9 14 19 4 17 10 20 10 16 20 20 9 4 12 15 19 7 14 7 4 15 
4 17 15 2 13 13 5 9 11 7 11 2 18 9 14 14 12 19 20 4 6 18 7 9 17 10 16 13 4 8 14 15 11 11 18 8 15 10 14 8 4 13 9 14 13 15 13 3 11 12 13 18 16 7 5 6 7 5 10 17 13 9 7 9 12 10 3 10 10000 5 7 15 9 6 17 12 3 19 9 2 4 10 16 11 15 17 11 7 10 16 15 3 6 8 7 10 5 8 4 8 7 
8 21 19 6 14 11 10 5 10 8 15 3 21 5 17 18 16 23 24 5 4 20 2 14 18 15 17 18 6 7 13 19 10 13 19 8 19 15 17 5 9 18 4 18 18 17 17 6 16 15 15 22 20 11 7 11 11 10 15 21 13 11 12 14 14 7 5 7 5 10000 2 18 14 8 19 13 8 23 13 7 7 14 20 10 19 16 15 11 14 20 20 7 5 12 12 15 7 12 5 4 12 
9 23 20 7 14 10 11 3 9 9 16 5 22 3 19 19 18 25 25 6 5 21 1 16 19 17 17 19 7 7 13 21 10 14 19 8 20 17 17 4 11 19 3 20 19 17 18 7 17 16 15 23 21 13 8 13 13 12 17 22 13 11 13 15 15 6 7 7 7 2 10000 19 16 9 19 14 9 24 15 8 9 15 21 10 20 16 17 12 16 22 21 8 5 13 13 17 8 14 7 3 13 
12 6 2 14 7 15 15 20 14 10 6 16 4 20 4 2 8 7 6 13 15 3 19 17 7 13 9 10 13 14 12 5 13 6 9 13 7 12 4 17 14 9 20 7 8 4 4 13 14 4 6 5 5 15 12 15 16 14 14 4 10 8 16 7 4 17 13 16 15 18 19 10000 10 10 7 7 13 7 16 14 12 6 4 13 3 12 17 8 10 5 8 13 15 8 14 17 11 9 13 18 14 
7 10 9 9 13 17 7 17 16 9 5 11 13 18 7 9 3 12 13 10 12 13 16 8 15 4 16 4 10 14 16 8 15 10 17 13 6 3 11 16 6 4 17 6 4 12 7 9 5 8 12 12 9 6 9 6 7 5 5 11 15 10 7 4 9 16 9 16 9 14 16 10 10000 9 15 12 7 11 7 8 8 5 9 15 9 18 8 6 1 9 7 8 13 6 5 7 9 3 10 16 5 
4 14 11 5 7 9 9 10 8 1 8 7 13 11 10 10 10 16 16 3 5 12 9 13 11 11 10 12 3 5 8 12 7 6 12 5 12 11 9 8 8 12 10 12 11 9 10 4 13 7 7 14 13 10 2 10 10 8 12 13 7 3 11 7 6 8 4 8 6 8 9 10 9 10000 11 6 6 15 12 6 3 7 13 7 11 11 14 3 9 13 13 4 5 5 10 14 2 7 4 9 9 
14 12 9 16 5 12 19 19 12 11 11 18 7 19 10 8 14 13 11 14 15 6 19 22 1 18 3 16 14 13 8 12 10 7 2 12 14 18 4 16 17 16 19 14 14 4 10 15 20 8 5 10 12 19 13 19 20 18 20 9 7 9 20 12 7 15 15 14 17 19 19 7 15 11 10000 6 16 13 21 16 14 10 10 11 9 7 22 11 15 12 14 15 14 11 18 22 12 13 14 18 18 
9 13 9 10 1 8 14 14 8 6 9 12 9 14 9 8 11 14 13 9 9 9 14 17 6 15 5 14 8 8 5 11 6 2 7 7 12 14 5 11 13 13 14 12 12 4 9 9 16 5 2 11 12 15 7 15 15 13 16 11 4 3 16 9 4 10 10 9 12 13 14 7 12 6 6 10000 11 14 17 11 8 7 11 7 9 7 18 6 12 12 13 9 9 7 14 18 7 9 9 12 14 
3 15 14 3 12 14 4 11 12 6 9 5 17 12 12 12 9 17 18 5 7 16 9 8 16 8 16 11 5 9 14 13 12 10 18 9 12 8 13 10 2 11 11 12 11 14 11 4 9 10 12 16 14 5 5 5 5 3 8 15 13 8 6 7 10 11 4 11 3 8 9 13 7 6 16 11 10000 16 7 2 3 9 14 12 13 17 9 6 7 14 13 3 8 6 5 9 5 6 4 10 5 
15 2 5 18 14 22 17 25 21 15 8 20 7 25 6 6 8 2 4 18 20 8 24 17 13 13 15 8 17 20 18 4 19 12 15 19 5 12 10 23 16 8 25 6 7 11 6 17 14 9 13 4 3 16 16 16 17 15 14 4 17 14 17 10 10 23 18 22 19 23 24 7 11 15 13 14 16 10000 17 17 16 9 3 20 5 19 17 13 11 3 5 16 20 12 15 17 16 11 18 24 15 
9 16 16 9 18 20 4 18 19 13 11 11 20 18 13 15 10 18 19 12 14 19 15 1 21 5 21 9 12 16 20 14 19 15 23 16 12 5 17 17 5 9 17 12 10 18 13 10 4 14 18 18 15 3 12 3 3 5 3 17 19 14 2 10 15 18 11 18 9 13 15 16 7 12 21 17 7 17 10000 8 10 12 16 19 15 23 2 11 7 15 12 10 15 11 3 2 12 8 11 17 4 
3 16 14 2 12 13 5 10 11 6 10 4 17 10 12 13 10 18 19 4 6 16 8 9 16 9 15 12 4 8 13 14 11 10 17 8 13 9 13 9 3 12 10 13 12 14 12 3 10 11 12 17 15 6 5 6 6 4 9 16 13 8 6 8 11 10 3 10 2 7 8 14 8 6 16 11 2 17 8 10000 3 9 15 11 14 16 10 6 8 15 14 2 7 7 6 10 5 7 4 9 6 
2 14 12 3 9 11 7 10 9 3 8 5 15 11 10 11 10 16 17 3 5 14 9 11 13 10 13 11 2 7 11 12 9 8 15 7 12 10 11 8 5 11 10 12 11 11 10 2 11 8 10 15 13 8 2 8 8 6 10 14 10 6 8 7 8 9 2 9 4 7 9 12 8 3 14 8 3 16 10 3 10000 7 13 9 12 14 12 4 8 13 13 2 6 5 7 11 2 6 3 9 7 
7 8 6 9 8 14 10 16 13 7 2 12 9 17 4 4 5 10 10 10 11 8 15 12 10 9 11 7 9 12 12 6 12 6 12 11 6 8 6 14 9 6 16 6 5 7 4 9 10 3 8 8 6 10 8 10 11 9 10 7 10 6 11 2 4 14 9 14 10 14 15 6 5 7 10 7 9 9 12 9 7 10000 7 12 5 14 12 4 5 7 7 8 12 3 9 12 8 4 9 15 9 
13 2 2 15 11 19 16 22 18 13 6 18 5 23 3 3 7 4 4 15 17 5 21 16 11 12 13 8 15 17 15 2 16 9 12 16 5 11 7 20 14 7 22 5 6 8 4 15 13 6 10 3 2 15 14 15 16 14 13 2 14 11 16 8 7 20 15 19 16 20 21 4 9 13 10 11 14 3 16 15 13 7 10000 17 2 16 16 10 9 2 5 14 17 9 14 16 14 9 15 21 13 
10 18 15 10 7 3 15 9 2 6 13 10 15 9 15 14 16 20 19 7 7 15 10 19 10 18 8 18 7 4 4 17 1 8 11 3 17 18 11 6 14 18 9 17 17 10 14 9 19 11 8 17 17 16 7 16 16 14 19 17 5 6 17 13 10 5 9 4 11 10 10 13 15 7 11 7 12 20 19 11 9 12 17 10000 15 7 20 9 15 17 18 9 6 10 16 20 7 13 8 8 15 
11 4 1 14 9 17 15 20 16 11 5 16 5 21 2 2 6 6 6 14 15 5 20 16 9 11 11 8 13 15 14 3 15 7 11 14 5 11 6 18 13 7 20 5 6 6 2 13 13 4 8 4 3 14 12 14 15 13 13 3 12 9 15 6 6 18 14 17 15 19 20 3 9 11 9 9 13 5 15 14 12 5 2 15 10000 14 16 8 9 3 6 13 15 8 13 15 12 8 14 19 12 
15 18 14 15 6 7 20 15 8 11 15 16 13 16 15 13 18 19 17 13 13 12 16 23 7 21 4 20 13 10 4 17 6 9 6 9 18 21 9 13 18 20 15 18 19 9 15 14 22 11 7 16 17 21 12 20 21 19 22 15 4 9 21 15 10 11 14 10 17 16 16 12 18 11 7 7 17 19 23 16 14 14 16 7 14 10000 24 12 18 17 19 14 12 13 20 24 12 16 14 14 20 
10 16 16 11 19 22 6 19 20 14 12 12 20 19 14 16 10 18 20 14 15 20 17 2 22 5 22 9 13 18 22 14 20 17 24 18 12 5 18 18 7 9 19 12 10 19 14 12 4 15 19 18 15 4 13 5 5 6 3 18 20 16 4 11 16 20 12 20 11 15 17 17 8 14 22 18 9 17 2 10 12 12 16 20 16 24 10000 12 8 15 12 11 16 12 5 1 14 9 13 18 5 
4 11 9 6 7 12 9 13 10 4 5 8 11 13 7 8 7 13 13 6 8 11 12 12 11 9 11 9 5 8 10 9 9 5 12 8 9 9 8 11 7 9 13 9 8 8 7 6 10 5 7 12 10 9 4 9 10 7 10 11 9 4 10 4 5 11 6 10 7 11 12 8 6 3 11 6 6 13 11 6 4 4 10 9 8 12 12 10000 7 10 10 5 8 2 8 12 4 4 6 12 8 
7 9 9 9 13 18 7 17 16 10 5 11 13 18 7 9 3 12 13 11 13 13 16 8 15 4 16 4 10 14 16 8 15 10 17 14 6 3 11 16 6 4 17 5 4 12 7 9 5 8 12 12 9 6 9 6 7 5 5 11 15 10 7 4 9 17 10 16 10 14 16 10 1 9 15 12 7 11 7 8 8 5 9 15 9 18 8 7 10000 9 6 8 13 6 5 7 9 3 10 16 5 
13 2 3 15 12 19 15 23 18 13 6 18 6 23 4 4 6 4 5 16 18 7 22 16 12 11 14 7 15 17 16 2 17 10 14 17 4 11 8 20 14 7 23 4 6 9 4 15 12 7 11 4 1 15 14 15 15 14 13 3 15 12 15 7 8 20 15 20 16 20 22 5 9 13 12 12 14 3 15 15 13 7 2 17 3 17 15 10 9 10000 4 14 18 9 14 15 14 9 16 21 13 
12 4 6 14 14 20 13 22 19 13 6 17 10 23 4 6 4 6 8 15 17 10 21 13 14 8 16 3 14 18 18 3 18 11 16 17 1 8 10 20 12 3 22 2 3 11 5 14 9 8 13 7 4 12 14 12 13 11 10 7 16 13 13 6 9 21 15 20 15 20 21 8 7 13 14 13 13 5 12 14 13 7 5 18 6 19 12 10 6 4 10000 13 18 9 11 12 14 8 15 21 11 
2 15 13 2 10 11 6 10 10 4 9 4 16 10 11 12 10 17 18 3 5 15 8 10 14 10 14 12 3 7 12 13 10 9 16 7 13 10 12 8 5 12 10 12 11 12 11 2 11 9 11 16 14 7 3 7 7 6 10 15 11 6 8 7 9 9 2 9 3 7 8 13 8 4 15 9 3 16 10 2 2 8 14 9 13 14 11 5 8 14 13 10000 6 5 7 11 3 6 2 9 7 
7 19 16 6 10 7 11 5 5 5 13 5 18 6 15 15 15 21 20 3 1 17 5 15 14 15 12 16 4 2 9 17 6 9 15 3 17 15 13 3 10 16 5 16 16 13 15 5 16 12 10 19 18 12 4 12 12 11 15 18 9 7 13 12 11 4 5 4 6 5 5 15 13 5 14 9 8 20 15 7 6 12 17 6 15 12 16 8 13 18 18 6 10000 9 12 16 4 11 4 4 12 
4 10 8 7 8 13 9 14 11 5 4 9 11 14 6 7 6 12 13 7 9 10 13 11 11 8 11 8 6 9 11 8 10 5 13 9 8 8 8 12 7 8 14 8 7 8 6 6 10 5 8 11 9 9 5 9 9 7 10 10 10 5 9 3 5 12 7 12 8 12 13 8 6 5 11 7 6 12 11 7 5 3 9 10 8 13 12 2 6 9 9 5 9 10000 8 11 5 3 7 13 7 
6 14 14 7 15 18 3 15 16 10 9 9 17 16 11 13 8 16 18 10 11 17 13 4 18 4 18 9 9 13 17 12 16 13 20 13 11 5 15 14 3 8 15 10 9 15 11 8 5 12 15 16 13 2 9 1 2 2 4 15 16 12 2 7 12 16 8 15 7 12 13 14 5 10 18 14 5 15 3 6 7 9 14 16 13 20 5 8 5 14 11 7 12 8 10000 4 9 6 9 15 1 
10 16 16 11 19 22 6 19 20 14 11 12 20 19 14 15 10 18 19 13 15 19 17 2 22 4 22 9 13 17 21 14 20 16 23 17 12 5 18 18 7 9 19 11 10 19 14 12 3 15 18 18 15 4 13 4 4 6 3 17 20 15 4 10 15 20 12 19 10 15 17 17 7 14 22 18 9 17 2 10 11 12 16 20 15 24 1 12 7 15 12 11 16 11 4 10000 13 9 13 18 5 
4 15 12 4 8 9 9 9 8 2 9 6 14 10 11 11 11 17 17 2 4 14 8 13 12 11 11 13 2 5 9 13 7 7 13 5 13 12 10 7 7 12 9 12 12 10 11 3 13 8 8 15 14 10 1 10 10 8 12 14 8 4 10 8 7 8 3 7 5 7 8 11 9 2 12 7 5 16 12 5 2 8 14 7 12 12 14 4 9 14 14 3 4 5 9 13 10000 7 3 8 9 
5 10 9 7 10 15 7 15 14 7 4 9 12 16 6 8 5 12 13 8 10 12 14 9 13 6 14 6 7 11 14 8 13 8 15 11 7 6 10 13 5 6 15 7 6 10 6 7 7 6 10 11 9 7 7 7 7 5 7 11 12 7 7 2 7 14 7 14 8 12 14 9 3 7 13 9 6 11 8 7 6 4 9 13 8 16 9 4 3 9 8 6 11 3 6 9 7 10000 8 14 5 
4 17 14 2 10 10 8 8 8 4 10 4 16 8 13 13 12 19 19 1 3 16 7 12 14 12 13 13 1 5 10 14 8 9 15 5 14 12 12 6 6 13 8 14 13 12 12 1 12 10 10 17 15 9 2 9 9 7 12 16 10 6 10 9 10 7 1 7 4 5 7 13 10 4 14 9 4 18 11 4 3 9 15 8 14 14 13 6 10 16 15 2 4 7 9 13 3 8 10000 7 9 
10 22 19 8 13 8 13 2 7 9 16 7 21 2 18 18 18 24 24 6 4 20 3 17 17 18 15 20 7 5 11 20 8 13 18 6 20 18 16 2 12 20 2 20 19 16 18 8 18 15 14 22 21 15 8 14 14 13 18 21 12 10 15 15 14 4 7 4 8 4 3 18 16 9 18 12 10 24 17 9 9 15 21 8 19 14 18 12 16 21 21 9 4 13 15 18 8 14 7 10000 15 
6 14 13 7 14 17 3 15 16 10 8 9 17 16 11 12 7 16 17 9 11 16 13 4 18 4 18 8 9 13 17 12 16 12 19 13 10 4 14 14 3 8 15 10 8 15 11 8 4 11 14 16 13 2 9 2 3 2 4 15 16 11 3 7 11 16 8 15 7 12 13 14 5 9 18 14 5 15 4 6 7 9 13 15 12 20 5 8 5 13 11 7 12 7 1 5 9 5 9 15 10000 
