150
10
1000	500	0	1000	4321.000000	2824.000000
7	5	0	6	1622.000000	6318.000000
7	2	4	4	5668.000000	3576.000000
7	2	2	7	6772.000000	1173.000000
10	0	2	5	3676.000000	284.000000
6	0	5	6	132.000000	7014.000000
7	7	7	7	5673.000000	3901.000000
6	6	2	2	8121.000000	1205.000000
6	2	5	5	2673.000000	102.000000
8	8	5	7	99.000000	5221.000000
6	1	2	4	6473.000000	4024.000000
9	8	1	5	9321.000000	8250.000000
7	6	3	4	8431.000000	1193.000000
10	7	10	10	162.000000	2762.000000
10	6	1	4	276.000000	8781.000000
8	1	4	5	3599.000000	4535.000000
10	1	7	7	8558.000000	6791.000000
10	3	10	10	66.000000	1995.000000
6	4	4	6	4747.000000	3093.000000
6	2	1	3	9941.000000	157.000000
10	5	4	7	1356.000000	1093.000000
10	1	3	10	9088.000000	9967.000000
7	0	4	6	6306.000000	8404.000000
10	6	4	4	9298.000000	3006.000000
10	6	8	9	113.000000	3383.000000
8	2	8	8	9363.000000	4519.000000
8	4	6	7	8827.000000	4719.000000
10	8	6	6	6999.000000	2340.000000
9	0	8	8	5543.000000	515.000000
10	1	3	8	5273.000000	4925.000000
8	4	3	8	1308.000000	1829.000000
8	7	1	5	4383.000000	1369.000000
10	10	3	8	2098.000000	4344.000000
9	2	5	6	8381.000000	6831.000000
10	6	4	10	1344.000000	5067.000000
10	1	8	8	1110.000000	4555.000000
10	0	1	5	7962.000000	7926.000000
8	1	2	7	7116.000000	4908.000000
9	0	4	8	2692.000000	2603.000000
6	6	4	6	7746.000000	7324.000000
8	6	6	6	6365.000000	2204.000000
10	3	1	1	5022.000000	4927.000000
7	4	1	5	5234.000000	452.000000
8	1	1	5	9030.000000	6027.000000
7	3	5	7	2067.000000	1049.000000
7	0	5	6	7991.000000	8426.000000
9	8	0	6	8614.000000	730.000000
9	0	3	4	7418.000000	3495.000000
7	4	4	6	221.000000	7189.000000
10	10	0	10	9638.000000	9150.000000
6	1	0	6	4212.000000	2083.000000
8	5	0	7	7952.000000	6778.000000
6	1	2	3	6157.000000	5441.000000
10	3	9	10	9493.000000	3147.000000
6	2	6	6	5275.000000	3366.000000
8	8	2	6	6581.000000	9179.000000
8	4	1	8	3498.000000	8544.000000
9	4	9	9	1040.000000	9991.000000
7	6	6	6	486.000000	9509.000000
6	6	1	2	7694.000000	6192.000000
6	0	1	3	4905.000000	1343.000000
7	0	4	5	6389.000000	1705.000000
9	2	0	0	2291.000000	6141.000000
8	3	4	7	4044.000000	1257.000000
10	3	10	10	9026.000000	3106.000000
9	0	1	6	4214.000000	480.000000
10	3	3	10	4183.000000	889.000000
7	0	2	3	117.000000	9883.000000
8	3	8	8	8783.000000	3313.000000
9	9	5	7	7091.000000	3024.000000
10	1	9	9	5516.000000	1727.000000
7	1	4	6	6428.000000	1475.000000
9	9	0	5	3756.000000	7691.000000
9	4	1	7	9739.000000	1991.000000
7	5	7	7	401.000000	2627.000000
7	2	5	5	1722.000000	3777.000000
9	7	8	8	2832.000000	492.000000
8	8	0	8	4138.000000	4710.000000
9	4	7	9	5171.000000	3938.000000
7	3	0	4	3112.000000	2885.000000
8	6	5	5	3072.000000	7659.000000
7	2	6	6	2555.000000	1093.000000
8	5	5	5	7586.000000	3456.000000
8	4	4	7	3711.000000	3754.000000
8	6	4	6	3319.000000	7293.000000
7	0	5	7	6379.000000	8852.000000
8	3	4	4	8672.000000	2879.000000
8	1	7	8	3304.000000	5003.000000
8	2	7	8	2963.000000	1011.000000
9	3	8	9	5215.000000	1948.000000
9	5	4	8	1819.000000	245.000000
10	8	1	5	1824.000000	3138.000000
7	5	2	3	9269.000000	902.000000
10	5	8	8	7742.000000	8884.000000
9	4	1	9	9402.000000	9694.000000
8	6	8	8	7159.000000	3433.000000
10	3	10	10	6037.000000	2485.000000
7	7	3	5	8999.000000	1050.000000
9	3	5	5	9010.000000	389.000000
10	6	7	7	5755.000000	6160.000000
9	6	3	6	1887.000000	3677.000000
10	1	7	7	3893.000000	3678.000000
9	6	6	8	2723.000000	7242.000000
6	2	4	6	6263.000000	2904.000000
7	5	6	6	5408.000000	7651.000000
10	8	0	8	8222.000000	7911.000000
6	2	2	2	2603.000000	8668.000000
7	4	4	6	5159.000000	8221.000000
10	1	3	10	568.000000	9997.000000
6	2	2	6	3771.000000	1645.000000
10	7	7	9	5390.000000	377.000000
7	2	1	3	2403.000000	4133.000000
7	4	3	6	1764.000000	7004.000000
10	7	2	6	9653.000000	859.000000
6	0	5	5	9594.000000	7516.000000
9	7	0	8	3545.000000	2754.000000
8	8	3	3	6781.000000	9307.000000
9	3	5	5	1770.000000	2057.000000
6	1	6	6	501.000000	1101.000000
10	1	2	10	9752.000000	678.000000
8	1	0	8	4493.000000	65.000000
9	6	5	9	1284.000000	1137.000000
8	8	5	5	4407.000000	2183.000000
8	6	1	2	5339.000000	5324.000000
10	7	1	7	9433.000000	4036.000000
9	3	0	3	9925.000000	4680.000000
8	0	8	8	9037.000000	9890.000000
7	4	1	2	9814.000000	279.000000
8	0	2	2	5978.000000	9475.000000
6	0	3	6	1755.000000	9764.000000
7	4	3	4	8738.000000	2061.000000
7	7	0	2	5302.000000	6013.000000
9	6	5	7	2169.000000	9867.000000
8	7	3	4	2212.000000	40.000000
8	5	4	6	2038.000000	1497.000000
9	9	6	8	2962.000000	1709.000000
6	5	6	6	1025.000000	6789.000000
7	4	1	7	3588.000000	1623.000000
6	0	2	6	7142.000000	9250.000000
9	0	7	8	718.000000	4164.000000
10	9	1	4	1499.000000	2594.000000
8	7	0	4	1204.000000	2879.000000
9	5	2	5	5562.000000	4585.000000
8	5	0	2	9569.000000	579.000000
6	1	1	4	4571.000000	3171.000000
8	0	8	8	5377.000000	4040.000000
8	2	8	8	4102.000000	946.000000
6	4	1	3	8458.000000	1828.000000
10	2	9	9	9628.000000	3288.000000
8	2	1	1	5784.000000	9655.000000
9	3	4	6	6683.000000	8575.000000
10000 9 4 6 6 12 4 9 7 10 5 15 9 9 15 4 12 9 2 13 7 18 12 10 9 11 10 6 6 5 7 3 6 12 8 8 13 7 4 12 5 5 6 12 6 14 10 7 12 17 2 11 7 11 3 14 12 16 16 10 4 5 8 4 10 5 4 17 9 6 4 6 10 11 8 6 6 4 3 3 10 5 7 3 10 13 9 5 5 3 8 6 11 14 18 6 4 11 11 8 6 2 10 4 10 13 13 11 17 3 6 5 10 12 15 2 14 6 9 12 6 7 2 6 11 12 17 13 14 15 9 7 15 7 6 4 11 3 15 8 6 7 5 12 1 4 4 9 11 14 13 
9 10000 10 15 13 4 10 17 13 4 11 16 18 8 6 6 14 10 9 21 11 17 11 17 7 16 15 14 15 8 9 12 5 14 3 4 14 12 8 13 13 8 14 15 11 14 18 13 4 18 10 13 10 17 10 12 6 8 7 13 12 14 2 12 17 13 13 8 16 13 13 14 6 19 8 6 12 6 9 8 4 11 14 7 4 11 16 5 11 12 13 7 19 14 17 13 12 19 19 9 6 7 3 12 9 14 6 9 8 11 15 5 2 20 17 9 12 9 11 20 14 11 10 8 17 17 17 21 11 7 17 8 8 13 10 10 2 11 13 5 8 7 9 20 9 9 12 17 18 11 12 
4 10 10000 6 8 14 1 7 10 12 2 12 8 12 15 5 9 12 3 11 10 15 10 8 12 8 7 4 7 3 10 6 8 9 10 10 10 4 7 9 4 3 7 9 9 11 9 4 14 14 5 8 4 8 1 12 11 16 16 7 5 5 9 6 7 7 7 17 7 4 4 5 10 9 11 8 9 4 2 6 10 8 4 4 9 11 7 6 8 4 11 8 9 12 15 3 3 9 10 6 8 4 10 2 9 11 12 10 17 6 7 7 11 10 12 5 12 9 12 11 8 11 4 4 8 9 15 11 12 15 7 5 15 10 9 7 12 6 12 10 9 10 3 10 3 2 7 7 8 13 11 
6 15 6 10000 7 18 6 3 9 16 6 16 4 14 21 10 12 14 6 7 11 19 15 7 15 9 9 3 3 9 12 5 12 12 14 14 14 8 9 13 3 9 4 11 10 15 4 5 18 17 6 12 9 7 6 17 17 22 21 11 4 2 14 6 6 6 6 22 6 4 3 1 15 7 14 12 8 9 7 9 15 9 5 9 15 16 6 11 8 4 11 11 6 16 18 5 4 5 5 11 11 8 15 4 14 14 18 15 22 7 4 11 16 6 14 8 17 11 13 7 6 11 6 9 8 10 19 7 17 20 5 11 20 10 10 8 17 7 17 14 11 12 8 6 6 7 6 4 8 18 15 
6 13 8 7 10000 16 9 10 3 13 10 20 10 9 19 9 17 8 7 13 5 23 18 13 10 15 14 8 4 10 6 3 9 17 11 10 18 12 6 17 7 10 4 16 4 19 10 10 16 22 4 16 12 13 7 19 17 21 20 15 4 7 13 3 13 2 2 21 12 9 5 6 15 13 9 9 2 9 8 6 15 3 11 7 15 18 12 10 3 5 4 7 12 20 23 10 7 11 11 13 8 7 15 8 16 18 17 17 21 3 4 9 14 13 19 5 20 6 7 13 2 6 5 11 14 16 23 13 19 20 11 12 20 3 5 4 15 3 20 10 7 8 10 12 7 9 2 11 14 20 18 
12 4 14 18 16 10000 13 20 15 4 15 19 21 9 4 9 17 11 13 24 13 19 13 21 8 20 18 17 17 12 11 15 7 17 5 6 16 15 11 16 16 11 17 18 13 16 22 17 1 20 13 16 13 21 13 14 8 7 6 16 15 17 5 14 20 16 15 6 19 17 16 17 8 22 9 8 15 10 12 11 7 13 17 10 7 14 19 8 14 15 14 9 22 16 20 16 15 22 23 12 8 11 6 15 11 17 6 11 7 13 17 8 4 23 19 11 15 11 12 24 17 12 13 11 20 21 19 24 13 7 20 11 8 15 12 13 2 13 15 6 10 9 12 23 12 13 15 20 21 13 14 
4 10 1 6 9 13 10000 8 10 12 2 12 8 12 15 5 9 12 3 12 11 14 10 8 12 8 7 5 7 3 10 6 8 8 9 10 10 4 7 9 4 3 7 8 10 11 9 4 13 14 5 8 4 8 2 11 11 16 16 7 6 5 9 7 7 8 7 17 7 4 5 6 9 9 11 8 9 4 2 6 10 9 4 4 9 11 7 6 8 5 11 8 10 11 14 4 3 9 10 5 8 4 9 3 8 10 12 9 16 6 8 7 10 11 11 5 12 9 12 11 9 11 5 3 8 9 14 12 12 15 8 5 14 11 9 7 11 7 12 10 9 10 2 11 3 1 7 7 9 12 10 
9 17 7 3 10 20 8 10000 12 18 7 15 1 17 22 12 12 17 8 5 14 18 15 5 17 8 8 4 6 10 14 8 14 12 16 16 14 8 12 13 5 10 6 10 13 15 2 5 20 17 9 12 10 5 8 17 18 23 23 11 7 4 16 9 5 8 8 24 5 5 6 4 16 4 16 14 11 11 9 11 17 12 5 11 16 16 4 13 11 6 13 14 3 16 18 5 5 2 3 11 14 10 17 6 14 14 19 16 24 9 6 13 18 4 13 10 17 13 16 4 8 14 8 10 7 8 18 4 18 22 3 12 22 13 13 11 19 10 17 16 14 15 9 4 9 8 9 2 6 18 16 
7 13 10 9 3 15 10 12 10000 12 11 22 12 8 19 10 18 7 8 15 4 24 19 15 9 17 16 10 6 11 5 5 9 18 11 10 19 14 6 18 9 11 6 18 3 20 12 12 15 23 6 18 13 15 9 20 17 21 20 16 6 9 13 4 15 4 4 21 14 11 7 8 16 15 7 8 1 10 10 6 16 2 12 8 15 20 14 10 2 7 2 7 14 21 24 12 9 13 13 14 8 8 15 10 17 20 18 17 21 4 6 9 14 15 21 6 21 5 5 15 4 4 6 12 16 18 24 15 20 20 13 13 20 1 4 4 14 4 21 10 6 7 11 14 8 10 4 13 16 21 19 
10 4 12 16 13 4 12 18 12 10000 13 20 19 5 8 8 18 7 11 23 9 21 14 19 4 19 18 15 15 11 8 12 5 17 3 3 17 15 8 16 14 10 15 18 10 18 20 16 4 21 11 17 13 20 11 16 10 10 9 16 13 15 5 12 19 13 12 10 18 15 13 15 9 21 6 5 11 9 11 8 8 10 16 8 8 15 18 7 11 13 11 6 21 17 21 15 14 20 21 12 5 9 7 14 12 18 9 12 10 11 15 6 5 22 20 9 16 8 9 22 14 9 11 11 19 20 21 22 15 10 19 11 11 12 9 10 4 11 17 3 6 6 11 22 10 11 12 19 20 15 15 
5 11 2 6 10 15 2 7 11 13 10000 11 7 13 16 6 7 14 4 11 12 13 9 7 13 6 5 4 8 4 12 7 9 7 11 11 9 3 9 8 4 4 8 7 11 10 8 3 15 13 6 7 3 7 3 11 11 17 17 5 7 5 10 8 6 9 8 18 5 3 5 6 10 8 13 10 11 5 3 8 10 10 3 6 10 10 5 7 10 5 12 10 9 11 13 2 4 8 9 5 10 6 10 3 8 9 13 9 17 8 8 9 12 9 10 7 11 11 14 10 9 12 6 4 6 8 13 11 11 15 6 5 15 12 11 9 13 8 11 12 11 11 3 10 5 3 8 6 7 12 10 
15 16 12 16 20 19 12 15 22 20 11 10000 15 22 19 14 4 23 14 17 22 4 7 11 21 8 8 13 18 11 21 17 17 4 18 19 3 9 18 4 14 11 18 5 21 3 16 11 19 2 17 5 9 11 13 6 12 17 18 6 17 15 15 18 11 19 18 19 10 12 16 15 12 13 22 18 21 13 12 17 13 20 11 15 13 7 11 14 20 16 22 19 15 4 3 11 14 15 16 9 18 15 14 13 8 3 14 9 18 18 18 17 16 15 2 16 6 20 23 16 20 22 16 10 9 8 4 16 8 16 13 10 15 22 20 19 17 18 5 20 20 20 11 16 14 12 18 13 10 8 6 
9 18 8 4 10 21 8 1 12 19 7 15 10000 17 23 12 12 17 9 4 15 18 16 5 18 7 8 4 6 10 15 9 15 12 17 17 14 8 12 13 5 11 7 10 13 15 1 6 21 17 9 12 10 5 8 17 18 23 24 11 8 5 16 9 5 9 9 25 5 5 6 5 17 4 17 15 12 12 9 12 17 12 5 11 16 16 4 13 11 7 14 14 2 16 18 6 6 2 2 12 14 11 17 6 15 14 19 16 24 10 7 14 18 3 13 11 17 14 16 3 9 15 9 11 7 8 18 4 18 22 2 12 22 13 13 11 19 10 17 17 15 15 9 3 9 9 9 2 5 18 16 
9 8 12 14 9 9 12 17 8 5 13 22 17 10000 13 8 19 2 10 21 5 23 17 19 2 19 18 14 12 12 3 9 6 19 6 5 19 15 6 18 13 11 12 19 6 20 18 15 9 23 9 18 14 19 11 19 14 15 14 17 10 13 8 9 18 10 9 15 18 14 11 13 13 20 1 4 8 9 11 6 12 6 15 8 12 18 18 8 7 11 7 4 19 20 24 15 12 19 19 14 4 8 11 13 15 20 13 15 15 8 12 6 10 20 22 7 19 4 4 20 11 4 9 12 19 20 23 20 18 15 18 13 15 7 5 6 9 8 20 4 3 3 12 20 9 11 9 17 19 18 18 
15 6 15 21 19 4 15 22 19 8 16 19 23 13 10000 11 18 14 15 26 16 18 13 22 11 21 19 19 20 13 15 17 10 17 8 9 16 16 14 16 18 13 20 19 16 16 24 18 4 19 16 16 14 22 15 13 7 3 2 16 18 19 7 17 21 19 18 3 21 18 18 20 8 24 13 11 18 12 14 14 7 17 19 13 7 13 21 10 17 17 18 12 24 15 19 18 18 24 25 13 11 13 6 17 11 16 5 10 3 16 20 11 5 25 19 14 14 14 16 25 20 16 16 13 21 21 18 26 12 4 22 12 5 18 15 16 5 16 14 10 13 12 14 25 15 14 18 22 22 12 13 
4 6 5 10 9 9 5 12 10 8 6 14 12 8 11 10000 11 9 4 16 9 16 10 12 8 12 11 9 9 4 8 7 4 11 5 5 12 8 5 10 8 3 9 12 8 12 13 8 9 16 6 10 6 13 5 12 9 13 12 9 7 8 5 7 12 9 8 13 11 8 7 9 7 14 8 5 9 2 4 4 7 8 9 2 6 11 11 2 8 7 10 5 14 13 16 8 7 13 14 6 4 2 6 7 8 12 9 9 13 6 10 3 7 15 14 4 12 7 10 15 10 9 5 4 12 13 16 16 11 12 12 5 12 10 7 6 7 6 12 6 6 6 4 15 4 4 8 12 13 12 11 
12 14 9 12 17 17 9 12 18 18 7 4 12 19 18 11 10000 20 11 14 19 7 6 8 19 5 5 10 14 8 18 14 14 1 15 16 3 5 15 2 11 8 15 2 18 4 13 7 17 6 13 2 6 8 10 7 11 17 18 3 14 12 13 15 8 16 15 18 7 9 12 12 10 10 19 15 18 10 9 14 12 17 7 12 11 6 8 12 17 12 19 16 12 5 7 8 10 12 13 6 15 12 12 10 7 3 13 8 18 15 15 14 14 13 3 13 7 17 20 13 16 19 13 8 6 6 7 14 8 15 10 7 15 19 17 16 16 15 6 17 17 17 8 13 11 9 15 10 8 8 6 
9 10 12 14 8 11 12 17 7 7 14 23 17 2 14 9 20 10000 10 21 4 25 18 19 3 20 19 14 12 12 3 9 7 20 7 6 20 16 6 19 13 12 11 20 5 21 18 16 11 24 9 19 14 19 11 20 15 17 16 18 10 13 10 9 19 9 9 16 18 15 11 13 14 20 2 5 7 10 11 7 13 6 16 9 13 19 18 9 7 11 5 5 19 21 25 15 12 18 19 15 5 9 12 13 16 21 15 17 17 8 12 7 11 20 23 8 20 4 2 20 10 3 9 13 20 21 24 20 20 16 18 14 17 6 5 6 10 8 21 5 4 3 13 20 10 12 9 17 20 20 19 
2 9 3 6 7 13 3 8 8 11 4 14 9 10 15 4 11 10 10000 12 8 17 12 10 10 10 9 5 6 4 8 4 6 11 8 8 12 6 5 11 4 4 6 11 7 13 10 6 13 16 3 10 6 10 2 13 12 16 16 9 4 5 8 4 9 6 5 17 9 5 4 5 10 11 9 7 7 4 2 4 10 6 6 3 9 12 8 5 6 3 9 6 11 14 17 5 3 10 11 7 6 3 10 4 10 12 12 11 17 4 6 6 10 11 14 3 14 7 10 12 7 8 2 5 10 11 17 12 13 15 9 6 15 8 7 5 11 4 14 9 7 8 4 11 1 3 5 8 10 14 12 
13 21 11 7 13 24 12 5 15 23 11 17 4 21 26 16 14 21 12 10000 18 20 19 6 21 9 10 8 9 14 18 12 18 14 20 20 17 12 16 15 9 14 10 12 16 17 3 9 24 18 13 14 13 7 12 20 22 27 27 13 11 8 20 12 7 12 12 28 7 9 10 8 20 4 20 18 15 15 13 15 21 15 9 15 20 19 7 17 15 11 17 18 3 18 20 9 10 3 2 15 18 14 21 10 18 16 23 19 28 13 10 18 22 2 15 14 20 17 19 2 11 18 12 14 8 10 20 1 21 26 5 15 25 16 17 15 23 14 20 21 18 19 13 2 13 12 12 5 7 21 19 
7 11 10 11 5 13 11 14 4 9 12 22 15 5 16 9 19 4 8 18 10000 24 18 17 6 18 17 12 9 11 2 7 7 19 8 7 20 14 5 18 11 11 8 19 2 20 15 14 13 24 7 18 13 17 10 20 16 18 17 17 8 11 11 6 16 6 6 18 16 13 9 11 15 17 4 6 4 10 10 6 14 3 14 8 14 19 16 9 4 8 2 5 16 21 24 13 10 16 16 14 6 8 13 11 16 20 16 17 18 5 9 7 12 17 21 6 20 3 2 17 7 1 7 12 18 19 24 17 20 18 15 13 18 3 2 4 12 5 21 7 4 4 11 17 8 10 6 15 18 20 19 
18 17 15 19 23 19 14 18 24 21 13 4 18 23 18 16 7 25 17 20 24 10000 7 14 23 11 11 16 21 13 23 20 18 7 19 20 5 11 20 6 17 13 21 8 23 4 19 14 19 2 19 7 11 14 16 6 12 17 18 9 20 18 16 21 14 22 21 18 14 15 18 18 12 17 23 20 23 15 15 19 13 23 14 17 13 6 15 16 22 18 25 20 19 4 1 14 17 18 20 11 20 17 14 16 9 5 14 9 18 20 21 18 16 19 6 19 5 22 25 19 22 24 19 12 12 11 1 20 7 15 16 11 14 25 23 21 18 20 5 21 22 22 13 19 17 14 21 17 14 7 6 
12 11 10 15 18 13 10 15 19 14 9 7 16 17 13 10 6 18 12 19 18 7 10000 13 16 10 9 13 16 8 17 15 12 6 12 13 4 8 14 4 13 8 17 8 17 4 17 11 13 7 14 5 6 13 11 2 6 11 12 6 15 14 10 15 12 17 16 13 12 11 14 14 6 15 17 14 18 9 10 13 7 17 11 11 7 1 13 10 17 14 19 14 17 4 7 11 12 16 17 5 13 11 8 12 3 4 8 3 12 15 17 12 10 17 7 13 3 16 19 17 18 18 14 7 11 11 7 18 3 10 14 6 9 19 17 15 12 15 3 15 16 16 8 17 12 9 16 14 13 3 1 
10 17 8 7 13 21 8 5 15 19 7 11 5 19 22 12 8 19 10 6 17 14 13 10000 19 4 4 5 10 9 17 11 15 8 17 17 11 6 14 10 7 10 10 7 15 12 5 4 20 13 11 9 8 1 9 14 17 22 22 8 10 7 16 12 1 12 12 23 2 5 8 7 15 3 18 16 14 11 9 13 16 15 4 12 15 14 2 13 14 9 16 15 5 13 14 5 7 4 6 10 15 11 16 7 13 11 18 14 23 12 10 14 18 5 10 12 14 16 19 5 12 17 10 10 3 4 14 6 15 21 3 11 20 16 15 13 19 12 14 18 16 17 9 5 10 9 12 3 1 16 13 
9 7 12 15 10 8 12 17 9 4 13 21 18 2 11 8 19 3 10 21 6 23 16 19 10000 19 18 14 13 11 4 10 5 18 5 4 19 15 6 18 13 11 12 19 7 19 18 15 8 23 9 18 13 19 11 18 13 14 13 17 11 13 8 9 18 11 10 14 18 14 12 14 12 20 2 4 8 9 11 7 11 7 15 8 11 17 18 8 8 11 8 4 19 19 23 15 12 19 19 13 4 8 10 13 14 19 12 14 14 9 13 5 8 20 21 7 18 5 5 21 11 6 9 12 19 20 23 21 17 14 18 12 14 8 6 7 8 8 19 2 4 3 12 20 9 11 10 17 20 17 17 
11 16 8 9 15 20 8 8 17 19 6 8 7 19 21 12 5 20 10 9 18 11 10 4 19 10000 2 7 12 9 17 12 15 6 17 17 8 5 14 7 8 9 12 4 17 9 8 5 20 10 12 6 7 3 9 11 15 20 21 5 11 9 15 13 3 14 13 22 3 6 10 9 13 6 19 16 16 11 9 13 15 16 5 12 14 11 4 13 15 10 18 16 8 10 11 5 8 7 9 8 16 12 15 7 11 8 16 12 21 13 12 14 16 8 7 13 11 16 19 8 14 18 11 9 1 2 11 9 13 19 6 9 18 17 16 14 18 13 11 18 17 17 8 8 10 9 13 6 3 13 10 
10 15 7 9 14 18 7 8 16 18 5 8 8 18 19 11 5 19 9 10 17 11 9 4 18 2 10000 7 11 8 17 12 14 5 15 16 7 4 13 6 8 8 12 3 16 8 8 4 18 10 11 5 6 4 8 10 14 19 20 4 11 8 14 12 4 13 13 21 3 5 9 9 12 6 18 15 15 10 8 13 13 15 4 11 13 10 4 12 14 10 17 15 8 9 11 5 8 8 9 7 15 11 14 7 10 7 15 11 20 12 12 13 15 8 6 12 11 16 19 9 13 17 11 8 2 3 11 10 12 18 6 8 17 17 16 14 17 13 10 17 16 16 7 9 10 8 13 6 4 12 9 
6 14 4 3 8 17 5 4 10 15 4 13 4 14 19 9 10 14 5 8 12 16 13 5 14 7 7 10000 5 7 12 6 11 10 13 13 12 6 9 11 2 7 6 9 11 13 5 3 17 15 6 10 7 6 5 14 15 20 20 8 5 2 13 7 5 7 7 21 5 2 4 3 13 6 14 11 10 8 5 8 14 10 3 8 13 14 4 10 9 4 12 11 6 14 16 3 2 5 6 9 11 7 14 2 12 12 16 13 20 7 6 10 15 7 12 7 14 11 14 7 7 12 6 7 6 8 16 7 15 19 4 9 18 11 11 9 15 7 14 14 12 12 6 7 6 5 7 4 6 15 13 
6 15 7 3 4 17 7 6 6 15 8 18 6 12 20 9 14 12 6 9 9 21 16 10 13 12 11 5 10000 9 9 3 11 14 13 12 16 10 8 15 4 9 1 14 8 17 7 8 18 20 5 14 10 10 6 18 17 21 21 13 3 3 13 4 9 3 3 22 9 6 3 3 15 9 12 11 6 9 7 7 16 7 8 8 15 17 8 11 6 3 8 10 8 18 20 7 5 7 7 12 10 8 15 5 15 16 18 16 22 5 1 10 16 9 17 7 18 9 11 9 3 9 5 10 11 13 21 9 18 20 8 12 20 7 8 6 16 5 18 13 10 10 9 9 6 8 4 7 10 19 17 
5 8 3 9 10 12 3 10 11 11 4 11 10 12 13 4 8 12 4 14 11 13 8 9 11 9 8 7 9 10000 11 8 7 8 8 9 9 4 7 7 6 1 9 8 11 9 11 6 12 13 7 7 3 10 4 9 9 14 14 6 8 7 7 8 9 10 9 15 8 6 7 8 7 11 11 8 11 3 2 6 8 10 6 4 7 9 8 4 10 6 12 8 12 10 13 5 6 11 12 3 8 4 7 5 6 9 10 7 14 8 10 6 9 12 11 6 10 10 13 13 10 12 6 1 9 10 13 13 10 12 9 3 12 12 10 8 10 8 10 10 9 10 1 13 4 2 9 9 10 10 8 
7 9 10 12 6 11 10 14 5 8 12 21 15 3 15 8 18 3 8 18 2 23 17 17 4 17 17 12 9 11 10000 7 6 18 7 6 19 14 4 17 11 10 9 18 3 19 15 13 11 23 6 17 13 17 9 19 15 17 16 16 8 11 9 6 16 7 7 17 16 12 9 11 13 17 3 4 5 9 9 5 13 3 13 7 12 18 15 8 4 8 4 3 17 20 23 13 10 16 16 13 4 7 12 11 15 19 14 15 17 5 9 6 11 17 21 5 19 2 3 18 8 2 7 11 17 19 23 18 18 16 15 12 17 5 2 4 10 5 19 5 2 3 11 17 8 10 6 15 17 19 18 
3 12 6 5 3 15 6 8 5 12 7 17 9 9 17 7 14 9 4 12 7 20 15 11 10 12 12 6 3 8 7 10000 8 14 10 10 15 9 5 14 5 8 3 14 5 16 9 8 15 19 2 13 9 11 5 17 15 19 19 12 2 5 11 1 10 2 2 20 10 7 3 5 13 11 9 8 4 7 6 4 13 4 8 5 13 16 10 8 3 3 6 7 10 17 20 7 4 10 10 10 7 5 13 5 13 16 16 14 19 2 3 7 13 11 17 4 17 6 8 11 3 7 2 9 12 13 20 12 17 18 9 10 18 6 5 3 13 2 17 10 7 8 7 11 4 6 2 9 12 17 16 
6 5 8 12 9 7 8 14 9 5 9 17 15 6 10 4 14 7 6 18 7 18 12 15 5 15 14 11 11 7 6 8 10000 14 3 3 14 11 4 13 10 6 10 15 7 15 15 11 7 18 7 13 9 15 7 14 9 12 11 12 9 11 4 8 15 9 9 12 14 11 9 11 8 16 5 2 8 5 7 4 7 7 12 4 7 13 14 3 7 8 9 3 16 15 19 11 9 16 16 9 2 4 6 9 10 15 9 10 12 7 11 1 6 17 17 5 14 5 8 17 10 7 7 7 15 16 18 18 13 11 15 8 12 9 6 6 6 7 15 3 4 4 7 17 6 7 8 14 16 13 13 
12 14 9 12 17 17 8 12 18 17 7 4 12 19 17 11 1 20 11 14 19 7 6 8 18 6 5 10 14 8 18 14 14 10000 15 16 3 5 15 2 11 8 15 3 18 4 13 7 17 6 13 1 6 8 10 6 11 16 17 2 13 11 13 15 8 16 15 18 8 9 12 12 10 11 19 15 17 10 9 14 11 17 7 12 11 6 8 11 16 12 19 16 12 5 7 8 10 12 13 6 15 11 12 9 7 3 13 8 17 14 15 14 14 13 3 13 6 17 20 13 16 19 13 7 6 6 7 14 8 15 10 7 14 19 17 15 15 15 6 17 17 17 8 13 11 9 15 11 8 8 5 
8 3 10 14 11 5 9 16 11 3 11 18 17 6 8 5 15 7 8 20 8 19 12 17 5 17 15 13 13 8 7 10 3 15 10000 2 15 12 6 14 12 8 13 16 9 15 17 13 5 19 9 14 10 17 9 14 9 10 10 13 11 13 3 10 16 11 11 10 16 13 11 13 8 18 6 3 10 6 8 6 7 9 13 6 6 13 16 4 9 10 10 4 18 15 19 13 11 18 18 10 3 6 6 11 10 15 8 10 10 9 13 3 4 19 18 7 14 7 9 19 12 8 9 9 17 18 19 20 13 10 16 9 10 11 8 8 4 9 15 3 5 5 9 19 8 9 10 16 17 13 13 
8 4 10 14 10 6 10 16 10 3 11 19 17 5 9 5 16 6 8 20 7 20 13 17 4 17 16 13 12 9 6 10 3 16 2 10000 16 13 6 15 12 8 12 17 8 16 17 13 6 20 8 15 11 18 9 15 10 11 10 14 10 12 4 9 17 11 10 11 16 13 11 13 9 19 5 2 9 7 9 6 8 8 14 6 8 14 16 5 8 10 9 4 18 16 20 13 11 18 18 10 3 6 7 11 11 16 9 11 11 8 12 3 6 19 18 7 15 6 8 19 12 7 9 9 17 18 20 20 14 11 17 9 11 10 7 7 5 8 16 2 4 4 9 19 8 9 10 16 18 14 14 
13 14 10 14 18 16 10 14 19 17 9 3 14 19 16 12 3 20 12 17 20 5 4 11 19 8 7 12 16 9 19 15 14 3 15 16 10000 7 15 2 12 9 16 5 19 2 15 9 16 5 14 3 7 11 11 4 10 15 16 4 15 13 12 16 10 17 16 17 10 10 14 14 9 13 19 15 19 10 10 14 10 18 9 12 10 4 11 11 18 14 20 16 15 2 5 10 12 14 16 6 15 12 11 11 6 1 11 6 16 16 16 14 13 15 4 14 4 18 21 15 18 20 14 8 9 8 5 16 6 13 12 7 13 20 18 16 15 16 4 17 17 17 9 16 12 10 16 13 10 6 3 
7 12 4 8 12 15 4 8 14 15 3 9 8 15 16 8 5 16 6 12 14 11 8 6 15 5 4 6 10 4 14 9 11 5 12 13 7 10000 10 5 6 5 10 5 13 8 9 3 15 10 9 5 3 6 5 9 11 16 17 3 9 7 10 10 6 11 10 18 5 4 8 8 9 8 15 12 13 6 5 9 10 12 4 8 9 9 6 8 12 8 15 12 10 9 11 3 6 9 10 4 11 7 10 5 7 7 12 8 17 10 10 10 12 10 8 9 9 13 16 10 12 14 8 4 5 6 11 11 10 15 7 5 15 14 13 11 13 10 9 13 13 13 4 10 7 4 10 7 6 10 8 
4 8 7 9 6 11 7 12 6 8 9 18 12 6 14 5 15 6 5 16 5 20 14 14 6 14 13 9 8 7 4 5 4 15 6 6 15 10 10000 14 8 7 7 15 4 16 13 10 11 20 4 14 9 14 6 16 12 16 15 13 6 8 8 4 13 6 5 16 13 9 6 8 11 15 5 4 5 6 6 2 11 4 10 4 10 15 12 5 4 6 6 3 14 17 20 10 7 13 14 10 3 4 10 8 12 16 13 13 16 3 7 4 9 15 17 2 16 3 6 15 7 5 4 8 14 16 20 15 16 15 13 9 15 6 3 2 10 3 16 6 3 4 7 15 4 7 5 12 14 16 15 
12 13 9 13 17 16 9 13 18 16 8 4 13 18 16 10 2 19 11 15 18 6 4 10 18 7 6 11 15 7 17 14 13 2 14 15 2 5 14 10000 11 8 15 4 17 3 14 8 16 6 13 2 5 10 10 5 9 15 16 3 14 12 12 15 9 16 15 17 9 9 13 12 9 12 18 14 17 9 9 13 10 17 8 11 9 5 10 11 16 12 19 15 14 4 6 8 11 13 15 5 14 11 11 10 5 2 11 6 16 14 15 13 12 14 4 13 5 16 20 14 16 18 13 7 8 7 6 15 6 13 11 6 13 19 17 15 14 15 5 16 16 16 8 14 11 9 15 12 9 7 4 
5 13 4 3 7 16 4 5 9 14 4 14 5 13 18 8 11 13 4 9 11 17 13 7 13 8 8 2 4 6 11 5 10 11 12 12 12 6 8 11 10000 7 5 10 9 13 6 4 16 16 5 10 7 7 4 14 14 19 19 9 4 1 12 6 6 6 6 20 6 3 2 2 13 7 12 10 8 7 5 7 13 8 4 7 12 14 5 9 8 3 10 10 7 14 17 3 1 6 7 9 10 6 13 2 12 13 15 13 20 6 5 9 14 8 13 6 15 10 12 8 6 11 4 7 8 9 17 8 15 18 5 8 18 10 9 7 15 6 15 12 10 11 6 8 5 5 6 5 7 15 13 
5 8 3 9 10 11 3 10 11 10 4 11 11 11 13 3 8 12 4 14 11 13 8 10 11 9 8 7 9 1 10 8 6 8 8 8 9 5 7 8 7 10000 9 9 10 10 12 6 11 13 6 7 3 10 4 10 8 13 13 6 8 7 6 8 9 10 9 14 9 6 7 8 7 12 11 7 10 2 3 6 7 10 6 4 6 9 9 4 9 6 12 8 12 10 13 6 6 12 13 3 7 4 7 5 6 9 9 7 14 8 10 6 8 13 11 6 10 9 12 13 10 11 6 2 10 10 13 14 10 12 10 3 12 12 10 8 9 8 10 9 9 9 2 13 4 2 9 10 10 10 9 
6 14 7 4 4 17 7 6 6 15 8 18 7 12 20 9 15 11 6 10 8 21 17 10 12 12 12 6 1 9 9 3 10 15 13 12 16 10 7 15 5 9 10000 14 7 17 7 8 17 20 4 14 11 11 6 18 17 21 21 13 2 4 13 3 10 3 3 22 10 7 3 4 15 10 11 10 5 9 7 7 16 6 8 8 15 17 9 10 5 3 7 9 9 18 21 8 5 8 8 12 10 7 15 6 15 17 18 16 22 4 1 10 15 9 17 6 18 8 10 10 2 9 4 10 12 13 21 10 19 20 8 12 20 7 7 6 16 5 19 12 9 10 9 9 6 8 3 8 11 19 17 
12 15 9 11 16 18 8 10 18 18 7 5 10 19 19 12 2 20 11 12 19 8 8 7 19 4 3 9 14 8 18 14 15 3 16 17 5 5 15 4 10 9 14 10000 18 6 11 7 18 7 13 3 6 6 10 8 13 18 19 3 13 11 14 14 6 15 15 20 6 8 12 11 12 9 19 16 17 11 9 14 13 17 6 12 12 8 7 12 16 12 19 16 11 7 8 7 10 10 12 7 16 12 13 9 8 5 14 9 19 14 14 14 15 11 4 13 8 17 20 11 15 19 13 8 5 4 8 12 10 17 8 8 16 19 17 15 17 15 8 18 17 17 8 11 11 9 15 9 6 10 7 
6 11 9 10 4 13 10 13 3 10 11 21 13 6 16 8 18 5 7 16 2 23 17 15 7 17 16 11 8 11 3 5 7 18 9 8 19 13 4 17 9 10 7 18 10000 19 14 12 13 23 5 17 13 16 8 19 16 19 18 16 6 9 11 4 15 5 5 19 15 11 8 9 14 16 5 6 2 9 9 5 14 1 13 7 13 18 14 9 2 7 2 5 15 20 23 12 9 14 14 13 6 7 13 10 15 19 16 16 19 4 7 7 12 16 20 5 20 3 4 16 6 2 6 11 16 18 23 16 19 18 14 12 18 3 1 3 12 4 20 7 4 5 10 16 7 9 5 13 16 19 18 
14 14 11 15 19 16 11 15 20 18 10 3 15 20 16 12 4 21 13 17 20 4 4 12 19 9 8 13 17 9 19 16 15 4 15 16 2 8 16 3 13 10 17 6 19 10000 16 10 16 4 15 4 8 11 12 4 9 15 16 5 16 14 13 17 11 18 17 17 11 11 15 15 9 14 20 16 19 11 11 15 10 19 10 13 10 4 12 12 18 15 21 17 16 2 4 11 13 15 17 7 16 13 11 12 6 2 11 6 16 16 17 15 13 16 4 15 3 18 21 16 19 20 15 9 10 9 4 17 5 13 13 8 12 21 19 17 15 17 3 17 18 18 10 17 13 11 17 14 11 6 3 
10 18 9 4 10 22 9 2 12 20 8 16 1 18 24 13 13 18 10 3 15 19 17 5 18 8 8 5 7 11 15 9 15 13 17 17 15 9 13 14 6 12 7 11 14 16 10000 7 22 17 10 13 11 6 9 18 19 24 24 12 8 5 17 10 5 9 9 25 6 6 7 5 17 4 17 16 12 12 10 12 18 13 6 12 17 17 5 14 12 8 14 15 2 17 18 7 7 2 2 13 15 12 18 7 16 15 20 17 25 10 7 15 19 3 14 11 18 14 17 3 9 15 9 12 7 9 19 3 19 23 3 13 23 13 14 12 20 11 18 18 15 16 10 2 10 10 10 3 6 19 17 
7 13 4 5 10 17 4 5 12 16 3 11 6 15 18 8 7 16 6 9 14 14 11 4 15 5 4 3 8 6 13 8 11 7 13 13 9 3 10 8 4 6 8 7 12 10 7 10000 17 13 8 7 5 5 5 12 13 19 19 6 7 5 12 9 4 9 9 20 3 2 6 5 12 6 15 12 11 7 5 9 13 11 1 8 12 11 3 9 11 6 13 12 7 11 14 1 4 6 7 7 12 8 13 3 10 9 15 11 19 9 8 11 14 7 10 8 12 12 15 8 10 14 7 6 5 6 14 9 13 17 4 7 17 13 12 10 15 9 12 14 12 13 5 8 6 5 9 4 5 13 11 
12 4 14 18 16 1 13 20 15 4 15 19 21 9 4 9 17 11 13 24 13 19 13 20 8 20 18 17 18 12 11 15 7 17 5 6 16 15 11 16 16 11 17 18 13 16 22 17 10000 20 13 16 13 21 13 14 8 6 5 16 15 17 5 15 20 16 15 6 19 17 16 17 8 22 10 8 15 10 12 11 6 14 17 10 7 13 19 8 14 15 15 9 23 16 20 16 15 22 23 12 8 11 6 15 11 17 6 11 6 14 18 8 4 23 19 12 14 11 13 24 17 13 14 11 20 21 19 24 13 6 20 11 7 15 12 13 2 14 15 7 10 9 12 23 12 13 15 20 21 13 14 
17 18 14 17 22 20 14 17 23 21 13 2 17 23 19 16 6 24 16 18 24 2 7 13 23 10 10 15 20 13 23 19 18 6 19 20 5 10 20 6 16 13 20 7 23 4 17 13 20 10000 18 6 11 13 15 7 13 18 19 8 19 17 16 20 13 21 20 20 12 14 17 17 13 15 23 20 23 15 14 19 14 22 13 17 14 7 13 16 22 17 24 20 17 4 2 13 16 17 18 10 19 16 15 15 9 4 15 10 19 20 20 18 17 17 4 18 6 22 25 17 21 24 18 12 11 9 2 18 8 16 15 11 16 24 22 20 18 20 5 21 21 22 13 18 16 14 20 15 12 8 7 
2 10 5 6 4 13 5 9 6 11 6 17 9 9 16 6 13 9 3 13 7 19 14 11 9 12 11 6 5 7 6 2 7 13 9 8 14 9 4 13 5 6 4 13 5 15 10 8 13 18 10000 13 8 11 4 15 14 18 17 11 3 5 9 2 10 4 3 18 10 7 3 5 12 12 8 7 5 6 5 3 12 4 8 4 11 15 10 7 4 3 7 6 11 16 19 7 4 10 11 9 6 4 11 5 12 15 14 13 18 2 5 6 11 12 16 2 16 5 8 12 5 7 1 7 12 13 19 12 16 17 10 9 17 6 5 3 12 2 16 9 6 7 6 12 3 5 3 9 12 16 14 
11 13 8 12 16 16 8 12 18 17 7 5 12 18 16 10 2 19 10 14 18 7 5 9 18 6 5 10 14 7 17 13 13 1 14 15 3 5 14 2 10 7 14 3 17 4 13 7 16 6 13 10000 5 8 9 6 10 16 16 2 13 11 12 14 8 15 14 17 8 8 12 12 9 11 18 14 17 9 8 13 10 16 7 11 10 6 8 10 16 12 18 15 13 5 7 7 10 12 13 5 14 11 11 9 6 3 12 7 17 14 14 13 13 13 4 12 6 16 19 13 16 18 12 6 7 6 7 14 7 14 10 6 14 18 16 15 14 14 6 16 16 16 7 13 10 8 14 10 8 8 5 
7 10 4 9 12 13 4 10 13 13 3 9 10 14 14 6 6 14 6 13 13 11 6 8 13 7 6 7 10 3 13 9 9 6 10 11 7 3 9 5 7 3 11 6 13 8 11 5 13 11 8 5 10000 9 5 8 9 14 14 4 9 8 8 10 8 11 10 15 7 6 8 8 7 10 13 10 12 5 4 8 8 12 5 6 7 7 8 6 11 8 14 10 12 8 11 5 6 11 12 2 10 6 8 6 5 7 10 6 15 9 11 8 10 12 9 8 8 12 15 12 12 14 8 2 8 8 11 13 9 13 9 3 12 14 12 10 11 10 8 12 11 12 3 12 6 4 10 9 9 9 7 
11 17 8 7 13 21 8 5 15 20 7 11 5 19 22 13 8 19 10 7 17 14 13 1 19 3 4 6 10 10 17 11 15 8 17 18 11 6 14 10 7 10 11 6 16 11 6 5 21 13 11 8 9 10000 9 14 17 22 23 8 10 7 16 12 1 12 12 24 2 5 9 7 15 3 19 16 15 12 9 13 16 15 4 12 15 13 2 13 14 9 17 16 5 12 14 5 8 5 6 10 16 12 16 7 13 10 18 14 23 12 10 15 18 5 9 12 14 16 19 5 12 17 11 10 2 4 14 6 15 21 3 11 20 16 16 14 19 13 14 18 17 17 9 6 10 9 12 4 1 15 13 
3 10 1 6 7 13 2 8 9 11 3 13 8 11 15 5 10 11 2 12 10 16 11 9 11 9 8 5 6 4 9 5 7 10 9 9 11 5 6 10 4 4 6 10 8 12 9 5 13 15 4 9 5 9 10000 12 11 16 16 8 5 4 9 5 8 7 6 17 8 4 4 5 10 10 10 8 8 4 2 5 10 8 5 4 9 12 7 6 7 3 10 7 10 13 16 4 3 9 10 6 7 3 10 3 9 11 12 10 17 5 6 6 11 11 12 4 13 8 11 11 7 10 3 4 9 10 16 11 13 15 8 6 15 10 8 6 11 5 13 10 8 9 3 11 2 2 6 8 9 13 11 
14 12 12 17 19 14 11 17 20 16 11 6 17 19 13 12 7 20 13 20 20 6 2 14 18 11 10 14 18 9 19 17 14 6 14 15 4 9 16 5 14 10 18 8 19 4 18 12 14 7 15 6 8 14 12 10000 7 12 13 7 17 15 11 17 14 19 18 14 13 13 16 16 7 16 19 15 19 11 11 15 8 19 12 13 8 1 14 11 18 15 21 16 18 3 6 12 14 17 19 7 15 13 9 13 4 5 9 4 13 17 18 14 11 18 7 15 1 18 21 19 19 20 15 9 12 12 6 19 2 10 15 7 9 21 18 17 13 17 2 16 17 17 10 19 13 11 18 16 14 2 2 
12 6 11 17 17 8 11 18 17 10 11 12 18 14 7 9 11 15 12 22 16 12 6 17 13 15 14 15 17 9 15 15 9 11 9 10 10 11 12 9 14 8 17 13 16 9 19 13 8 13 14 10 9 17 11 7 10000 6 7 10 15 15 6 15 16 17 16 8 15 14 15 16 2 19 14 11 17 8 10 12 2 16 14 10 3 6 16 8 16 14 17 12 20 9 13 13 14 19 20 7 11 10 4 13 5 10 2 4 7 14 17 10 5 20 13 12 7 14 17 21 18 16 13 8 15 15 12 21 6 5 17 7 4 18 15 14 7 14 8 11 13 13 9 21 11 10 16 17 17 6 7 
16 8 16 22 21 7 16 23 21 10 17 17 23 15 3 13 17 17 16 27 18 17 11 22 14 20 19 20 21 14 17 19 12 16 10 11 15 16 16 15 19 13 21 18 19 15 24 19 6 18 18 16 14 22 16 12 6 10000 2 16 19 20 9 19 22 21 20 2 21 19 19 21 8 24 15 13 20 13 15 15 7 19 19 14 8 11 21 11 19 19 20 14 25 14 17 18 19 24 25 13 13 14 7 18 10 15 5 9 1 18 22 13 7 26 18 16 12 16 18 26 22 18 18 13 21 21 16 27 10 2 23 12 3 21 18 18 7 18 13 12 15 15 15 26 16 15 20 23 22 10 12 
16 7 16 21 20 6 16 23 20 9 17 18 24 14 2 12 18 16 16 27 17 18 12 22 13 21 20 20 21 14 16 19 11 17 10 10 16 17 15 16 19 13 21 19 18 16 24 19 5 19 17 16 14 23 16 13 7 2 10000 16 19 20 8 18 22 20 19 2 21 19 19 20 8 24 14 12 19 13 15 15 7 18 19 14 8 12 22 11 18 18 19 14 25 15 18 19 18 25 25 13 12 14 7 18 11 16 5 10 1 18 21 12 6 26 19 15 13 16 17 26 21 17 17 13 21 22 18 27 11 3 23 12 4 20 17 17 6 17 14 11 14 14 15 26 16 15 19 23 23 11 13 
10 13 7 11 15 16 7 11 16 16 5 6 11 17 16 9 3 18 9 13 17 9 6 8 17 5 4 8 13 6 16 12 12 2 13 14 4 3 13 3 9 6 13 3 16 5 12 6 16 8 11 2 4 8 8 7 10 16 16 10000 12 10 11 13 7 14 13 17 7 7 10 10 9 10 17 13 15 8 7 12 10 15 6 10 10 6 7 10 15 10 17 14 12 6 8 6 9 11 12 4 13 10 11 8 6 4 12 7 17 13 13 12 12 12 5 11 7 15 18 12 14 17 11 6 6 6 8 13 8 14 9 5 14 17 15 14 14 13 7 15 15 15 6 12 9 7 13 9 7 8 6 
4 12 5 4 4 15 6 7 6 13 7 17 8 10 18 7 14 10 4 11 8 20 15 10 11 11 11 5 3 8 8 2 9 13 11 10 15 9 6 14 4 8 2 13 6 16 8 7 15 19 3 13 9 10 5 17 15 19 19 12 10000 4 11 2 9 3 2 20 9 6 2 4 13 10 10 9 5 7 6 5 14 5 7 6 13 16 9 8 4 2 7 8 9 17 19 7 4 9 9 10 8 6 13 5 13 15 16 14 20 3 3 8 13 10 16 4 17 7 9 10 3 8 2 9 11 13 19 11 17 18 8 10 18 6 6 4 14 3 17 11 8 9 7 10 4 6 2 8 11 17 15 
5 14 5 2 7 17 5 4 9 15 5 15 5 13 19 8 12 13 5 8 11 18 14 7 13 9 8 2 3 7 11 5 11 11 13 12 13 7 8 12 1 7 4 11 9 14 5 5 17 17 5 11 8 7 4 15 15 20 20 10 4 10000 13 5 6 5 5 21 6 3 2 1 14 7 13 11 8 8 6 7 14 8 5 7 13 15 6 10 7 3 10 10 6 15 18 4 2 6 6 9 10 7 14 3 13 13 16 14 21 6 4 10 15 7 14 7 16 10 12 8 6 11 5 8 8 10 18 8 16 19 5 9 19 9 9 7 15 6 16 13 10 11 6 7 5 6 5 5 8 16 14 
8 2 9 14 13 5 9 16 13 5 10 15 16 8 7 5 13 10 8 20 11 16 10 16 8 15 14 13 13 7 9 11 4 13 3 4 12 10 8 12 12 6 13 14 11 13 17 12 5 16 9 12 8 16 9 11 6 9 8 11 11 13 10000 11 15 12 12 9 15 12 11 13 5 18 8 5 12 5 8 7 4 11 12 6 4 10 15 4 11 11 12 7 18 13 16 12 11 17 18 7 5 6 3 11 7 13 6 8 9 10 14 5 3 19 15 8 11 9 11 19 13 11 9 7 15 16 16 20 10 8 16 7 8 13 10 9 3 10 12 6 8 7 8 19 8 8 12 16 16 10 11 
4 12 6 6 3 14 7 9 4 12 8 18 9 9 17 7 15 9 4 12 6 21 15 12 9 13 12 7 4 8 6 1 8 15 10 9 16 10 4 15 6 8 3 14 4 17 10 9 15 20 2 14 10 12 5 17 15 19 18 13 2 5 11 10000 11 2 1 19 11 8 4 5 13 12 8 7 3 7 6 4 13 3 9 6 13 16 10 8 3 3 5 6 11 17 20 8 5 10 11 11 7 5 13 6 14 16 16 15 19 1 4 7 13 12 17 4 18 5 8 12 3 6 2 9 13 14 20 12 17 18 10 10 18 5 5 3 13 2 18 9 6 7 8 12 4 7 1 9 12 18 16 
10 17 7 6 13 20 7 5 15 19 6 11 5 18 21 12 8 19 9 7 16 14 12 1 18 3 4 5 9 9 16 10 15 8 16 17 10 6 13 9 6 9 10 6 15 11 5 4 20 13 10 8 8 1 8 14 16 22 22 7 9 6 15 11 10000 11 11 23 1 4 8 7 14 3 18 15 14 11 8 12 15 14 3 11 15 13 1 13 13 8 16 15 5 12 14 4 7 5 6 9 15 11 16 6 12 10 17 13 22 11 10 14 17 5 9 11 14 15 18 6 11 16 10 9 3 4 14 6 15 20 3 10 20 15 15 13 18 12 13 17 16 16 8 6 9 8 11 3 2 15 12 
5 13 7 6 2 16 8 8 4 13 9 19 9 10 19 9 16 9 6 12 6 22 17 12 11 14 13 7 3 10 7 2 9 16 11 11 17 11 6 16 6 10 3 15 5 18 9 9 16 21 4 15 11 12 7 19 17 21 20 14 3 5 12 2 11 10000 1 21 11 8 4 5 15 12 9 9 3 9 8 6 15 4 9 7 14 18 11 10 3 4 5 8 11 19 22 9 6 10 10 12 8 7 14 7 15 17 17 16 21 3 3 9 14 11 18 5 19 6 8 12 2 7 4 10 13 15 22 12 19 20 10 12 20 5 5 4 15 3 19 11 7 8 9 11 6 8 1 9 13 19 17 
4 13 7 6 2 15 7 8 4 12 8 18 9 9 18 8 15 9 5 12 6 21 16 12 10 13 13 7 3 9 7 2 9 15 11 10 16 10 5 15 6 9 3 15 5 17 9 9 15 20 3 14 10 12 6 18 16 20 19 13 2 5 12 1 11 1 10000 20 11 8 4 5 14 12 9 8 3 8 7 5 14 4 9 6 13 17 10 9 3 3 5 7 11 18 21 8 5 10 10 12 8 6 14 6 14 17 16 15 20 2 3 8 14 11 18 4 18 6 8 12 2 6 3 10 13 14 21 12 18 19 10 11 19 5 5 3 14 2 18 10 7 8 8 11 5 7 1 9 12 18 17 
17 8 17 22 21 6 17 24 21 10 18 19 25 15 3 13 18 16 17 28 18 18 13 23 14 22 21 21 22 15 17 20 12 18 10 11 17 18 16 17 20 14 22 20 19 17 25 20 6 20 18 17 15 24 17 14 8 2 2 17 20 21 9 19 23 21 20 10000 22 20 20 22 9 25 15 13 20 14 16 16 8 19 20 15 9 13 23 12 19 19 20 14 26 16 19 20 19 26 27 14 13 15 8 19 12 17 6 11 1 19 22 13 7 27 20 16 14 16 18 27 22 18 18 14 22 23 18 28 12 4 24 13 5 21 18 18 7 18 15 12 15 15 16 27 17 16 20 24 24 12 14 
9 16 7 6 12 19 7 5 14 18 5 10 5 18 21 11 7 18 9 7 16 14 12 2 18 3 3 5 9 8 16 10 14 8 16 16 10 5 13 9 6 9 10 6 15 11 6 3 19 12 10 8 7 2 8 13 15 21 21 7 9 6 15 11 1 11 11 22 10000 4 8 6 14 4 17 15 14 10 8 12 15 14 3 11 14 13 1 12 13 8 16 14 5 12 13 4 6 5 6 9 14 10 15 6 11 10 17 13 22 11 9 13 16 6 9 11 13 15 18 6 11 16 10 8 2 4 14 7 14 20 3 9 19 15 14 13 18 11 13 17 15 16 7 6 9 7 11 4 2 15 12 
6 13 4 4 9 17 4 5 11 15 3 12 5 14 18 8 9 15 5 9 13 15 11 5 14 6 5 2 6 6 12 7 11 9 13 13 10 4 9 9 3 6 7 8 11 11 6 2 17 14 7 8 6 5 4 13 14 19 19 7 6 3 12 8 4 8 8 20 4 10000 5 4 12 6 14 11 10 7 5 8 13 10 2 7 12 12 4 9 10 5 12 11 7 12 15 1 3 6 7 7 11 7 13 2 10 11 15 12 20 8 7 10 14 7 11 8 13 11 14 8 8 13 6 6 6 7 15 8 14 18 4 7 17 12 11 9 15 8 13 13 12 12 5 7 6 4 8 4 6 14 12 
4 13 4 3 5 16 5 6 7 13 5 16 6 11 18 7 12 11 4 10 9 18 14 8 12 10 9 4 3 7 9 3 9 12 11 11 14 8 6 13 2 7 3 12 8 15 7 6 16 17 3 12 8 9 4 16 15 19 19 10 2 2 11 4 8 4 4 20 8 5 10000 2 13 9 11 9 6 7 5 6 13 7 6 6 12 15 7 8 6 1 8 8 8 15 18 5 2 8 8 9 9 6 13 3 12 14 16 14 20 4 3 8 13 9 15 5 16 8 11 9 4 9 3 8 10 11 18 10 16 18 7 9 18 8 7 6 14 4 16 11 9 9 6 9 4 5 4 6 9 16 14 
6 14 5 1 6 17 6 4 8 15 6 15 5 13 20 9 12 13 5 8 11 18 14 7 14 9 9 3 3 8 11 5 11 12 13 13 14 8 8 12 2 8 4 11 9 15 5 5 17 17 5 12 8 7 5 16 16 21 20 10 4 1 13 5 7 5 5 22 6 4 2 10000 14 7 13 11 8 8 6 8 15 8 5 8 14 15 6 10 7 3 10 10 6 16 18 5 3 6 6 10 11 7 14 3 13 14 17 14 21 6 4 10 15 7 14 7 16 10 12 7 5 11 5 9 8 10 18 8 17 20 5 10 19 9 9 7 16 6 16 13 11 11 7 7 6 6 5 5 8 17 15 
10 6 10 15 15 8 9 16 16 9 10 12 17 13 8 7 10 14 10 20 15 12 6 15 12 13 12 13 15 7 13 13 8 10 8 9 9 9 11 9 13 7 15 12 14 9 17 12 8 13 12 9 7 15 10 7 2 8 8 9 13 14 5 13 14 15 14 9 14 12 13 14 10000 17 13 9 15 7 9 10 2 14 12 8 2 6 14 6 14 12 16 10 18 9 12 11 12 17 18 6 9 9 3 11 4 9 4 3 8 13 15 8 5 19 12 10 7 12 15 19 16 15 12 6 14 14 12 20 6 6 16 5 6 16 13 13 6 13 8 10 12 11 8 19 10 8 14 16 15 6 7 
11 19 9 7 13 22 9 4 15 21 8 13 4 20 24 14 10 20 11 4 17 17 15 3 20 6 6 6 9 11 17 11 16 11 18 19 13 8 15 12 7 12 10 9 16 14 4 6 22 15 12 11 10 3 10 16 19 24 24 10 10 7 18 12 3 12 12 25 4 6 9 7 17 10000 19 17 15 13 10 14 18 15 6 13 17 16 3 15 14 10 17 16 3 15 16 6 8 3 4 12 17 13 18 8 15 13 20 16 25 12 10 16 19 3 12 13 16 16 19 3 12 17 11 12 5 6 16 4 17 23 3 12 22 16 16 14 20 13 16 19 17 18 10 3 11 10 12 3 3 18 15 
8 8 11 14 9 9 11 16 7 6 13 22 17 1 13 8 19 2 9 20 4 23 17 18 2 19 18 14 12 11 3 9 5 19 6 5 19 15 5 18 12 11 11 19 5 20 17 15 10 23 8 18 13 19 10 19 14 15 14 17 10 13 8 8 18 9 9 15 17 14 11 13 13 19 10000 4 7 9 10 6 12 6 15 7 12 18 17 8 7 10 6 4 19 20 23 14 12 18 18 13 4 8 11 12 15 19 13 15 15 8 11 6 10 19 21 7 19 3 4 20 10 4 9 12 19 20 23 20 18 15 17 12 15 7 4 6 9 7 19 4 3 2 12 19 9 11 9 17 19 18 18 
6 6 8 12 9 8 8 14 8 5 10 18 15 4 11 5 15 5 7 18 6 20 14 16 4 16 15 11 11 8 4 8 2 15 3 2 15 12 4 14 10 7 10 16 6 16 16 12 8 20 7 14 10 16 8 15 11 13 12 13 9 11 5 7 15 9 8 13 15 11 9 11 9 17 4 10000 7 6 7 4 9 6 12 4 8 14 15 5 7 8 8 2 17 16 20 11 10 16 17 10 1 5 8 10 11 16 10 12 13 6 11 2 7 17 18 5 15 4 6 18 10 6 7 8 16 17 20 18 15 12 15 9 13 8 5 5 7 6 16 3 3 3 8 17 6 8 8 15 16 15 14 
6 12 9 8 2 15 9 11 1 11 11 21 12 8 18 9 18 7 7 15 4 23 18 14 8 16 15 10 6 11 5 4 8 17 10 9 19 13 5 17 8 10 5 17 2 19 12 11 15 23 5 17 12 15 8 19 17 20 19 15 5 8 12 3 14 3 3 20 14 10 6 8 15 15 7 7 10000 9 9 5 15 2 12 7 14 19 13 10 2 6 3 6 13 20 23 11 8 13 13 13 7 7 14 9 16 19 17 17 20 3 6 8 14 14 20 5 20 4 5 14 4 4 5 11 15 17 23 14 20 19 13 13 19 2 3 3 14 3 20 9 5 6 10 14 7 9 3 12 15 20 18 
4 6 4 9 9 10 4 11 10 9 5 13 12 9 12 2 10 10 4 15 10 15 9 11 9 11 10 8 9 3 9 7 5 10 6 7 10 6 6 9 7 2 9 11 9 11 12 7 10 15 6 9 5 12 4 11 8 13 13 8 7 8 5 7 11 9 8 14 10 7 7 8 7 13 9 6 9 10000 3 5 7 8 8 3 6 10 10 2 8 6 11 6 13 12 15 7 6 13 14 5 5 3 6 6 7 11 9 8 13 7 10 4 7 14 13 5 11 8 11 14 10 10 6 3 11 12 15 15 11 12 11 4 12 11 8 7 8 7 11 7 7 7 3 14 4 3 8 11 12 11 10 
3 9 2 7 8 12 2 9 10 11 3 12 9 11 14 4 9 11 2 13 10 15 10 9 11 9 8 5 7 2 9 6 7 9 8 9 10 5 6 9 5 3 7 9 9 11 10 5 12 14 5 8 4 9 2 11 10 15 15 7 6 6 8 6 8 8 7 16 8 5 5 6 9 10 10 7 9 3 10000 5 9 8 5 3 8 11 8 5 8 4 10 7 11 12 15 5 4 10 11 5 7 3 9 4 8 11 11 9 16 6 8 6 10 11 12 5 12 8 11 12 8 10 4 3 9 10 15 12 12 14 9 5 14 10 8 7 11 6 12 9 8 9 2 12 2 1 7 8 10 12 10 
3 8 6 9 6 11 6 11 6 8 8 17 12 6 14 4 14 7 4 15 6 19 13 13 7 13 13 8 7 6 5 4 4 14 6 6 14 9 2 13 7 6 7 14 5 15 12 9 11 19 3 13 8 13 5 15 12 15 15 12 5 7 7 4 12 6 5 16 12 8 6 8 10 14 6 4 5 5 5 10000 10 4 10 3 9 14 12 5 4 5 6 3 13 16 19 9 6 13 13 9 3 3 9 7 11 15 12 12 16 3 7 3 9 14 16 1 15 4 7 14 7 6 3 7 13 15 19 15 15 15 12 8 15 6 4 3 9 3 16 6 4 4 6 14 3 6 5 11 14 15 14 
10 4 10 15 15 7 10 17 16 8 10 13 17 12 7 7 12 13 10 21 14 13 7 16 11 15 13 14 16 8 13 13 7 11 7 8 10 10 11 10 13 7 16 13 14 10 18 13 6 14 12 10 8 16 10 8 2 7 7 10 14 14 4 13 15 15 14 8 15 13 13 15 2 18 12 9 15 7 9 10 10000 14 13 8 1 8 15 6 14 13 16 10 19 10 14 12 12 18 19 7 9 9 2 12 5 11 3 5 7 13 16 8 3 19 14 10 9 12 15 20 16 14 12 7 15 15 13 20 7 5 16 6 5 16 13 12 5 13 9 9 11 11 8 20 10 9 14 16 16 7 8 
5 11 8 9 3 13 9 12 2 10 10 20 12 6 17 8 17 6 6 15 3 23 17 15 7 16 15 10 7 10 3 4 7 17 9 8 18 12 4 17 8 10 6 17 1 19 13 11 14 22 4 16 12 15 8 19 16 19 18 15 5 8 11 3 14 4 4 19 14 10 7 8 14 15 6 6 2 8 8 4 14 10000 12 6 13 18 13 8 1 6 3 5 14 19 22 11 8 13 13 12 6 6 13 9 15 18 16 16 19 3 6 7 12 15 20 4 19 3 5 15 5 3 5 11 15 17 22 15 19 18 13 12 18 3 2 2 12 3 19 8 4 5 10 15 6 9 4 12 15 19 18 
7 14 4 5 11 17 4 5 12 16 3 11 5 15 19 9 7 16 6 9 14 14 11 4 15 5 4 3 8 6 13 8 12 7 13 14 9 4 10 8 4 6 8 6 13 10 6 1 17 13 8 7 5 4 5 12 14 19 19 6 7 5 12 9 3 9 9 20 3 2 6 5 12 6 15 12 12 8 5 10 13 12 10000 8 12 12 3 10 11 6 14 12 7 11 13 1 4 6 7 7 12 8 13 3 10 10 15 11 20 9 8 11 14 7 10 9 12 12 15 8 10 14 7 6 4 6 14 8 13 18 4 7 17 13 12 10 15 9 12 14 13 13 5 7 7 5 9 4 5 13 11 
3 7 4 9 7 10 4 11 8 8 6 15 11 8 13 2 12 9 3 15 8 17 11 12 8 12 11 8 8 4 7 5 4 12 6 6 12 8 4 11 7 4 8 12 7 13 12 8 10 17 4 11 6 12 4 13 10 14 14 10 6 7 6 6 11 7 6 15 11 7 6 8 8 13 7 4 7 3 3 3 8 6 8 10000 8 12 11 3 6 5 8 4 13 14 17 7 6 12 13 7 4 1 8 6 9 13 11 10 14 5 8 3 8 14 14 3 13 6 9 14 8 8 4 5 12 13 17 15 13 13 11 6 13 9 6 5 9 5 13 7 5 6 5 14 3 4 6 11 12 13 12 
10 4 9 15 15 7 9 16 15 8 10 13 16 12 7 6 11 13 9 20 14 13 7 15 11 14 13 13 15 7 12 13 7 11 6 8 10 9 10 9 12 6 15 12 13 10 17 12 7 14 11 10 7 15 9 8 3 8 8 10 13 13 4 13 15 14 13 9 14 12 12 14 2 17 12 8 14 6 8 9 1 13 12 8 10000 7 14 5 13 12 15 9 18 10 14 11 12 17 18 6 8 8 2 11 5 10 4 5 8 12 15 7 4 19 13 10 9 11 14 19 15 13 11 6 14 15 13 20 7 6 16 5 6 15 12 12 5 12 9 9 11 10 8 19 9 8 13 16 15 7 8 
13 11 11 16 18 14 11 16 20 15 10 7 16 18 13 11 6 19 12 19 19 6 1 14 17 11 10 14 17 9 18 16 13 6 13 14 4 9 15 5 14 9 17 8 18 4 17 11 13 7 15 6 7 13 12 1 6 11 12 6 16 15 10 16 13 18 17 13 13 12 15 15 6 16 18 14 19 10 11 14 8 18 12 12 7 10000 13 10 18 15 20 15 17 3 7 11 13 17 18 6 14 12 8 12 4 5 8 3 12 16 18 13 10 18 7 14 2 17 20 18 18 19 14 8 12 11 6 19 2 10 15 7 9 20 18 16 12 16 2 15 16 16 9 18 12 10 17 15 13 2 1 
9 16 7 6 12 19 7 4 14 18 5 11 4 18 21 11 8 18 8 7 16 15 13 2 18 4 4 4 8 8 15 10 14 8 16 16 11 6 12 10 5 9 9 7 14 12 5 3 19 13 10 8 8 2 7 14 16 21 22 7 9 6 15 10 1 11 10 23 1 4 7 6 14 3 17 15 13 10 8 12 15 13 3 11 14 13 10000 12 13 8 15 14 5 13 14 4 6 4 6 9 14 10 15 5 12 11 17 13 22 11 9 13 17 5 10 11 14 14 17 5 11 16 9 9 3 5 15 6 15 20 2 10 20 15 14 12 18 11 14 17 15 15 8 5 9 7 10 3 3 15 13 
5 5 6 11 10 8 6 13 10 7 7 14 13 8 10 2 12 9 5 17 9 16 10 13 8 13 12 10 11 4 8 8 3 11 4 5 11 8 5 11 9 4 10 12 9 12 14 9 8 16 7 10 6 13 6 11 8 11 11 10 8 10 4 8 13 10 9 12 12 9 8 10 6 15 8 5 10 2 5 5 6 8 10 3 5 10 12 10000 9 8 10 5 15 12 16 9 8 14 15 6 4 3 5 8 7 12 8 8 12 7 11 3 6 16 14 5 12 7 10 16 11 9 7 5 13 14 16 17 11 11 13 5 10 11 8 7 6 7 12 6 7 6 5 16 5 5 9 13 14 11 10 
5 11 8 8 3 14 8 11 2 11 10 20 11 7 17 8 17 7 6 15 4 22 17 14 8 15 14 9 6 10 4 3 7 16 9 8 18 12 4 16 8 9 5 16 2 18 12 11 14 22 4 16 11 14 7 18 16 19 18 15 4 7 11 3 13 3 3 19 13 10 6 7 14 14 7 7 2 8 8 4 14 1 11 6 13 18 13 9 10000 5 3 5 13 19 22 10 7 13 13 12 6 6 13 8 15 18 16 16 19 3 6 7 13 14 19 4 19 4 5 14 4 4 4 10 15 16 22 14 18 18 12 12 18 3 3 2 13 2 19 8 5 6 9 14 6 8 3 12 15 19 17 
3 12 4 4 5 15 5 6 7 13 5 16 7 11 17 7 12 11 3 11 8 18 14 9 11 10 10 4 3 6 8 3 8 12 10 10 14 8 6 12 3 6 3 12 7 15 8 6 15 17 3 12 8 9 3 15 14 19 18 10 2 3 11 3 8 4 3 19 8 5 1 3 12 10 10 8 6 6 4 5 13 6 6 5 12 15 8 8 5 10000 8 8 9 15 18 5 2 8 9 9 8 5 12 3 12 14 15 13 19 3 4 8 13 10 15 4 16 7 10 10 5 9 2 7 10 11 18 10 16 18 8 9 17 8 7 5 13 4 16 11 8 9 6 10 3 5 3 7 10 16 14 
8 13 11 11 4 14 11 13 2 11 12 22 14 7 18 10 19 5 9 17 2 25 19 16 8 18 17 12 8 12 4 6 9 19 10 9 20 15 6 19 10 12 7 19 2 21 14 13 15 24 7 18 14 17 10 21 17 20 19 17 7 10 12 5 16 5 5 20 16 12 8 10 16 17 6 8 3 11 10 6 16 3 14 8 15 20 15 10 3 8 10000 6 15 21 25 13 10 15 15 15 7 9 15 11 17 20 17 18 20 5 8 8 14 16 22 7 21 4 4 16 6 3 7 13 18 19 25 16 21 20 15 14 20 1 3 4 14 5 21 9 5 6 12 16 9 11 5 14 17 21 20 
6 7 8 11 7 9 8 14 7 6 10 19 14 4 12 5 16 5 6 18 5 20 14 15 4 16 15 11 10 8 3 7 3 16 4 4 16 12 3 15 10 8 9 16 5 17 15 12 9 20 6 15 10 16 7 16 12 14 14 14 8 10 7 6 15 8 7 14 14 11 8 10 10 16 4 2 6 6 7 3 10 5 12 4 9 15 14 5 5 8 6 10000 16 17 21 11 9 15 16 10 2 5 9 9 12 16 12 13 14 5 10 3 8 17 18 4 16 3 5 17 9 5 6 9 16 17 20 17 16 14 14 10 14 7 4 4 8 5 17 4 2 2 9 17 6 8 7 14 16 16 15 
11 19 9 6 12 22 10 3 14 21 9 15 2 19 24 14 12 19 11 3 16 19 17 5 19 8 8 6 8 12 17 10 16 12 18 18 15 10 14 14 7 12 9 11 15 16 2 7 23 17 11 13 12 5 10 18 20 25 25 12 9 6 18 11 5 11 11 26 5 7 8 6 18 3 19 17 13 13 11 13 19 14 7 13 18 17 5 15 13 9 15 16 10000 17 18 7 8 1 2 13 16 13 19 8 16 15 21 17 26 12 8 16 20 1 14 13 18 16 18 2 10 16 11 12 7 8 18 2 19 24 3 13 23 15 15 13 21 12 18 19 16 17 11 1 11 10 11 3 5 19 17 
14 14 12 16 20 16 11 16 21 17 11 4 16 20 15 13 5 21 14 18 21 4 4 13 19 10 9 14 18 10 20 17 15 5 15 16 2 9 17 4 14 10 18 7 20 2 17 11 16 4 16 5 8 12 13 3 9 14 15 6 17 15 13 17 12 19 18 16 12 12 15 16 9 15 20 16 20 12 12 16 10 19 11 14 10 3 13 12 19 15 21 17 17 10000 4 11 14 16 18 7 16 13 11 13 6 3 11 6 15 17 18 15 13 17 5 15 3 19 22 17 19 21 15 9 11 10 4 18 4 13 14 8 12 21 19 18 15 17 2 17 18 18 10 18 14 11 18 15 12 5 3 
18 17 15 18 23 20 14 18 24 21 13 3 18 24 19 16 7 25 17 20 24 1 7 14 23 11 11 16 20 13 23 20 19 7 19 20 5 11 20 6 17 13 21 8 23 4 18 14 20 2 19 7 11 14 16 6 13 17 18 8 19 18 16 20 14 22 21 19 13 15 18 18 12 16 23 20 23 15 15 19 14 22 13 17 14 7 14 16 22 18 25 21 18 4 10000 14 16 18 19 11 20 17 15 15 9 5 14 9 18 20 21 18 17 18 5 19 6 22 25 19 22 24 19 12 12 11 1 19 7 16 16 12 15 25 23 21 18 20 5 21 22 22 13 19 17 14 21 16 13 8 6 
6 13 3 5 10 16 4 5 12 15 2 11 6 15 18 8 8 15 5 9 13 14 11 5 15 5 5 3 7 5 13 7 11 8 13 13 10 3 10 8 3 6 8 7 12 11 7 1 16 13 7 7 5 5 4 12 13 18 19 6 7 4 12 8 4 9 8 20 4 1 5 5 11 6 14 11 11 7 5 9 12 11 1 7 11 11 4 9 10 5 13 11 7 11 14 10000 3 7 8 7 11 7 12 3 10 10 14 11 19 8 8 10 13 8 10 8 12 12 15 8 9 13 7 6 5 7 14 9 13 17 5 7 17 12 11 10 14 9 12 13 12 12 4 8 6 4 8 5 5 13 11 
4 12 3 4 7 15 3 5 9 14 4 14 6 12 18 7 10 12 3 10 10 17 12 7 12 8 8 2 5 6 10 4 9 10 11 11 12 6 7 11 1 6 5 10 9 13 7 4 15 16 4 10 6 8 3 14 14 19 18 9 4 2 11 5 7 6 5 19 6 3 2 3 12 8 12 10 8 6 4 6 12 8 4 6 12 13 6 8 7 2 10 9 8 14 16 3 10000 7 8 8 9 5 12 1 11 12 15 12 19 5 5 8 13 8 13 6 14 9 12 9 6 10 4 6 8 9 16 9 14 17 6 8 17 10 9 7 14 6 14 12 10 10 5 9 4 4 5 6 8 15 13 
11 19 9 5 11 22 9 2 13 20 8 15 2 19 24 13 12 18 10 3 16 18 16 4 19 7 8 5 7 11 16 10 16 12 18 18 14 9 13 13 6 12 8 10 14 15 2 6 22 17 10 12 11 5 9 17 19 24 25 11 9 6 17 10 5 10 10 26 5 6 8 6 17 3 18 16 13 13 10 13 18 13 6 12 17 17 4 14 13 8 15 15 1 16 18 7 7 10000 2 13 16 12 18 7 16 14 20 17 25 11 8 15 19 2 13 12 18 15 17 2 10 16 10 12 7 8 18 3 18 23 3 13 23 14 14 13 20 11 17 18 16 17 10 2 10 10 10 2 5 19 16 
11 19 10 5 11 23 10 3 13 21 9 16 2 19 25 14 13 19 11 2 16 20 17 6 19 9 9 6 7 12 16 10 16 13 18 18 16 10 14 15 7 13 8 12 14 17 2 7 23 18 11 13 12 6 10 19 20 25 25 12 9 6 18 11 6 10 10 27 6 7 8 6 18 4 18 17 13 14 11 13 19 13 7 13 18 18 6 15 13 9 15 16 2 18 19 8 8 2 10000 14 16 13 19 8 17 16 21 18 26 11 8 16 20 2 15 12 19 15 18 2 10 16 10 13 8 9 20 2 20 24 4 14 24 14 15 13 21 12 19 19 16 17 11 2 11 11 10 4 6 20 18 
8 9 6 11 13 12 5 11 14 12 5 9 12 14 13 6 6 15 7 15 14 11 5 10 13 8 7 9 12 3 13 10 9 6 10 10 6 4 10 5 9 3 12 7 13 7 13 7 12 10 9 5 2 10 6 7 7 13 13 4 10 9 7 11 9 12 12 14 9 7 9 10 6 12 13 10 13 5 5 9 7 12 7 7 6 6 9 6 12 9 15 10 13 7 11 7 8 13 14 10000 10 7 7 7 4 7 9 5 13 10 12 8 9 14 9 9 7 12 15 14 13 14 9 2 9 9 10 15 7 11 11 1 11 15 12 11 10 11 7 11 12 12 4 14 7 5 11 11 10 7 6 
6 6 8 11 8 8 8 14 8 5 10 18 14 4 11 4 15 5 6 18 6 20 13 15 4 16 15 11 10 8 4 7 2 15 3 3 15 11 3 14 10 7 10 16 6 16 15 12 8 19 6 14 10 16 7 15 11 13 12 13 8 10 5 7 15 8 8 13 14 11 9 11 9 17 4 1 7 5 7 3 9 6 12 4 8 14 14 4 6 8 7 2 16 16 20 11 9 16 16 10 10000 5 8 9 11 16 11 12 13 6 10 2 7 17 18 4 15 4 6 17 9 6 6 8 16 17 19 18 15 13 15 9 13 8 5 5 7 6 16 3 3 3 8 17 6 8 8 14 16 15 14 
2 7 4 8 7 11 4 10 8 9 6 15 11 8 13 2 12 9 3 14 8 17 11 11 8 12 11 7 8 4 7 5 4 11 6 6 12 7 4 11 6 4 7 12 7 13 12 8 11 16 4 11 6 12 3 13 10 14 14 10 6 7 6 5 11 7 6 15 10 7 6 7 9 13 8 5 7 3 3 3 9 6 8 1 8 12 10 3 6 5 9 5 13 13 17 7 5 12 13 7 5 10000 8 5 9 13 11 10 15 5 8 4 8 13 14 2 13 6 9 14 8 8 4 5 12 13 17 14 13 13 11 6 13 9 6 5 9 5 13 7 6 6 4 13 2 4 6 10 12 13 12 
10 3 10 15 15 6 9 17 15 7 10 14 17 11 6 6 12 12 10 21 13 14 8 16 10 15 14 14 15 7 12 13 6 12 6 7 11 10 10 11 13 7 15 13 13 11 18 13 6 15 11 11 8 16 10 9 4 7 7 11 13 14 3 13 16 14 14 8 15 13 13 14 3 18 11 8 14 6 9 9 2 13 13 8 2 8 15 5 13 12 15 9 19 11 15 12 12 18 19 7 8 8 10000 12 6 12 3 6 7 12 15 7 2 19 14 10 10 11 14 20 15 13 11 7 15 16 14 20 8 6 16 6 6 15 12 12 4 12 10 8 10 10 8 20 9 9 13 16 16 8 9 
4 12 2 4 8 15 3 6 10 14 3 13 6 13 17 7 10 13 4 10 11 16 12 7 13 7 7 2 5 5 11 5 9 9 11 11 11 5 8 10 2 5 6 9 10 12 7 3 15 15 5 9 6 7 3 13 13 18 18 8 5 3 11 6 6 7 6 19 6 2 3 3 11 8 12 10 9 6 4 7 12 9 3 6 11 12 5 8 8 3 11 9 8 13 15 3 1 7 8 7 9 5 12 10000 10 11 14 11 19 6 6 9 13 8 12 6 13 10 13 9 7 11 4 6 7 9 16 9 14 17 6 7 17 10 9 8 14 6 13 12 10 11 4 9 4 3 6 5 7 14 12 
10 9 9 14 16 11 8 14 17 12 8 8 15 15 11 8 7 16 10 18 16 9 3 13 14 11 10 12 15 6 15 13 10 7 10 11 6 7 12 5 12 6 15 8 15 6 16 10 11 9 12 6 5 13 9 4 5 10 11 6 13 13 7 14 12 15 14 12 11 10 12 13 4 15 15 11 16 7 8 11 5 15 10 9 5 4 12 7 15 12 17 12 16 6 9 10 11 16 17 4 11 9 6 10 10000 6 6 2 11 13 15 10 8 17 9 11 5 14 17 17 16 16 12 5 11 11 9 18 4 9 14 4 8 17 15 13 9 13 5 12 13 13 7 17 10 8 14 14 13 5 4 
13 14 11 14 18 17 10 14 20 18 9 3 14 20 16 12 3 21 12 16 20 5 4 11 19 8 7 12 16 9 19 16 15 3 15 16 1 7 16 2 13 9 17 5 19 2 15 9 17 4 15 3 7 10 11 5 10 15 16 4 15 13 13 16 10 17 17 17 10 11 14 14 9 13 19 16 19 11 11 15 11 18 10 13 10 5 11 12 18 14 20 16 15 3 5 10 12 14 16 7 16 13 12 11 6 10000 12 7 16 16 17 14 14 15 3 14 5 18 21 15 18 20 14 8 9 8 5 16 6 14 12 7 13 20 18 17 15 16 4 17 18 18 9 15 12 10 17 13 10 6 4 
13 6 12 18 17 6 12 19 18 9 13 14 19 13 5 9 13 15 12 23 16 14 8 18 12 16 15 16 18 10 14 16 9 13 8 9 11 12 13 11 15 9 18 14 16 11 20 15 6 15 14 12 10 18 12 9 2 5 5 12 16 16 6 16 17 17 16 6 17 15 16 17 4 20 13 10 17 9 11 12 3 16 15 11 4 8 17 8 16 15 17 12 21 11 14 14 15 20 21 9 11 11 3 14 6 12 10000 6 5 15 18 10 4 22 15 12 9 14 16 22 18 16 14 9 17 17 14 23 7 3 19 8 3 18 15 14 5 15 10 10 13 12 11 22 12 11 16 19 18 7 9 
11 9 10 15 17 11 9 16 17 12 9 9 16 15 10 9 8 17 11 19 17 9 3 14 14 12 11 13 16 7 15 14 10 8 10 11 6 8 13 6 13 7 16 9 16 6 17 11 11 10 13 7 6 14 10 4 4 9 10 7 14 14 8 15 13 16 15 11 13 12 14 14 3 16 15 12 17 8 9 12 5 16 11 10 5 3 13 8 16 13 18 13 17 6 9 11 12 17 18 5 12 10 6 11 2 7 6 10000 10 14 16 10 8 18 9 12 4 15 18 18 17 17 13 6 12 12 9 19 3 8 15 5 7 18 15 14 9 14 5 13 14 14 8 18 11 9 15 15 14 4 4 
17 8 17 22 21 7 16 24 21 10 17 18 24 15 3 13 18 17 17 28 18 18 12 23 14 21 20 20 22 14 17 19 12 17 10 11 16 17 16 16 20 14 22 19 19 16 25 19 6 19 18 17 15 23 17 13 7 1 1 17 20 21 9 19 22 21 20 1 22 20 20 21 8 25 15 13 20 13 16 16 7 19 20 14 8 12 22 12 19 19 20 14 26 15 18 19 19 25 26 13 13 15 7 19 11 16 5 10 10000 18 22 13 7 26 19 16 13 17 18 27 22 18 18 14 22 22 17 27 11 3 23 13 4 21 18 18 7 18 14 12 15 15 15 27 16 16 20 23 23 11 13 
3 11 6 7 3 13 6 9 4 11 8 18 10 8 16 6 15 8 4 13 5 20 15 12 9 13 12 7 5 8 5 2 7 14 9 8 16 10 3 14 6 8 4 14 4 16 10 9 14 20 2 14 9 12 5 17 14 18 18 13 3 6 10 1 11 3 2 19 11 8 4 6 13 12 8 6 3 7 6 3 13 3 9 5 12 16 11 7 3 3 5 5 12 17 20 8 5 11 11 10 6 5 12 6 13 16 15 14 18 10000 5 6 12 12 17 3 17 5 7 13 4 6 2 8 13 14 20 13 17 17 10 10 17 5 4 2 12 1 17 8 5 6 7 12 4 6 2 10 13 17 16 
6 15 7 4 4 17 8 6 6 15 8 18 7 12 20 10 15 12 6 10 9 21 17 10 13 12 12 6 1 10 9 3 11 15 13 12 16 10 7 15 5 10 1 14 7 17 7 8 18 20 5 14 11 10 6 18 17 22 21 13 3 4 14 4 10 3 3 22 9 7 3 4 15 10 11 11 6 10 8 7 16 6 8 8 15 18 9 11 6 4 8 10 8 18 21 8 5 8 8 12 10 8 15 6 15 17 18 16 22 5 10000 10 16 9 17 7 19 8 10 9 2 9 5 10 11 13 21 9 19 21 8 12 21 7 8 6 16 5 19 13 9 10 9 9 6 8 3 7 11 19 17 
5 5 7 11 9 8 7 13 9 6 9 17 14 6 11 3 14 7 6 18 7 18 12 14 5 14 13 10 10 6 6 7 1 14 3 3 14 10 4 13 9 6 10 14 7 15 15 11 8 18 6 13 8 15 6 14 10 13 12 12 8 10 5 7 14 9 8 13 13 10 8 10 8 16 6 2 8 4 6 3 8 7 11 3 7 13 13 3 7 8 8 3 16 15 18 10 8 15 16 8 2 4 7 9 10 14 10 10 13 6 10 10000 6 16 16 4 14 5 8 17 10 7 6 7 15 16 18 17 13 12 14 7 12 9 6 5 6 6 14 4 4 4 7 16 5 6 8 13 15 13 13 
10 2 11 16 14 4 10 18 14 5 12 16 18 10 5 7 14 11 10 22 12 16 10 18 8 16 15 15 16 9 11 13 6 14 4 6 13 12 9 12 14 8 15 15 12 13 19 14 4 17 11 13 10 18 11 11 5 7 6 12 13 15 3 13 17 14 14 7 16 14 13 15 5 19 10 7 14 7 10 9 3 12 14 8 4 10 17 6 13 13 14 8 20 13 17 13 13 19 20 9 7 8 2 13 8 14 4 8 7 12 16 6 10000 20 16 10 12 10 13 21 15 12 11 8 17 17 16 21 10 6 18 8 6 14 12 11 2 12 12 7 9 9 10 21 10 10 13 17 18 10 11 
12 20 10 6 13 23 11 4 15 22 9 15 3 20 25 15 13 20 11 2 17 19 17 5 20 8 8 7 9 12 17 11 17 13 19 19 15 10 15 14 8 13 9 11 16 16 3 7 23 17 12 13 12 5 11 18 20 26 26 12 10 7 19 12 5 11 11 27 6 7 9 7 19 3 19 17 14 14 11 14 19 15 7 14 19 18 5 16 14 10 16 17 1 17 18 8 8 2 2 14 17 13 19 8 17 15 22 18 26 12 9 16 20 10000 14 13 18 16 19 1 11 17 11 13 7 8 19 2 19 24 4 14 24 15 16 14 21 13 18 20 17 18 12 1 12 11 12 4 5 20 17 
15 17 12 14 19 19 11 13 21 20 10 2 13 22 19 14 3 23 14 15 21 6 7 10 21 7 6 12 17 11 21 17 17 3 18 18 4 8 17 4 13 11 17 4 20 4 14 10 19 4 16 4 9 9 12 7 13 18 19 5 16 14 15 17 9 18 18 20 9 11 15 14 12 12 21 18 20 13 12 16 14 20 10 14 13 7 10 14 19 15 22 18 14 5 5 10 13 13 15 9 18 14 14 12 9 3 15 9 19 17 17 16 16 14 10000 16 7 20 23 14 19 21 15 10 7 6 5 15 9 17 12 10 16 22 20 18 18 17 7 19 19 20 10 14 14 11 18 12 9 9 7 
2 9 5 8 5 11 5 10 6 9 7 16 11 7 14 4 13 8 3 14 6 19 13 12 7 13 12 7 7 6 5 4 5 13 7 7 14 9 2 13 6 6 6 13 5 15 11 8 12 18 2 12 8 12 4 15 12 16 15 11 4 7 8 4 11 5 4 16 11 8 5 7 10 13 7 5 5 5 5 1 10 4 9 3 10 14 11 5 4 4 7 4 13 15 19 8 6 12 12 9 4 2 10 6 11 14 12 12 16 3 7 4 10 13 16 10000 15 4 7 14 6 6 3 7 13 14 19 14 15 15 11 8 15 7 4 3 10 3 15 7 5 5 6 13 3 5 4 10 13 15 14 
14 12 12 17 20 15 12 17 21 16 11 6 17 19 14 12 7 20 14 20 20 5 3 14 18 11 11 14 18 10 19 17 14 6 14 15 4 9 16 5 15 10 18 8 20 3 18 12 14 6 16 6 8 14 13 1 7 12 13 7 17 16 11 18 14 19 18 14 13 13 16 16 7 16 19 15 20 11 12 15 9 19 12 13 9 2 14 12 19 16 21 16 18 3 6 12 14 18 19 7 15 13 10 13 5 5 9 4 13 17 19 14 12 18 7 15 10000 18 21 19 20 20 16 9 12 12 5 20 2 11 16 8 10 21 19 18 13 17 1 16 18 18 10 19 14 11 18 16 14 3 2 
6 9 9 11 6 11 9 13 5 8 11 20 14 4 14 7 17 4 7 17 3 22 16 16 5 16 16 11 9 10 2 6 5 17 7 6 18 13 3 16 10 9 8 17 3 18 14 12 11 22 5 16 12 16 8 18 14 16 16 15 7 10 9 5 15 6 6 16 15 11 8 10 12 16 3 4 4 8 8 4 12 3 12 6 11 17 14 7 4 7 4 3 16 19 22 12 9 15 15 12 4 6 11 10 14 18 14 15 17 5 8 5 10 16 20 4 18 10000 4 17 7 3 6 10 16 18 22 17 18 16 14 11 16 5 2 3 10 4 18 5 2 2 10 16 7 9 6 14 16 18 17 
9 11 12 13 7 12 12 16 5 9 14 23 16 4 16 10 20 2 10 19 2 25 19 19 5 19 19 14 11 13 3 8 8 20 9 8 21 16 6 20 12 12 10 20 4 21 17 15 13 25 8 19 15 19 11 21 17 18 17 18 9 12 11 8 18 8 8 18 18 14 11 12 15 19 4 6 5 11 11 7 15 5 15 9 14 20 17 10 5 10 4 5 18 22 25 15 12 17 18 15 6 9 14 13 17 21 16 18 18 7 10 8 13 19 23 7 21 4 10000 19 9 2 9 13 19 21 25 19 21 18 17 14 18 5 4 6 12 7 22 7 4 4 13 19 10 12 8 16 19 21 20 
12 20 11 7 13 24 11 4 15 22 10 16 3 20 25 15 13 20 12 2 17 19 17 5 21 8 9 7 9 13 18 11 17 13 19 19 15 10 15 14 8 13 10 11 16 16 3 8 24 17 12 13 12 5 11 19 21 26 26 12 10 8 19 12 6 12 12 27 6 8 9 7 19 3 20 18 14 14 12 14 20 15 8 14 19 18 5 16 14 10 16 17 2 17 19 8 9 2 2 14 17 14 20 9 17 15 22 18 27 13 9 17 21 1 14 14 19 17 19 10000 11 17 12 13 7 9 19 1 20 25 4 14 24 16 16 14 22 13 18 20 17 18 12 1 12 12 12 4 6 20 17 
6 14 8 6 2 17 9 8 4 14 9 20 9 11 20 10 16 10 7 11 7 22 18 12 11 14 13 7 3 10 8 3 10 16 12 12 18 12 7 16 6 10 2 15 6 19 9 10 17 21 5 16 12 12 7 19 18 22 21 14 3 6 13 3 11 2 2 22 11 8 4 5 16 12 10 10 4 10 8 7 16 5 10 8 15 18 11 11 4 5 6 9 10 19 22 9 6 10 10 13 9 8 15 7 16 18 18 17 22 4 2 10 15 11 19 6 20 7 9 11 10000 7 5 11 13 15 22 11 20 21 10 13 21 5 6 5 16 4 20 12 8 9 10 11 7 9 2 9 13 20 18 
7 11 11 11 6 12 11 14 4 9 12 22 15 4 16 9 19 3 8 18 1 24 18 17 6 18 17 12 9 12 2 7 7 19 8 7 20 14 5 18 11 11 9 19 2 20 15 14 13 24 7 18 14 17 10 20 16 18 17 17 8 11 11 6 16 7 6 18 16 13 9 11 15 17 4 6 4 10 10 6 14 3 14 8 13 19 16 9 4 9 3 5 16 21 24 13 10 16 16 14 6 8 13 11 16 20 16 17 18 6 9 7 12 17 21 6 20 3 2 17 7 10000 7 12 18 19 24 18 20 18 16 13 18 3 2 4 12 5 21 7 3 4 11 17 8 11 6 15 18 20 19 
2 10 4 6 5 13 5 8 6 11 6 16 9 9 16 5 13 9 2 12 7 19 14 10 9 11 11 6 5 6 7 2 7 13 9 9 14 8 4 13 4 6 4 13 6 15 9 7 14 18 1 12 8 11 3 15 13 18 17 11 2 5 9 2 10 4 3 18 10 6 3 5 12 11 9 7 5 6 4 3 12 5 7 4 11 14 9 7 4 2 7 6 11 15 19 7 4 10 10 9 6 4 11 4 12 14 14 13 18 2 5 6 11 11 15 3 16 6 9 12 5 7 10000 7 11 13 18 12 15 17 9 8 17 7 5 4 12 2 16 9 6 7 6 11 3 5 3 9 11 16 14 
6 8 4 9 11 11 3 10 12 11 4 10 11 12 13 4 8 13 5 14 12 12 7 10 12 9 8 7 10 1 11 9 7 7 9 9 8 4 8 7 7 2 10 8 11 9 12 6 11 12 7 6 2 10 4 9 8 13 13 6 9 8 7 9 9 10 10 14 8 6 8 9 6 12 12 8 11 3 3 7 7 11 6 5 6 8 9 5 10 7 13 9 12 9 12 6 6 12 13 2 8 5 7 6 5 8 9 6 14 8 10 7 8 13 10 7 9 10 13 13 11 12 7 10000 9 10 12 14 9 12 10 2 12 13 11 9 10 9 9 10 10 10 2 13 5 3 10 10 10 9 8 
11 17 8 8 14 20 8 7 16 19 6 9 7 19 21 12 6 20 10 8 18 12 11 3 19 1 2 6 11 9 17 12 15 6 17 17 9 5 14 8 8 10 12 5 16 10 7 5 20 11 12 7 8 2 9 12 15 21 21 6 11 8 15 13 3 13 13 22 2 6 10 8 14 5 19 16 15 11 9 13 15 15 4 12 14 12 3 13 15 10 18 16 7 11 12 5 8 7 8 9 16 12 15 7 11 9 17 12 22 13 11 15 17 7 7 13 12 16 19 7 13 18 11 9 10000 2 12 8 13 20 5 10 19 17 16 14 18 13 12 18 17 17 8 7 10 9 13 5 2 14 11 
12 17 9 10 16 21 9 8 18 20 8 8 8 20 21 13 6 21 11 10 19 11 11 4 20 2 3 8 13 10 19 13 16 6 18 18 8 6 16 7 9 10 13 4 18 9 9 6 21 9 13 6 8 4 10 12 15 21 22 6 13 10 16 14 4 15 14 23 4 7 11 10 14 6 20 17 17 12 10 15 15 17 6 13 15 11 5 14 16 11 19 17 8 10 11 7 9 8 9 9 17 13 16 9 11 8 17 12 22 14 13 16 17 8 6 14 12 18 21 9 15 19 13 10 2 10000 11 9 13 20 6 10 19 19 18 16 19 15 11 19 18 18 9 9 12 10 14 7 3 13 11 
17 17 15 19 23 19 14 18 24 21 13 4 18 23 18 16 7 24 17 20 24 1 7 14 23 11 11 16 21 13 23 20 18 7 19 20 5 11 20 6 17 13 21 8 23 4 19 14 19 2 19 7 11 14 16 6 12 16 18 8 19 18 16 20 14 22 21 18 14 15 18 18 12 16 23 20 23 15 15 19 13 22 14 17 13 6 15 16 22 18 25 20 18 4 1 14 16 18 20 10 19 17 14 16 9 5 14 9 17 20 21 18 16 19 5 19 5 22 25 19 22 24 18 12 12 11 10000 20 7 15 16 11 14 24 22 21 18 20 5 21 21 22 13 19 17 14 21 17 14 7 6 
13 21 11 7 13 24 12 4 15 22 11 16 4 20 26 16 14 20 12 1 17 20 18 6 21 9 10 7 9 13 18 12 18 14 20 20 16 11 15 15 8 14 10 12 16 17 3 9 24 18 12 14 13 6 11 19 21 27 27 13 11 8 20 12 6 12 12 28 7 8 10 8 20 4 20 18 14 15 12 15 20 15 8 15 20 19 6 17 14 10 16 17 2 18 19 9 9 3 2 15 18 14 20 9 18 16 23 19 27 13 9 17 21 2 15 14 20 17 19 1 11 18 12 14 8 9 20 10000 20 25 5 15 25 16 16 14 22 13 19 20 18 18 13 1 12 12 12 5 7 21 18 
14 11 12 17 19 13 12 18 20 15 11 8 18 18 12 11 8 20 13 21 20 7 3 15 17 13 12 15 18 10 18 17 13 8 13 14 6 10 16 6 15 10 19 10 19 5 19 13 13 8 16 7 9 15 13 2 6 10 11 8 17 16 10 17 15 19 18 12 14 14 16 17 6 17 18 15 20 11 12 15 7 19 13 13 7 2 15 11 18 16 21 16 19 4 7 13 14 18 20 7 15 13 8 14 4 6 7 3 11 17 19 13 10 19 9 15 2 18 21 20 20 20 15 9 13 13 7 20 10000 9 16 8 8 21 18 17 12 17 3 15 17 17 10 20 13 11 18 17 15 1 3 
15 7 15 20 20 7 15 22 20 10 15 16 22 15 4 12 15 16 15 26 18 15 10 21 14 19 18 19 20 12 16 18 11 15 10 11 13 15 15 13 18 12 20 17 18 13 23 17 6 16 17 14 13 21 15 10 5 2 3 14 18 19 8 18 20 20 19 4 20 18 18 20 6 23 15 12 19 12 14 15 5 18 18 13 6 10 20 11 18 18 20 14 24 13 16 17 17 23 24 11 13 13 6 17 9 14 3 8 3 17 21 12 6 24 17 15 11 16 18 25 21 18 17 12 20 20 15 25 9 10000 21 11 1 20 17 17 7 17 11 12 15 14 13 25 15 14 19 21 21 9 11 
9 17 7 5 11 20 8 3 13 19 6 13 2 18 22 12 10 18 9 5 15 16 14 3 18 6 6 4 8 9 15 9 15 10 16 17 12 7 13 11 5 10 8 8 14 13 3 4 20 15 10 10 9 3 8 15 17 23 23 9 8 5 16 10 3 10 10 24 3 4 7 5 16 3 17 15 13 11 9 12 16 13 4 11 16 15 2 13 12 8 15 14 3 14 16 5 6 3 4 11 15 11 16 6 14 12 19 15 23 10 8 14 18 4 12 11 16 14 17 4 10 16 9 10 5 6 16 5 16 21 10000 11 21 14 14 12 19 11 15 17 15 16 9 4 9 8 10 1 4 17 14 
7 8 5 11 12 11 5 12 13 11 5 10 12 13 12 5 7 14 6 15 13 11 6 11 12 9 8 9 12 3 12 10 8 7 9 9 7 5 9 6 8 3 12 8 12 8 13 7 11 11 9 6 3 11 6 7 7 12 12 5 10 9 7 10 10 12 11 13 9 7 9 10 5 12 12 9 13 4 5 8 6 12 7 6 5 7 10 5 12 9 14 10 13 8 12 7 8 13 14 1 9 6 6 7 4 7 8 5 13 10 12 7 8 14 10 8 8 11 14 14 13 13 8 2 10 10 11 15 8 11 11 10000 10 14 12 10 9 10 8 10 11 11 3 14 6 4 11 11 11 8 6 
15 8 15 20 20 8 14 22 20 11 15 15 22 15 5 12 15 17 15 25 18 14 9 20 14 18 17 18 20 12 17 18 12 14 10 11 13 15 15 13 18 12 20 16 18 12 23 17 7 16 17 14 12 20 15 9 4 3 4 14 18 19 8 18 20 20 19 5 19 17 18 19 6 22 15 13 19 12 14 15 5 18 17 13 6 9 20 10 18 17 20 14 23 12 15 17 17 23 24 11 13 13 6 17 8 13 3 7 4 17 21 12 6 24 16 15 10 16 18 24 21 18 17 12 19 19 14 25 8 1 21 10 10000 20 17 17 7 17 11 12 15 15 13 24 15 14 19 21 20 8 10 
7 13 10 10 3 15 11 13 1 12 12 22 13 7 18 10 19 6 8 16 3 25 19 16 8 17 17 11 7 12 5 6 9 19 11 10 20 14 6 19 10 12 7 19 3 21 13 13 15 24 6 18 14 16 10 21 18 21 20 17 6 9 13 5 15 5 5 21 15 12 8 9 16 16 7 8 2 11 10 6 16 3 13 9 15 20 15 11 3 8 1 7 15 21 25 12 10 14 14 15 8 9 15 10 17 20 18 18 21 5 7 9 14 15 22 7 21 5 5 16 5 3 7 13 17 19 24 16 21 20 14 14 20 10000 3 4 14 5 21 9 6 7 12 15 8 11 5 13 17 21 20 
6 10 9 10 5 12 9 13 4 9 11 20 13 5 15 7 17 5 7 17 2 23 17 15 6 16 16 11 8 10 2 5 6 17 8 7 18 13 3 17 9 10 7 17 1 19 14 12 12 22 5 16 12 16 8 18 15 18 17 15 6 9 10 5 15 5 5 18 14 11 7 9 13 16 4 5 3 8 8 4 13 2 12 6 12 18 14 8 3 7 3 4 15 19 23 11 9 14 15 12 5 6 12 9 15 18 15 15 18 4 8 6 12 16 20 4 19 2 4 16 6 2 5 11 16 18 22 16 18 17 14 12 17 3 10000 2 11 4 19 6 3 4 10 16 7 9 5 13 16 18 17 
4 10 7 8 4 13 7 11 4 10 9 19 11 6 16 6 16 6 5 15 4 21 15 13 7 14 14 9 6 8 4 3 6 15 8 7 16 11 2 15 7 8 6 15 3 17 12 10 13 20 3 15 10 14 6 17 14 18 17 14 4 7 9 3 13 4 3 18 13 9 6 7 13 14 6 5 3 7 7 3 12 2 10 5 12 16 12 7 2 5 4 4 13 18 21 10 7 13 13 11 5 5 12 8 13 17 14 14 18 2 6 5 11 14 18 3 18 3 6 14 5 4 4 9 14 16 21 14 17 17 12 10 17 4 2 10000 11 2 18 7 4 5 8 14 5 7 3 11 14 17 16 
11 2 12 17 15 2 11 19 14 4 13 17 19 9 5 7 16 10 11 23 12 18 12 19 8 18 17 15 16 10 10 13 6 15 4 5 15 13 10 14 15 9 16 17 12 15 20 15 2 18 12 14 11 19 11 13 7 7 6 14 14 15 3 13 18 15 14 7 18 15 14 16 6 20 9 7 14 8 11 9 5 12 15 9 5 12 18 6 13 13 14 8 21 15 18 14 14 20 21 10 7 9 4 14 9 15 5 9 7 12 16 6 2 21 18 10 13 10 12 22 16 12 12 10 18 19 18 22 12 7 19 9 7 14 11 11 10000 12 14 6 9 8 11 22 11 11 14 18 19 12 12 
3 11 6 7 3 13 7 10 4 11 8 18 10 8 16 6 15 8 4 14 5 20 15 12 8 13 13 7 5 8 5 2 7 15 9 8 16 10 3 15 6 8 5 15 4 17 11 9 14 20 2 14 10 13 5 17 14 18 17 13 3 6 10 2 12 3 2 18 11 8 4 6 13 13 7 6 3 7 6 3 13 3 9 5 12 16 11 7 2 4 5 5 12 17 20 9 6 11 12 11 6 5 12 6 13 16 15 14 18 1 5 6 12 13 17 3 17 4 7 13 4 5 2 9 13 15 20 13 17 17 11 10 17 5 4 2 12 10000 17 8 5 6 8 13 4 7 2 10 13 17 16 
15 13 12 17 20 15 12 17 21 17 11 5 17 20 14 12 6 21 14 20 21 5 3 14 19 11 10 14 18 10 19 17 15 6 15 16 4 9 16 5 15 10 19 8 20 3 18 12 15 5 16 6 8 14 13 2 8 13 14 7 17 16 12 18 13 19 18 15 13 13 16 16 8 16 19 16 20 11 12 16 9 19 12 13 9 2 14 12 19 16 21 17 18 2 5 12 14 17 19 7 16 13 10 13 5 4 10 5 14 17 19 14 12 18 7 15 1 18 22 18 20 21 16 9 12 11 5 19 3 11 15 8 11 21 19 18 14 17 10000 17 18 18 10 19 14 12 18 16 13 3 2 
8 5 10 14 10 6 10 16 10 3 12 20 17 4 10 6 17 5 9 21 7 21 15 18 2 18 17 14 13 10 5 10 3 17 3 2 17 13 6 16 12 9 12 18 7 17 18 14 7 21 9 16 12 18 10 16 11 12 11 15 11 13 6 9 17 11 10 12 17 13 11 13 10 19 4 3 9 7 9 6 9 8 14 7 9 15 17 6 8 11 9 4 19 17 21 13 12 18 19 11 3 7 8 12 12 17 10 13 12 8 13 4 7 20 19 7 16 5 7 20 12 7 9 10 18 19 21 20 15 12 17 10 12 9 6 7 6 8 17 10000 4 3 10 20 8 10 10 17 18 15 15 
6 8 9 11 7 10 9 14 6 6 11 20 15 3 13 6 17 4 7 18 4 22 16 16 4 17 16 12 10 9 2 7 4 17 5 4 17 13 3 16 10 9 9 17 4 18 15 12 10 21 6 16 11 17 8 17 13 15 14 15 8 10 8 6 16 7 7 15 15 12 9 11 12 17 3 3 5 7 8 4 11 4 13 5 11 16 15 7 5 8 5 2 16 18 22 12 10 16 16 12 3 6 10 10 13 18 13 14 15 5 9 4 9 17 19 5 18 2 4 17 8 3 6 10 17 18 21 18 17 15 15 11 15 6 3 4 9 5 18 4 10000 1 10 17 7 9 7 15 17 17 16 
7 7 10 12 8 9 10 15 7 6 11 20 15 3 12 6 17 3 8 19 4 22 16 17 3 17 16 12 10 10 3 8 4 17 5 4 17 13 4 16 11 9 10 17 5 18 16 13 9 22 7 16 12 17 9 17 13 15 14 15 9 11 7 7 16 8 8 15 16 12 9 11 11 18 2 3 6 7 9 4 11 5 13 6 10 16 15 6 6 9 6 2 17 18 22 12 10 17 17 12 3 6 10 11 13 18 12 14 15 6 10 4 9 18 20 5 18 2 4 18 9 4 7 10 17 18 22 18 17 14 16 11 15 7 4 5 8 6 18 3 1 10000 10 18 7 9 7 15 17 17 16 
5 9 3 8 10 12 2 9 11 11 3 11 9 12 14 4 8 13 4 13 11 13 8 9 12 8 7 6 9 1 11 7 7 8 9 9 9 4 7 8 6 2 9 8 10 10 10 5 12 13 6 7 3 9 3 10 9 15 15 6 7 6 8 8 8 9 8 16 7 5 6 7 8 10 12 8 10 3 2 6 8 10 5 5 8 9 8 5 9 6 12 9 11 10 13 4 5 10 11 4 8 4 8 4 7 9 11 8 15 7 9 7 10 12 10 6 10 10 13 12 10 11 6 2 8 9 13 13 10 13 9 3 13 12 10 8 11 8 10 10 10 10 10000 12 4 2 8 8 9 11 9 
12 20 10 6 12 23 11 4 14 22 10 16 3 20 25 15 13 20 11 2 17 19 17 5 20 8 9 7 9 13 17 11 17 13 19 19 16 10 15 14 8 13 9 11 16 17 2 8 23 18 12 13 12 6 11 19 21 26 26 12 10 7 19 12 6 11 11 27 6 7 9 7 19 3 19 17 14 14 12 14 20 15 7 14 19 18 5 16 14 10 16 17 1 18 19 8 9 2 2 14 17 13 20 9 17 15 22 18 27 12 9 16 21 1 14 13 19 16 19 1 11 17 11 13 7 9 19 1 20 25 4 14 24 15 16 14 22 13 19 20 17 18 12 10000 12 11 11 4 6 20 18 
1 9 3 6 7 12 3 9 8 10 5 14 9 9 15 4 11 10 1 13 8 17 12 10 9 10 10 6 6 4 8 4 6 11 8 8 12 7 4 11 5 4 6 11 7 13 10 6 12 16 3 10 6 10 2 13 11 16 16 9 4 5 8 4 9 6 5 17 9 6 4 6 10 11 9 6 7 4 2 3 10 6 7 3 9 12 9 5 6 3 9 6 11 14 17 6 4 10 11 7 6 2 9 4 10 12 12 11 16 4 6 5 10 12 14 3 14 7 10 12 7 8 3 5 10 12 17 12 13 15 9 6 15 8 7 5 11 4 14 8 7 7 4 12 10000 3 5 9 11 14 12 
4 9 2 7 9 13 1 8 10 11 3 12 9 11 14 4 9 12 3 12 10 14 9 9 11 9 8 5 8 2 10 6 7 9 9 9 10 4 7 9 5 2 8 9 9 11 10 5 13 14 5 8 4 9 2 11 10 15 15 7 6 6 8 7 8 8 7 16 7 4 5 6 8 10 11 8 9 3 1 6 9 9 5 4 8 10 7 5 8 5 11 8 10 11 14 4 4 10 11 5 8 4 9 3 8 10 11 9 16 6 8 6 10 11 11 5 11 9 12 12 9 11 5 3 9 10 14 12 11 14 8 4 14 11 9 7 11 7 12 10 9 9 2 11 3 10000 7 8 9 12 10 
4 12 7 6 2 15 7 9 4 12 8 18 9 9 18 8 15 9 5 12 6 21 16 12 10 13 13 7 4 9 6 2 8 15 10 10 16 10 5 15 6 9 3 15 5 17 10 9 15 20 3 14 10 12 6 18 16 20 19 13 2 5 12 1 11 1 1 20 11 8 4 5 14 12 9 8 3 8 7 5 14 4 9 6 13 17 10 9 3 3 5 7 11 18 21 8 5 10 10 11 8 6 13 6 14 17 16 15 20 2 3 8 13 12 18 4 18 6 8 12 2 6 3 10 13 14 21 12 18 19 10 11 19 5 5 3 14 2 18 10 7 7 8 11 5 7 10000 9 13 18 17 
9 17 7 4 11 20 7 2 13 19 6 13 2 17 22 12 10 17 8 5 15 17 14 3 17 6 6 4 7 9 15 9 14 11 16 16 13 7 12 12 5 10 8 9 13 14 3 4 20 15 9 10 9 4 8 16 17 23 23 9 8 5 16 9 3 9 9 24 4 4 6 5 16 3 17 15 12 11 8 11 16 12 4 11 16 15 3 13 12 7 14 14 3 15 16 5 6 2 4 11 14 10 16 5 14 13 19 15 23 10 7 13 17 4 12 10 16 14 16 4 9 15 9 10 5 7 17 5 17 21 1 11 21 13 13 11 18 10 16 17 15 15 8 4 9 8 9 10000 4 17 14 
11 18 8 8 14 21 9 6 16 20 7 10 5 19 22 13 8 20 10 7 18 14 13 1 20 3 4 6 10 10 17 12 16 8 17 18 10 6 14 9 7 10 11 6 16 11 6 5 21 12 12 8 9 1 9 14 17 22 23 7 11 8 16 12 2 13 12 24 2 6 9 8 15 3 19 16 15 12 10 14 16 15 5 12 15 13 3 14 15 10 17 16 5 12 13 5 8 5 6 10 16 12 16 7 13 10 18 14 23 13 11 15 18 5 9 13 14 16 19 6 13 18 11 10 2 3 14 7 15 21 4 11 20 17 16 14 19 13 13 18 17 17 9 6 11 9 13 4 10000 15 13 
14 11 13 18 20 13 12 18 21 15 12 8 18 18 12 12 8 20 14 21 20 7 3 16 17 13 12 15 19 10 19 17 13 8 13 14 6 10 16 7 15 10 19 10 19 6 19 13 13 8 16 8 9 15 13 2 6 10 11 8 17 16 10 18 15 19 18 12 15 14 16 17 6 18 18 15 20 11 12 15 7 19 13 13 7 2 15 11 19 16 21 16 19 5 8 13 15 19 20 7 15 13 8 14 5 6 7 4 11 17 19 13 10 20 9 15 3 18 21 20 20 20 16 9 14 13 7 21 1 9 17 8 8 21 18 17 12 17 3 15 17 17 11 20 14 12 18 17 15 10000 3 
13 12 11 15 18 14 10 16 19 15 10 6 16 18 13 11 6 19 12 19 19 6 1 13 17 10 9 13 17 8 18 16 13 5 13 14 3 8 15 4 13 9 17 7 18 3 17 11 14 7 14 5 7 13 11 2 7 12 13 6 15 14 11 16 12 17 17 14 12 12 14 15 7 15 18 14 18 10 10 14 8 18 11 12 8 1 13 10 17 14 20 15 17 3 6 11 13 16 18 6 14 12 9 12 4 4 9 4 13 16 17 13 11 17 7 14 2 17 20 17 18 19 14 8 11 11 6 18 3 11 14 6 10 20 17 16 12 16 2 15 16 16 9 18 12 10 17 14 13 3 10000 
