50
10
1000	500	0	1000	2367.000000	2611.000000
8	3	7	7	3599.000000	4277.000000
10	7	1	6	1713.000000	243.000000
8	5	6	7	6942.000000	6407.000000
7	5	5	5	1722.000000	2139.000000
6	2	1	1	6357.000000	5138.000000
8	2	2	6	1817.000000	1589.000000
10	8	5	6	3249.000000	4329.000000
9	2	8	8	4689.000000	7259.000000
8	0	5	6	562.000000	8529.000000
6	0	4	4	7818.000000	6329.000000
6	6	3	6	3632.000000	3254.000000
7	5	3	4	1168.000000	7002.000000
9	4	1	4	5460.000000	2163.000000
8	4	0	3	7446.000000	8222.000000
10	7	5	8	2540.000000	950.000000
6	4	4	5	6200.000000	4835.000000
9	4	8	9	1938.000000	4635.000000
10	10	10	10	5637.000000	3511.000000
10	10	4	10	9151.000000	6812.000000
7	2	5	6	8733.000000	835.000000
7	1	3	4	7058.000000	3932.000000
8	3	2	7	5785.000000	6109.000000
6	4	2	2	2885.000000	3585.000000
10	7	6	6	1951.000000	7112.000000
9	2	1	2	561.000000	4741.000000
9	8	0	3	6145.000000	4951.000000
8	2	8	8	4088.000000	1935.000000
7	6	7	7	8117.000000	4345.000000
8	8	6	6	7599.000000	1742.000000
10	2	3	10	4817.000000	9082.000000
9	2	0	3	1149.000000	8663.000000
7	5	2	3	9208.000000	3693.000000
6	2	3	4	661.000000	8514.000000
9	9	0	0	4984.000000	4262.000000
7	5	0	2	6606.000000	3931.000000
6	4	1	3	7182.000000	1525.000000
7	2	1	6	6022.000000	78.000000
10	8	10	10	7436.000000	6240.000000
8	0	1	5	1807.000000	440.000000
7	6	4	7	8986.000000	6753.000000
10	9	2	7	1104.000000	10000.000000
9	6	2	7	181.000000	8966.000000
6	2	6	6	1858.000000	1605.000000
7	1	1	7	7777.000000	9285.000000
9	2	9	9	5288.000000	1766.000000
8	6	5	6	9160.000000	4343.000000
7	2	6	7	8475.000000	629.000000
8	4	2	5	9942.000000	1722.000000
6	1	0	0	4816.000000	8960.000000
10	6	3	7	7101.000000	6935.000000
10000 5 5 12 2 10 3 4 11 13 14 3 10 7 16 4 9 5 7 16 14 10 10 3 10 6 9 4 13 11 14 13 14 13 7 9 10 9 13 5 16 15 14 3 18 7 15 13 16 14 13 
5 10000 9 8 6 6 7 1 7 11 10 3 8 6 12 7 6 4 5 13 13 7 6 2 7 7 6 5 10 10 10 11 12 11 3 7 10 10 9 9 12 13 12 7 14 7 12 13 14 10 9 
5 9 10000 17 4 14 3 9 16 17 18 8 14 9 20 3 13 9 11 20 15 13 15 8 14 10 13 6 16 13 19 17 17 17 11 13 12 9 17 1 20 20 18 3 22 8 18 14 17 19 18 
12 8 17 10000 14 3 15 9 5 14 2 10 12 9 4 15 4 11 7 5 12 5 3 10 11 14 4 11 5 10 7 13 8 14 6 5 10 13 2 16 5 14 15 14 6 10 7 12 12 7 2 
2 6 4 14 10000 12 2 6 12 13 15 5 10 8 17 3 11 6 9 18 15 12 12 4 10 6 11 5 14 12 16 14 16 13 8 11 11 10 15 4 18 16 14 2 19 8 16 14 17 15 15 
10 6 14 3 12 10000 12 7 6 14 4 7 12 7 7 12 1 9 4 7 10 3 3 8 10 12 1 8 4 8 9 13 7 14 4 3 8 11 4 14 7 15 15 12 9 8 6 10 10 9 4 
3 7 3 15 2 12 10000 7 13 15 16 5 11 8 18 2 11 7 9 19 14 12 13 5 12 7 11 5 14 12 17 15 16 15 9 11 11 9 15 3 18 17 16 1 20 7 16 14 17 16 16 
4 1 9 9 6 7 7 10000 7 10 10 3 7 7 12 7 6 3 6 13 14 8 7 2 7 6 6 6 10 11 11 10 12 10 4 7 10 11 10 9 13 13 12 7 14 7 12 13 15 10 10 
11 7 16 5 12 6 13 7 10000 9 7 9 8 11 6 14 6 8 8 9 16 9 4 9 6 10 6 11 9 13 4 8 12 9 7 8 13 15 6 15 9 10 10 13 8 12 11 16 16 4 5 
13 11 17 14 13 14 15 10 9 10000 16 13 4 17 14 16 14 9 15 18 23 16 12 11 4 8 14 15 18 20 9 2 20 1 13 16 20 21 15 17 18 4 2 15 15 17 20 23 24 9 14 
14 10 18 2 15 4 16 10 7 16 10000 11 14 10 4 16 5 13 8 3 12 6 5 12 12 15 5 12 5 10 9 15 6 15 8 6 10 14 1 17 3 16 17 16 6 11 5 12 11 8 2 
3 3 8 10 5 7 5 3 9 13 11 10000 9 5 13 6 7 5 5 14 12 7 8 2 9 7 7 3 10 9 12 12 12 13 4 7 8 8 10 7 13 15 14 5 15 5 12 12 13 12 11 
10 8 14 12 10 12 11 7 8 4 14 9 10000 13 13 13 11 5 12 16 20 14 10 8 2 5 11 12 15 17 9 4 18 4 10 13 17 17 13 14 16 6 5 11 14 14 17 20 21 9 12 
7 6 9 9 8 7 8 7 11 17 10 5 13 10000 13 7 6 9 3 12 8 5 8 6 13 12 6 3 7 5 14 16 9 16 5 5 4 5 10 9 12 18 18 8 15 1 9 7 10 14 11 
16 12 20 4 17 7 18 12 6 14 4 13 13 13 10000 18 8 14 11 5 15 9 6 14 12 16 8 15 8 13 6 13 10 14 10 9 14 17 4 20 5 14 15 18 3 14 9 16 14 6 3 
4 7 3 15 3 12 2 7 14 16 16 6 13 7 18 10000 11 8 9 18 13 11 13 6 13 9 11 4 14 11 17 16 15 16 9 11 10 8 15 2 18 19 17 2 20 6 15 12 15 17 16 
9 6 13 4 11 1 11 6 6 14 5 7 11 6 8 11 10000 9 3 8 10 3 3 8 10 12 1 8 4 7 9 13 7 14 3 2 7 10 4 13 7 15 15 11 10 7 7 10 10 9 5 
5 4 9 11 6 9 7 3 8 9 13 5 5 9 14 8 9 10000 8 16 16 11 9 3 5 3 9 7 13 13 11 9 15 9 7 10 13 13 12 9 15 11 10 7 15 9 15 16 18 11 12 
7 5 11 7 9 4 9 6 8 15 8 5 12 3 11 9 3 8 10000 10 9 3 6 6 11 11 4 5 6 6 12 14 8 15 2 3 6 7 7 10 10 16 16 9 13 4 8 9 10 12 8 
16 13 20 5 18 7 19 13 9 18 3 14 16 12 5 18 8 16 10 10000 12 8 7 15 15 18 8 15 6 11 10 17 7 18 10 8 12 15 4 20 1 18 19 18 6 13 5 13 11 10 5 
14 13 15 12 15 10 14 14 16 23 12 12 20 8 15 13 10 16 9 12 10000 8 13 13 19 19 10 10 8 3 19 22 6 23 11 8 4 6 12 14 12 24 24 14 18 8 8 1 3 19 13 
10 7 13 5 12 3 12 8 9 16 6 7 14 5 9 11 3 11 3 8 8 10000 6 9 13 14 3 8 3 5 12 16 5 16 5 1 5 8 5 13 7 18 18 12 11 6 5 8 8 12 7 
10 6 15 3 12 3 13 7 4 12 5 8 10 8 6 13 3 9 6 7 13 6 10000 8 8 11 3 10 6 10 7 11 9 12 5 5 10 13 4 14 7 13 13 12 8 9 8 13 13 7 4 
3 2 8 10 4 8 5 2 9 11 12 2 8 6 14 6 8 3 6 15 13 9 8 10000 8 6 8 5 11 11 12 11 13 11 5 8 10 10 11 7 14 14 13 5 16 7 13 13 15 12 11 
10 7 14 11 10 10 12 7 6 4 12 9 2 13 12 13 10 5 11 15 19 13 8 8 10000 6 10 12 14 16 7 4 17 4 9 12 16 17 12 14 15 7 6 12 13 13 16 19 20 7 11 
6 7 10 14 6 12 7 6 10 8 15 7 5 12 16 9 12 3 11 18 19 14 11 6 6 10000 12 10 16 16 13 8 18 8 9 13 15 15 15 9 18 11 9 7 18 12 18 18 20 12 14 
9 6 13 4 11 1 11 6 6 14 5 7 11 6 8 11 1 9 4 8 10 3 3 8 10 12 10000 8 5 8 9 13 7 14 3 3 8 10 4 13 7 15 15 11 10 7 7 10 10 9 5 
4 5 6 11 5 8 5 6 11 15 12 3 12 3 15 4 8 7 5 15 10 8 10 5 12 10 8 10000 10 8 15 15 11 15 5 7 7 6 11 6 14 18 17 5 17 3 12 10 12 15 12 
13 10 16 5 14 4 14 10 9 18 5 10 15 7 8 14 4 13 6 6 8 3 6 11 14 16 5 10 10000 6 12 17 3 18 7 4 6 10 5 15 6 19 19 14 10 8 3 8 7 12 6 
11 10 13 10 12 8 12 11 13 20 10 9 17 5 13 11 7 13 6 11 3 5 10 11 16 16 8 8 6 10000 16 19 6 20 8 5 1 5 10 12 11 22 21 12 16 5 7 3 5 16 11 
14 10 19 7 16 9 17 11 4 9 9 12 9 14 6 17 9 11 12 10 19 12 7 12 7 13 9 15 12 16 10000 8 14 9 10 11 16 19 8 19 10 8 10 17 6 15 13 19 18 1 7 
13 11 17 13 14 13 15 10 8 2 15 12 4 16 13 16 13 9 14 17 22 16 11 11 4 8 13 15 17 19 8 10000 19 2 12 15 19 20 14 17 17 3 3 15 14 17 19 22 23 8 13 
14 12 17 8 16 7 16 12 12 20 6 12 18 9 10 15 7 15 8 7 6 5 9 13 17 18 7 11 3 6 14 19 10000 20 9 6 6 10 7 17 7 21 21 16 12 9 2 7 5 14 8 
13 11 17 14 13 14 15 10 9 1 15 13 4 16 14 16 14 9 15 18 23 16 12 11 4 8 14 15 18 20 9 2 20 10000 13 16 20 20 15 17 18 4 2 15 15 17 19 23 24 9 14 
7 3 11 6 8 4 9 4 7 13 8 4 10 5 10 9 3 7 2 10 11 5 5 5 9 9 3 5 7 8 10 12 9 13 10000 4 8 9 7 10 10 14 14 9 12 6 9 11 12 10 7 
9 7 13 5 11 3 11 7 8 16 6 7 13 5 9 11 2 10 3 8 8 1 5 8 12 13 3 7 4 5 11 15 6 16 4 10000 5 8 5 12 8 17 17 11 11 6 6 8 9 11 7 
10 10 12 10 11 8 11 10 13 20 10 8 17 4 14 10 7 13 6 12 4 5 10 10 16 15 8 7 6 1 16 19 6 20 8 5 10000 4 10 11 12 21 21 11 16 4 7 4 6 16 11 
9 10 9 13 10 11 9 11 15 21 14 8 17 5 17 8 10 13 7 15 6 8 13 10 17 15 10 6 10 5 19 20 10 20 9 8 4 10000 13 9 15 23 22 9 19 4 11 6 9 18 14 
13 9 17 2 15 4 15 10 6 15 1 10 13 10 4 15 4 12 7 4 12 5 4 11 12 15 4 11 5 10 8 14 7 15 7 5 10 13 10000 17 4 15 16 15 7 10 6 12 11 8 2 
5 9 1 16 4 14 3 9 15 17 17 7 14 9 20 2 13 9 10 20 14 13 14 7 14 9 13 6 15 12 19 17 17 17 10 12 11 9 17 10000 20 20 18 3 22 8 17 14 17 19 17 
16 12 20 5 18 7 18 13 9 18 3 13 16 12 5 18 7 15 10 1 12 7 7 14 15 18 7 14 6 11 10 17 7 18 10 8 12 15 4 20 10000 18 19 18 6 13 5 13 11 10 4 
15 13 20 14 16 15 17 13 10 4 16 15 6 18 14 19 15 11 16 18 24 18 13 14 7 11 15 18 19 22 8 3 21 4 14 17 21 23 15 20 18 10000 3 17 14 19 20 24 25 8 14 
14 12 18 15 14 15 16 12 10 2 17 14 5 18 15 17 15 10 16 19 24 18 13 13 6 9 15 17 19 21 10 3 21 2 14 17 21 22 16 18 19 3 10000 16 16 18 21 24 25 10 15 
3 7 3 14 2 12 1 7 13 15 16 5 11 8 18 2 11 7 9 18 14 12 12 5 12 7 11 5 14 12 17 15 16 15 9 11 11 9 15 3 18 17 16 10000 20 7 16 14 17 16 15 
18 14 22 6 19 9 20 14 8 15 6 15 14 15 3 20 10 15 13 6 18 11 8 16 13 18 10 17 10 16 6 14 12 15 12 11 16 19 7 22 6 14 16 20 10000 16 11 18 16 6 5 
7 7 8 10 8 8 7 7 12 17 11 5 14 1 14 6 7 9 4 13 8 6 9 7 13 12 7 3 8 5 15 17 9 17 6 6 4 4 10 8 13 19 18 7 16 10000 10 7 10 15 11 
15 12 18 7 16 6 16 12 11 20 5 12 17 9 9 15 7 15 8 5 8 5 8 13 16 18 7 12 3 7 13 19 2 19 9 6 7 11 6 17 5 20 21 16 11 10 10000 8 6 13 7 
13 13 14 12 14 10 14 13 16 23 12 12 20 7 16 12 10 16 9 13 1 8 13 13 19 18 10 10 8 3 19 22 7 23 11 8 4 6 12 14 13 24 24 14 18 7 8 10000 4 19 13 
16 14 17 12 17 10 17 15 16 24 11 13 21 10 14 15 10 18 10 11 3 8 13 15 20 20 10 12 7 5 18 23 5 24 12 9 6 9 11 17 11 25 25 17 16 10 6 4 10000 18 12 
14 10 19 7 15 9 16 10 4 9 8 12 9 14 6 17 9 11 12 10 19 12 7 12 7 12 9 15 12 16 1 8 14 9 10 11 16 18 8 19 10 8 10 16 6 15 13 19 18 10000 7 
13 9 18 2 15 4 16 10 5 14 2 11 12 11 3 16 5 12 8 5 13 7 4 11 11 14 5 12 6 11 7 13 8 14 7 7 11 14 2 17 4 14 15 15 5 11 7 13 12 7 10000 
