40
10
1000	500	0	1000	8768.000000	8143.000000
7	6	4	6	8711.000000	4368.000000
8	1	8	8	4140.000000	5551.000000
10	5	9	9	9890.000000	3832.000000
10	10	9	9	790.000000	5416.000000
8	3	0	3	304.000000	327.000000
9	4	8	8	690.000000	3565.000000
7	6	4	5	6422.000000	9256.000000
9	7	8	8	5797.000000	1781.000000
9	1	4	8	3946.000000	4359.000000
8	3	8	8	4877.000000	2937.000000
9	0	5	6	5062.000000	7536.000000
10	10	9	10	9441.000000	7262.000000
10	0	10	10	7541.000000	284.000000
6	5	6	6	8401.000000	366.000000
6	0	2	3	8187.000000	9620.000000
6	4	0	0	8877.000000	7010.000000
7	6	4	5	9857.000000	7249.000000
6	3	6	6	2354.000000	1229.000000
10	6	9	9	2637.000000	9516.000000
6	0	2	2	8721.000000	3411.000000
9	8	7	7	9907.000000	9466.000000
9	3	6	9	2684.000000	8742.000000
10	8	5	7	492.000000	22.000000
7	7	2	2	7702.000000	6144.000000
10	6	3	9	420.000000	9631.000000
7	5	4	7	8672.000000	851.000000
6	3	6	6	2474.000000	1697.000000
6	5	6	6	2812.000000	364.000000
10	2	9	9	8174.000000	3444.000000
10	5	4	7	7638.000000	1421.000000
8	6	7	7	6915.000000	5711.000000
8	7	2	5	1383.000000	9837.000000
9	5	4	7	7362.000000	6334.000000
10	4	7	8	5037.000000	9781.000000
9	7	9	9	5176.000000	2714.000000
10	4	2	8	8963.000000	2247.000000
7	4	2	5	887.000000	7229.000000
8	0	7	8	8409.000000	9038.000000
7	0	2	3	6691.000000	7711.000000
7	3	6	6	2339.000000	2236.000000
10000 8 11 9 17 24 19 6 15 13 13 8 3 16 16 4 3 3 19 13 10 4 13 24 5 17 15 19 20 10 14 7 16 5 9 14 12 16 2 5 18 
8 10000 10 3 16 19 17 11 8 10 9 10 6 9 9 11 6 7 15 16 2 11 15 19 5 20 8 14 15 3 7 5 19 5 14 8 5 17 10 8 14 
11 10 10000 13 7 13 8 9 9 3 6 5 12 13 14 12 10 12 10 9 11 14 8 14 8 12 14 9 11 10 11 6 11 7 9 7 12 8 12 7 8 
9 3 13 10000 19 21 19 13 10 12 11 13 7 9 8 13 7 7 16 19 3 12 18 21 7 23 7 16 16 4 7 8 21 8 16 10 4 20 11 11 16 
17 16 7 19 10000 11 4 14 13 7 10 10 18 17 19 18 17 19 9 9 17 20 8 11 14 9 19 9 11 16 16 13 9 14 13 11 18 4 17 13 8 
24 19 13 21 11 10000 7 22 12 11 11 18 23 15 17 25 22 24 5 19 18 27 18 1 19 19 17 6 6 17 15 18 20 19 22 11 18 14 24 20 6 
19 17 8 19 4 7 10000 17 11 7 9 12 19 16 17 20 18 20 6 13 17 22 12 8 15 13 17 6 8 15 15 14 13 15 16 10 17 8 19 15 5 
6 11 9 13 14 22 17 10000 16 11 14 5 8 19 19 4 7 8 18 8 13 7 8 22 7 13 18 18 20 13 16 8 11 7 3 14 15 12 4 4 17 
15 8 9 10 13 12 11 16 10000 7 3 12 14 5 6 17 13 14 7 17 7 18 16 12 10 20 7 7 7 6 4 9 19 10 17 3 7 15 16 12 7 
13 10 3 12 7 11 7 11 7 10000 4 7 13 11 12 14 12 14 8 11 10 16 10 12 9 13 12 7 9 9 10 7 13 8 12 5 11 9 13 9 6 
13 9 6 11 10 11 9 14 3 4 10000 10 13 8 9 15 12 14 7 14 8 17 13 11 9 17 9 6 7 7 7 7 16 9 14 1 9 12 15 11 6 
8 10 5 13 10 18 12 5 12 7 10 10000 9 16 16 8 8 10 14 7 12 11 6 18 6 11 16 13 16 11 14 6 9 6 5 10 14 9 8 4 12 
3 6 12 7 18 23 19 8 14 13 13 9 10000 15 14 6 2 1 19 15 8 5 14 24 5 19 13 18 20 9 13 6 17 5 11 13 11 18 5 6 18 
16 9 13 9 17 15 16 19 5 11 8 16 15 10000 2 19 14 15 11 21 7 19 20 15 12 24 3 11 10 7 3 11 23 13 20 7 5 20 18 15 12 
16 9 14 8 19 17 17 19 6 12 9 16 14 2 10000 19 14 15 13 22 7 19 21 16 12 25 2 13 12 7 3 12 24 13 20 8 4 21 18 16 13 
4 11 12 13 18 25 20 4 17 14 15 8 6 19 19 10000 6 6 21 12 13 4 12 25 8 16 18 20 22 13 17 9 14 7 7 16 15 16 2 5 19 
3 6 10 7 17 22 18 7 13 12 12 8 2 14 14 6 10000 3 18 14 8 6 13 22 3 18 13 17 18 8 12 5 17 4 10 12 10 16 5 5 17 
3 7 12 7 19 24 20 8 14 14 14 10 1 15 15 6 3 10000 20 16 9 5 15 24 5 20 14 19 20 9 13 7 18 6 11 14 11 18 5 7 19 
19 15 10 16 9 5 6 18 7 8 7 14 19 11 13 21 18 20 10000 17 14 23 16 5 15 18 13 1 2 13 11 13 18 15 18 7 14 13 20 16 3 
13 16 9 19 9 19 13 8 17 11 14 7 15 21 22 12 14 16 17 10000 18 15 2 20 13 5 22 16 19 17 20 12 3 12 5 15 20 6 12 9 15 
10 2 11 3 17 18 17 13 7 10 8 12 8 7 7 13 8 9 14 18 10000 13 17 18 6 21 6 13 14 2 5 6 20 7 15 8 3 18 12 10 13 
4 11 14 12 20 27 22 7 18 16 17 11 5 19 19 4 6 5 23 15 13 10000 15 27 8 19 18 22 24 13 17 10 18 9 10 17 15 19 4 8 21 
13 15 8 18 8 18 12 8 16 10 13 6 14 20 21 12 13 15 16 2 17 15 10000 18 12 5 20 15 17 16 18 11 4 11 6 14 19 5 12 9 14 
24 19 14 21 11 1 8 22 12 12 11 18 24 15 16 25 22 24 5 20 18 27 18 10000 19 20 17 6 5 17 15 18 20 19 22 11 18 15 24 20 6 
5 5 8 7 14 19 15 7 10 9 9 6 5 12 12 8 3 5 15 13 6 8 12 19 10000 17 11 14 16 6 10 2 15 1 10 9 9 14 6 4 14 
17 20 12 23 9 19 13 13 20 13 17 11 19 24 25 16 18 20 18 5 21 19 5 20 17 10000 25 17 20 20 22 16 2 16 10 17 23 5 17 14 16 
15 8 14 7 19 17 17 18 7 12 9 16 13 3 2 18 13 14 13 22 6 18 20 17 11 25 10000 13 12 6 3 11 24 12 20 8 3 21 17 15 13 
19 14 9 16 9 6 6 18 7 7 6 13 18 11 13 20 17 19 1 16 13 22 15 6 14 17 13 10000 3 12 11 12 17 14 17 6 14 12 19 15 2 
20 15 11 16 11 6 8 20 7 9 7 16 20 10 12 22 18 20 2 19 14 24 17 5 16 20 12 3 10000 13 10 14 20 16 20 7 13 15 21 17 4 
10 3 10 4 16 17 15 13 6 9 7 11 9 7 7 13 8 9 13 17 2 13 16 17 6 20 6 12 13 10000 5 6 19 7 15 7 3 17 12 10 12 
14 7 11 7 16 15 15 16 4 10 7 14 13 3 3 17 12 13 11 20 5 17 18 15 10 22 3 11 10 5 10000 9 21 10 18 6 4 18 16 13 11 
7 5 6 8 13 18 14 8 9 7 7 6 6 11 12 9 5 7 13 12 6 10 11 18 2 16 11 12 14 6 9 10000 14 2 9 7 9 13 8 5 12 
16 19 11 21 9 20 13 11 19 13 16 9 17 23 24 14 17 18 18 3 20 18 4 20 15 2 24 17 20 19 21 14 10000 14 8 17 22 6 15 12 16 
5 5 7 8 14 19 15 7 10 8 9 6 5 13 13 7 4 6 15 12 7 9 11 19 1 16 12 14 16 7 10 2 14 10000 9 9 9 14 6 4 13 
9 14 9 16 13 22 16 3 17 12 14 5 11 20 20 7 10 11 18 5 15 10 6 22 10 10 20 17 20 15 18 9 8 9 10000 15 17 10 7 6 17 
14 8 7 10 11 11 10 14 3 5 1 10 13 7 8 16 12 14 7 15 8 17 14 11 9 17 8 6 7 7 6 7 17 9 15 10000 8 13 15 11 6 
12 5 12 4 18 18 17 15 7 11 9 14 11 5 4 15 10 11 14 20 3 15 19 18 9 23 3 14 13 3 4 9 22 9 17 8 10000 19 14 12 14 
16 17 8 20 4 14 8 12 15 9 12 9 18 20 21 16 16 18 13 6 18 19 5 15 14 5 21 12 15 17 18 13 6 14 10 13 19 10000 16 12 11 
2 10 12 11 17 24 19 4 16 13 15 8 5 18 18 2 5 5 20 12 12 4 12 24 6 17 17 19 21 12 16 8 15 6 7 15 14 16 10000 5 19 
5 8 7 11 13 20 15 4 12 9 11 4 6 15 16 5 5 7 16 9 10 8 9 20 4 14 15 15 17 10 13 5 12 4 6 11 12 12 5 10000 14 
18 14 8 16 8 6 5 17 7 6 6 12 18 12 13 19 17 19 3 15 13 21 14 6 14 16 13 2 4 12 11 12 16 13 17 6 14 11 19 14 10000 
