40
10
1000	500	0	1000	9813.000000	1604.000000
7	6	5	7	6930.000000	6635.000000
8	8	4	4	6514.000000	3044.000000
10	1	10	10	9119.000000	3952.000000
7	1	3	7	5208.000000	645.000000
10	1	7	7	3260.000000	8161.000000
9	4	4	9	1976.000000	3865.000000
9	3	0	1	1739.000000	8980.000000
10	2	0	9	7653.000000	8942.000000
9	6	3	4	4712.000000	7850.000000
7	6	1	2	3709.000000	3016.000000
7	5	0	2	7581.000000	1264.000000
9	9	9	9	2737.000000	9750.000000
10	9	8	10	2496.000000	8060.000000
10	7	8	9	4937.000000	982.000000
8	7	0	8	8109.000000	7214.000000
10	4	0	7	7744.000000	8753.000000
10	1	6	8	7608.000000	3140.000000
10	8	6	8	2333.000000	7535.000000
7	2	6	7	5061.000000	2698.000000
8	2	4	7	3517.000000	1633.000000
8	1	3	7	6648.000000	9183.000000
9	3	9	9	6108.000000	9330.000000
9	8	3	4	1291.000000	8161.000000
10	9	3	5	2785.000000	8700.000000
9	2	2	9	2806.000000	430.000000
6	3	3	5	6971.000000	7753.000000
6	4	4	6	827.000000	6319.000000
6	1	6	6	4686.000000	2769.000000
9	9	1	5	4352.000000	4460.000000
8	4	6	6	6115.000000	1296.000000
6	4	1	3	6852.000000	7588.000000
6	4	0	1	5750.000000	9869.000000
8	4	3	4	2746.000000	6773.000000
6	4	4	4	2070.000000	1186.000000
8	1	6	8	2712.000000	9386.000000
7	3	0	4	8153.000000	2543.000000
10	0	4	4	5912.000000	2468.000000
9	2	7	9	5476.000000	1299.000000
6	2	2	6	5331.000000	5270.000000
10	5	10	10	9946.000000	8104.000000
10000 12 8 5 10 19 17 22 16 17 13 5 22 20 10 12 15 6 20 10 13 17 18 22 20 15 14 21 11 13 8 14 19 18 16 22 4 8 9 12 14 
12 10000 8 7 13 8 12 12 5 6 10 11 11 10 12 3 5 8 10 9 13 6 6 12 10 15 3 13 9 7 11 2 7 9 15 11 9 9 12 5 7 
8 8 10000 6 6 13 10 16 13 11 6 5 16 13 6 9 12 3 13 3 7 13 13 15 14 10 10 14 4 6 4 10 14 11 10 15 4 2 5 6 13 
5 7 6 10000 11 15 15 18 11 12 11 7 18 16 11 7 10 4 16 9 13 12 13 18 16 15 9 18 10 10 9 9 14 14 16 17 4 8 10 9 9 
10 13 6 11 10000 16 10 19 18 15 6 5 19 16 1 15 17 7 15 5 4 18 18 17 17 5 15 15 5 8 3 15 19 14 7 19 8 4 2 10 18 
19 8 13 15 16 10000 9 4 9 3 11 17 4 2 15 10 10 14 3 12 14 8 7 4 2 16 8 7 12 8 15 8 7 3 15 3 15 13 15 8 14 
17 12 10 15 10 9 10000 11 16 10 4 13 12 9 9 14 16 12 8 7 6 15 14 9 10 8 13 6 6 5 10 13 15 7 6 12 13 9 9 8 19 
22 12 16 18 19 4 11 10000 12 7 13 20 3 3 18 14 13 17 4 15 16 10 9 2 3 18 11 6 14 11 18 11 9 5 16 3 19 16 18 11 17 
16 5 13 11 18 9 16 12 10000 7 15 16 10 11 17 4 1 12 12 14 17 3 4 13 10 20 3 15 14 12 16 4 5 11 20 10 13 14 16 9 5 
17 6 11 12 15 3 10 7 7 10000 10 15 6 5 14 7 7 12 5 11 13 5 5 7 5 16 5 9 11 7 14 5 5 5 15 6 13 12 14 6 11 
13 10 6 11 6 11 4 13 15 10 10000 9 14 11 5 13 15 8 10 3 3 14 14 12 12 6 12 9 3 4 6 12 15 8 5 13 9 5 5 6 17 
5 11 5 7 5 17 13 20 16 15 9 10000 20 17 6 12 15 4 17 6 9 16 17 19 18 10 14 17 7 10 3 13 18 15 12 19 3 5 5 10 15 
22 11 16 18 19 4 12 3 10 6 14 20 10000 4 19 12 11 17 5 15 17 8 7 5 3 19 10 8 15 12 19 10 7 6 18 1 19 16 18 11 15 
20 10 13 16 16 2 9 3 11 5 11 17 4 10000 15 12 11 15 2 12 14 9 8 3 2 16 9 5 12 9 16 9 8 3 14 3 16 14 15 8 15 
10 12 6 11 1 15 9 18 17 14 5 6 19 15 10000 14 17 7 15 4 4 17 17 17 17 5 15 14 4 8 3 14 18 13 6 18 8 4 2 9 18 
12 3 9 7 15 10 14 14 4 7 13 12 12 12 14 10000 4 9 12 11 15 5 6 14 12 18 3 15 12 10 13 3 8 11 18 12 10 11 13 7 5 
15 5 12 10 17 10 16 13 1 7 15 15 11 11 17 4 10000 12 12 14 17 3 4 13 10 20 3 15 14 11 16 3 5 11 19 11 13 14 16 9 5 
6 8 3 4 7 14 12 17 12 12 8 4 17 15 7 9 12 10000 14 6 9 13 13 17 15 12 10 15 6 8 5 10 14 13 12 16 2 4 6 7 11 
20 10 13 16 15 3 8 4 12 5 10 17 5 2 15 12 12 14 10000 12 13 10 9 3 3 15 10 4 11 8 15 10 9 2 13 4 16 13 14 8 16 
10 9 3 9 5 12 7 15 14 11 3 6 15 12 4 11 14 6 12 10000 4 14 14 14 13 7 11 12 1 4 4 11 15 10 7 15 7 2 3 6 15 
13 13 7 13 4 14 6 16 17 13 3 9 17 14 4 15 17 9 13 4 10000 17 17 14 15 3 15 11 4 6 6 14 18 11 4 16 10 6 4 9 19 
17 6 13 12 18 8 15 10 3 5 14 16 8 9 17 5 3 13 10 14 17 10000 2 11 8 20 3 13 14 11 16 4 3 10 19 8 14 14 16 9 7 
18 6 13 13 18 7 14 9 4 5 14 17 7 8 17 6 4 13 9 14 17 2 10000 10 7 19 4 13 14 11 17 4 2 9 19 7 15 14 17 9 9 
22 12 15 18 17 4 9 2 13 7 12 19 5 3 17 14 13 17 3 14 14 11 10 10000 4 16 12 4 13 10 17 12 10 5 15 4 18 15 17 10 18 
20 10 14 16 17 2 10 3 10 5 12 18 3 2 17 12 10 15 3 13 15 8 7 4 10000 17 9 7 13 10 17 9 7 4 16 2 17 14 16 9 15 
15 15 10 15 5 16 8 18 20 16 6 10 19 16 5 18 20 12 15 7 3 20 19 16 17 10000 17 13 7 9 7 17 20 13 3 18 12 8 6 11 21 
14 3 10 9 15 8 13 11 3 5 12 14 10 9 15 3 3 10 10 11 15 3 4 12 9 17 10000 13 11 9 14 1 5 9 17 10 11 11 14 6 6 
21 13 14 18 15 7 6 6 15 9 9 17 8 5 14 15 15 15 4 12 11 13 13 4 7 13 13 10000 11 8 15 13 13 4 11 8 17 13 14 10 19 
11 9 4 10 5 12 6 14 14 11 3 7 15 12 4 12 14 6 11 1 4 14 14 13 13 7 11 11 10000 4 5 11 15 9 7 14 7 3 4 6 15 
13 7 6 10 8 8 5 11 12 7 4 10 12 9 8 10 11 8 8 4 6 11 11 10 10 9 9 8 4 10000 8 9 12 6 8 11 9 6 7 3 14 
8 11 4 9 3 15 10 18 16 14 6 3 19 16 3 13 16 5 15 4 6 16 17 17 17 7 14 15 5 8 10000 13 18 13 9 18 5 3 2 9 16 
14 2 10 9 15 8 13 11 4 5 12 13 10 9 14 3 3 10 10 11 14 4 4 12 9 17 1 13 11 9 13 10000 6 9 16 10 11 11 13 6 7 
19 7 14 14 19 7 15 9 5 5 15 18 7 8 18 8 5 14 9 15 18 3 2 10 7 20 5 13 15 12 18 6 10000 9 19 7 16 15 18 10 10 
18 9 11 14 14 3 7 5 11 5 8 15 6 3 13 11 11 13 2 10 11 10 9 5 4 13 9 4 9 6 13 9 9 10000 12 6 14 11 13 6 15 
16 15 10 16 7 15 6 16 20 15 5 12 18 14 6 18 19 12 13 7 4 19 19 15 16 3 17 11 7 8 9 16 19 12 10000 17 13 9 7 11 21 
22 11 15 17 19 3 12 3 10 6 13 19 1 3 18 12 11 16 4 15 16 8 7 4 2 18 10 8 14 11 18 10 7 6 17 10000 18 16 18 10 15 
4 9 4 4 8 15 13 19 13 13 9 3 19 16 8 10 13 2 16 7 10 14 15 18 17 12 11 17 7 9 5 11 16 14 13 18 10000 5 6 8 12 
8 9 2 8 4 13 9 16 14 12 5 5 16 14 4 11 14 4 13 2 6 14 14 15 14 8 11 13 3 6 3 11 15 11 9 16 5 10000 3 6 14 
9 12 5 10 2 15 9 18 16 14 5 5 18 15 2 13 16 6 14 3 4 16 17 17 16 6 14 14 4 7 2 13 18 13 7 18 6 3 10000 8 17 
12 5 6 9 10 8 8 11 9 6 6 10 11 8 9 7 9 7 8 6 9 9 9 10 9 11 6 10 6 3 9 6 10 6 11 10 8 6 8 10000 11 
14 7 13 9 18 14 19 17 5 11 17 15 15 15 18 5 5 11 16 15 19 7 9 18 15 21 6 19 15 14 16 7 10 15 21 15 12 14 17 11 10000 
