50
10
1000	500	0	1000	637.000000	2283.000000
7	7	1	5	2145.000000	3731.000000
10	5	3	4	5383.000000	4210.000000
9	3	4	9	958.000000	5140.000000
10	0	3	6	5470.000000	9537.000000
7	6	0	5	4332.000000	2647.000000
10	9	0	9	5328.000000	4008.000000
7	7	2	6	3268.000000	1521.000000
10	2	5	6	9669.000000	7928.000000
7	0	1	3	6500.000000	7461.000000
9	4	6	9	3762.000000	7109.000000
7	6	4	4	46.000000	9490.000000
6	2	5	5	7158.000000	8540.000000
10	8	10	10	471.000000	4702.000000
9	0	3	5	9306.000000	8290.000000
9	5	8	8	8453.000000	7798.000000
6	6	0	2	8223.000000	5116.000000
8	1	2	2	3337.000000	3671.000000
10	7	3	5	9582.000000	3890.000000
7	6	2	4	9085.000000	5573.000000
8	3	5	7	1445.000000	9544.000000
10	10	7	9	5468.000000	8578.000000
9	7	0	9	7313.000000	7335.000000
6	5	4	5	6884.000000	8111.000000
9	4	9	9	1856.000000	6761.000000
9	0	2	3	261.000000	9041.000000
9	0	8	8	1170.000000	7243.000000
7	1	2	5	3798.000000	3142.000000
7	4	1	1	3822.000000	9495.000000
10	4	5	6	4825.000000	8312.000000
9	6	9	9	5594.000000	1142.000000
9	1	1	3	7883.000000	8651.000000
9	6	5	9	7389.000000	5825.000000
10	5	2	3	8559.000000	6846.000000
8	3	5	6	8768.000000	1777.000000
7	0	1	5	5849.000000	9676.000000
8	3	4	6	9363.000000	6585.000000
8	0	1	2	6908.000000	9357.000000
6	6	6	6	632.000000	4535.000000
10	4	7	10	1419.000000	911.000000
9	4	7	7	2315.000000	9414.000000
8	8	1	1	1556.000000	2116.000000
10	0	9	10	2878.000000	888.000000
8	3	4	8	7778.000000	8944.000000
7	0	1	2	4911.000000	6048.000000
8	3	2	5	7893.000000	8198.000000
8	8	0	8	8563.000000	5078.000000
10	7	8	10	4112.000000	4731.000000
9	3	7	9	814.000000	101.000000
8	7	4	6	6164.000000	4673.000000
6	0	3	6	8580.000000	9148.000000
10000 5 11 6 18 8 10 6 22 16 12 15 19 5 22 20 17 7 19 19 15 16 17 18 10 14 10 7 16 15 11 20 16 19 17 19 20 19 5 4 15 2 6 20 12 19 17 9 5 13 21 
5 10000 7 4 14 5 7 5 18 12 8 13 14 4 17 16 13 3 15 15 12 12 13 13 7 12 8 4 13 11 9 16 12 15 14 15 16 15 4 6 12 4 6 16 8 15 14 5 8 9 17 
11 7 10000 10 11 4 1 7 12 7 7 16 10 10 12 10 6 5 9 8 14 9 8 9 9 15 11 4 12 9 7 11 6 9 9 11 10 11 10 11 13 9 9 11 4 10 7 3 13 2 12 
6 4 10 10000 13 9 10 9 19 13 7 9 15 2 18 16 15 6 18 17 9 12 14 14 4 8 5 7 11 11 13 16 13 16 18 14 18 15 2 9 9 7 10 16 9 16 16 7 11 11 18 
18 14 11 13 10000 14 12 17 9 5 6 11 4 14 9 7 11 13 14 11 9 2 6 5 10 11 10 14 4 3 17 6 9 9 17 1 10 3 14 20 7 17 19 5 8 6 11 10 22 10 7 
8 5 4 9 14 10000 4 4 16 11 9 17 14 9 16 14 10 3 11 12 15 13 12 13 10 16 12 2 14 12 4 14 9 12 10 15 13 15 9 7 15 6 5 15 7 14 10 5 9 6 16 
10 7 1 10 12 4 10000 7 12 8 7 16 10 10 12 10 7 5 9 9 14 10 8 9 9 15 11 4 12 9 6 11 6 9 9 12 10 12 10 10 13 9 8 12 5 10 7 3 12 3 13 
6 5 7 9 17 4 7 10000 19 14 12 18 17 9 19 17 13 5 14 15 17 15 15 16 11 17 13 4 16 14 5 17 12 16 12 18 16 18 9 4 16 4 2 18 10 17 13 7 6 9 19 
22 18 12 19 9 16 12 19 10000 7 12 20 6 20 2 3 7 16 9 5 17 9 5 6 16 19 18 16 13 10 16 4 7 4 13 9 3 7 20 22 16 20 20 5 11 4 7 13 24 10 4 
16 12 7 13 5 11 8 14 7 10000 6 14 3 14 6 4 6 10 10 7 11 4 2 2 10 13 11 11 7 4 13 4 4 5 13 5 6 4 14 17 10 15 16 4 5 4 7 8 19 6 6 
12 8 7 7 6 9 7 12 12 6 10000 9 8 9 12 10 10 7 14 12 7 5 8 7 4 8 6 8 5 4 13 9 8 10 15 7 12 8 9 14 6 11 13 9 4 9 11 5 16 7 11 
15 13 16 9 11 17 16 18 20 14 9 10000 15 10 19 18 19 14 23 20 3 11 16 14 7 1 6 15 8 10 21 16 17 18 24 12 20 14 10 18 5 16 19 16 12 16 20 13 19 16 18 
19 14 10 15 4 14 10 17 6 3 8 15 10000 16 5 3 8 13 11 8 12 4 3 2 12 14 13 13 7 5 16 2 6 5 14 4 6 2 16 20 10 18 18 2 7 2 8 10 22 8 4 
5 4 10 2 14 9 10 9 20 14 9 10 16 10000 20 18 16 7 19 18 10 13 15 15 5 9 6 8 12 12 13 17 15 17 18 15 19 16 1 8 11 6 10 17 10 17 17 8 10 12 19 
22 17 12 18 9 16 12 19 2 6 12 19 5 20 10000 2 7 16 9 6 16 8 5 5 16 19 17 16 12 9 17 3 7 4 14 8 4 6 19 22 15 20 20 4 10 3 7 13 24 10 3 
20 16 10 16 7 14 10 17 3 4 10 18 3 18 2 10000 6 14 9 5 15 7 3 4 14 17 15 14 10 8 15 3 5 2 13 7 4 5 17 20 13 18 18 3 8 2 6 11 22 8 3 
17 13 6 15 11 10 7 13 7 6 10 19 8 16 7 6 10000 11 4 2 17 9 5 7 14 18 15 10 13 10 10 8 3 4 7 11 4 9 16 16 15 15 14 8 7 7 1 9 18 5 9 
7 3 5 6 13 3 5 5 16 10 7 14 13 7 16 14 11 10000 13 13 13 11 11 12 7 13 9 2 12 10 7 14 10 13 12 14 14 14 6 7 12 5 6 14 6 13 11 3 9 6 16 
19 15 9 18 14 11 9 14 9 10 14 23 11 19 9 9 4 13 10000 4 20 13 9 11 17 22 19 12 17 13 10 11 6 7 5 14 6 13 18 18 19 17 15 11 11 10 4 12 20 8 11 
19 15 8 17 11 12 9 15 5 7 12 20 8 18 6 5 2 13 4 10000 18 10 5 7 15 19 17 12 14 11 12 7 4 3 8 11 3 9 18 18 16 17 16 8 9 6 2 11 20 7 8 
15 12 14 9 9 15 14 17 17 11 7 3 12 10 16 15 17 13 20 18 10000 9 13 12 6 3 5 14 5 8 19 13 15 16 22 9 17 11 11 18 2 15 18 13 10 14 17 12 19 14 15 
16 12 9 12 2 13 10 15 9 4 5 11 4 13 8 7 9 11 13 10 9 10000 5 3 9 11 10 12 4 2 15 5 7 8 16 3 9 4 13 18 7 16 17 5 6 5 10 9 20 8 7 
17 13 8 14 6 12 8 15 5 2 8 16 3 15 5 3 5 11 9 5 13 5 10000 2 11 15 13 11 9 6 13 3 4 3 12 6 5 5 15 18 11 16 16 4 6 3 6 9 20 6 5 
18 13 9 14 5 13 9 16 6 2 7 14 2 15 5 4 7 12 11 7 12 3 2 10000 11 14 12 12 7 5 15 3 5 5 14 4 6 3 15 19 10 17 17 3 6 3 7 9 21 8 4 
10 7 9 4 10 10 9 11 16 10 4 7 12 5 16 14 14 7 17 15 6 9 11 11 10000 6 2 9 7 7 14 13 12 14 18 10 16 12 6 12 6 10 12 13 7 13 14 7 14 10 15 
14 12 15 8 11 16 15 17 19 13 8 1 14 9 19 17 18 13 22 19 3 11 15 14 6 10000 5 14 8 10 20 16 16 18 23 12 19 14 10 17 5 15 18 16 12 16 19 12 18 15 17 
10 8 11 5 10 12 11 13 18 11 6 6 13 6 17 15 15 9 19 17 5 10 13 12 2 5 10000 10 7 8 16 14 13 15 19 11 17 13 6 13 5 11 14 14 8 14 16 8 15 12 16 
7 4 4 7 14 2 4 4 16 11 8 15 13 8 16 14 10 2 12 12 14 12 11 12 9 14 10 10000 13 11 6 14 9 13 11 14 14 14 7 7 13 5 5 15 7 14 11 4 9 6 16 
16 13 12 11 4 14 12 16 13 7 5 8 7 12 12 10 13 12 17 14 5 4 9 7 7 8 7 13 10000 4 18 9 11 11 19 5 13 7 12 18 4 16 18 8 8 9 13 10 20 11 10 
15 11 9 11 3 12 9 14 10 4 4 10 5 12 9 8 10 10 13 11 8 2 6 5 7 10 8 11 4 10000 15 7 8 9 16 4 10 5 12 17 6 15 16 7 5 7 10 8 19 8 8 
11 9 7 13 17 4 6 5 16 13 13 21 16 13 17 15 10 7 10 12 19 15 13 15 14 20 16 6 18 15 10000 16 11 13 7 18 14 17 13 9 18 9 6 17 10 15 10 8 10 8 18 
20 16 11 16 6 14 11 17 4 4 9 16 2 17 3 3 8 14 11 7 13 5 3 3 13 16 14 14 9 7 16 10000 6 4 14 5 6 3 17 21 12 19 19 1 8 1 8 11 23 9 2 
16 12 6 13 9 9 6 12 7 4 8 17 6 15 7 5 3 10 6 4 15 7 4 5 12 16 13 9 11 8 11 6 10000 4 9 9 5 8 14 16 13 14 14 7 5 5 3 7 18 4 8 
19 15 9 16 9 12 9 16 4 5 10 18 5 17 4 2 4 13 7 3 16 8 3 5 14 18 15 13 11 9 13 4 4 10000 11 8 2 7 17 19 14 17 17 5 8 4 4 10 21 7 5 
17 14 9 18 17 10 9 12 13 13 15 24 14 18 14 13 7 12 5 8 22 16 12 14 18 23 19 11 19 16 7 14 9 11 10000 17 10 16 18 15 20 15 12 15 12 13 7 12 17 8 15 
19 15 11 14 1 15 12 18 9 5 7 12 4 15 8 7 11 14 14 11 9 3 6 4 10 12 11 14 5 4 18 5 9 8 17 10000 10 3 15 20 8 18 19 5 8 6 11 11 22 11 6 
20 16 10 18 10 13 10 16 3 6 12 20 6 19 4 4 4 14 6 3 17 9 5 6 16 19 17 14 13 10 14 6 5 2 10 10 10000 8 18 20 16 18 18 6 9 5 4 12 22 8 6 
19 15 11 15 3 15 12 18 7 4 8 14 2 16 6 5 9 14 13 9 11 4 5 3 12 14 13 14 7 5 17 3 8 7 16 3 8 10000 16 21 10 19 19 2 8 4 10 11 23 10 4 
5 4 10 2 14 9 10 9 20 14 9 10 16 1 19 17 16 6 18 18 11 13 15 15 6 10 6 7 12 12 13 17 14 17 18 15 18 16 10000 8 11 6 9 17 10 17 16 7 9 12 19 
4 6 11 9 20 7 10 4 22 17 14 18 20 8 22 20 16 7 18 18 18 18 18 19 12 17 13 7 18 17 9 21 16 19 15 20 20 21 8 10000 18 3 3 21 13 20 17 10 3 13 22 
15 12 13 9 7 15 13 16 16 10 6 5 10 11 15 13 15 12 19 16 2 7 11 10 6 5 5 13 4 6 18 12 13 14 20 8 16 10 11 18 10000 15 18 11 9 12 16 11 19 13 13 
2 4 9 7 17 6 9 4 20 15 11 16 18 6 20 18 15 5 17 17 15 16 16 17 10 15 11 5 16 15 9 19 14 17 15 18 18 19 6 3 15 10000 4 19 11 18 16 8 5 11 20 
6 6 9 10 19 5 8 2 20 16 13 19 18 10 20 18 14 6 15 16 18 17 16 17 12 18 14 5 18 16 6 19 14 17 12 19 18 19 9 3 18 4 10000 19 12 18 15 9 5 11 21 
20 16 11 16 5 15 12 18 5 4 9 16 2 17 4 3 8 14 11 8 13 5 4 3 13 16 14 15 8 7 17 1 7 5 15 5 6 2 17 21 11 19 19 10000 9 2 8 12 23 10 2 
12 8 4 9 8 7 5 10 11 5 4 12 7 10 10 8 7 6 11 9 10 6 6 6 7 12 8 7 8 5 10 8 5 8 12 8 9 8 10 13 9 11 12 9 10000 8 8 4 15 4 10 
19 15 10 16 6 14 10 17 4 4 9 16 2 17 3 2 7 13 10 6 14 5 3 3 13 16 14 14 9 7 15 1 5 4 13 6 5 4 17 20 12 18 18 2 8 10000 7 11 22 8 3 
17 14 7 16 11 10 7 13 7 7 11 20 8 17 7 6 1 11 4 2 17 10 6 7 14 19 16 11 13 10 10 8 3 4 7 11 4 10 16 17 16 16 15 8 8 7 10000 9 19 5 9 
9 5 3 7 10 5 3 7 13 8 5 13 10 8 13 11 9 3 12 11 12 9 9 9 7 12 8 4 10 8 8 11 7 10 12 11 12 11 7 10 11 8 9 12 4 11 9 10000 12 5 13 
5 8 13 11 22 9 12 6 24 19 16 19 22 10 24 22 18 9 20 20 19 20 20 21 14 18 15 9 20 19 10 23 18 21 17 22 22 23 9 3 19 5 5 23 15 22 19 12 10000 15 24 
13 9 2 11 10 6 3 9 10 6 7 16 8 12 10 8 5 6 8 7 14 8 6 8 10 15 12 6 11 8 8 9 4 7 8 11 8 10 12 13 13 11 11 10 4 8 5 5 15 10000 11 
21 17 12 18 7 16 13 19 4 6 11 18 4 19 3 3 9 16 11 8 15 7 5 4 15 17 16 16 10 8 18 2 8 5 15 6 6 4 19 22 13 20 21 2 10 3 9 13 24 11 10000 
