40
10
1000	500	0	1000	7084.000000	6882.000000
10	8	0	1	1802.000000	2682.000000
9	9	4	5	6101.000000	4688.000000
9	2	8	9	7294.000000	3693.000000
9	6	2	2	2389.000000	136.000000
10	9	10	10	7515.000000	4599.000000
8	7	1	6	5013.000000	1631.000000
6	4	1	5	5356.000000	3239.000000
10	3	3	3	4530.000000	4411.000000
8	1	5	7	6923.000000	113.000000
6	1	4	6	6604.000000	4668.000000
9	8	3	7	2605.000000	6708.000000
10	0	3	3	6659.000000	7748.000000
9	2	8	8	4461.000000	4062.000000
7	1	3	3	3384.000000	8786.000000
10	6	9	10	1169.000000	7501.000000
6	4	5	6	1809.000000	1581.000000
6	2	5	6	6563.000000	7279.000000
10	7	0	5	9941.000000	3661.000000
9	6	2	9	237.000000	1698.000000
10	8	10	10	3091.000000	568.000000
8	7	1	1	1541.000000	9454.000000
10	8	6	10	5182.000000	3924.000000
9	5	5	9	2904.000000	754.000000
7	6	0	3	5867.000000	4585.000000
8	1	0	7	3169.000000	1000.000000
7	2	7	7	4856.000000	9494.000000
9	3	5	8	4121.000000	1243.000000
6	1	3	4	6138.000000	6743.000000
6	2	5	6	2581.000000	2399.000000
9	2	4	6	1984.000000	4675.000000
8	8	1	3	3379.000000	4033.000000
6	3	4	4	9208.000000	6350.000000
6	2	1	3	1745.000000	8729.000000
6	3	4	6	8216.000000	514.000000
6	6	4	4	4907.000000	9468.000000
6	4	5	5	5197.000000	9582.000000
10	1	2	4	9733.000000	7199.000000
7	2	5	5	1811.000000	3796.000000
7	4	6	6	7902.000000	7492.000000
9	2	0	0	8667.000000	637.000000
10000 14 5 7 17 5 12 9 8 14 5 9 2 8 9 12 15 2 9 18 15 13 8 15 6 15 7 13 2 13 12 10 5 12 13 7 7 6 13 3 13 
14 10000 10 12 6 13 7 8 7 12 11 9 15 6 13 10 3 14 17 4 5 14 8 5 9 5 15 6 12 2 5 5 17 13 14 15 16 19 3 16 15 
5 10 10000 4 12 3 7 4 4 10 2 9 7 4 10 12 11 6 8 14 11 14 3 11 1 10 10 8 5 9 9 6 8 12 10 10 10 9 9 7 10 
7 12 4 10000 13 2 7 4 6 8 3 12 9 6 13 15 12 8 6 15 11 17 5 11 4 10 13 9 7 10 11 8 7 15 7 13 13 9 11 8 7 
17 6 12 13 10000 14 7 9 10 10 13 14 18 9 18 15 4 17 17 6 2 19 10 2 12 3 20 5 16 5 10 9 19 18 12 20 20 21 8 19 13 
5 13 3 2 14 10000 8 6 6 10 2 11 7 7 12 14 13 6 6 16 12 16 5 13 4 12 12 10 6 11 12 9 5 15 9 12 11 7 12 6 9 
12 7 7 7 7 8 10000 4 6 5 7 12 13 5 15 15 7 12 11 10 5 18 5 5 7 4 16 2 11 6 9 6 13 16 7 16 16 15 8 14 8 
9 8 4 4 9 6 4 10000 3 7 4 9 10 3 12 12 8 9 10 11 8 15 2 7 3 7 13 5 8 6 8 5 10 14 8 13 13 12 8 10 9 
8 7 4 6 10 6 6 3 10000 10 5 6 8 1 10 10 8 8 11 11 9 12 2 9 3 8 11 7 6 6 6 3 11 11 11 11 11 12 6 10 12 
14 12 10 8 10 10 5 7 10 10000 10 16 16 10 19 19 11 15 10 14 8 22 9 9 10 8 20 7 14 10 14 11 14 21 3 20 20 16 13 15 4 
5 11 2 3 13 2 7 4 5 10 10000 9 7 5 11 13 12 6 7 15 11 14 4 11 2 11 11 9 5 10 10 7 7 13 9 11 11 9 10 7 10 
9 9 9 12 14 11 12 9 6 16 9 10000 9 7 5 4 11 8 16 12 13 6 8 12 8 12 8 12 8 9 5 6 14 5 17 8 8 15 7 11 18 
2 15 7 9 18 7 13 10 8 16 7 9 10000 9 7 11 16 1 11 18 17 11 9 16 7 16 6 14 3 14 12 10 6 11 15 5 5 7 13 3 15 
8 6 4 6 9 7 5 3 1 10 5 7 9 10000 10 10 8 8 11 10 8 13 2 8 4 7 11 6 7 6 6 3 11 11 11 11 12 13 6 10 11 
9 13 10 13 18 12 15 12 10 19 11 5 7 10 10000 6 15 8 17 16 17 4 11 17 10 16 4 16 7 13 9 10 13 4 20 4 4 14 11 10 20 
12 10 12 15 15 14 15 12 10 19 13 4 11 10 6 10000 12 11 20 12 15 4 11 14 12 14 9 14 11 11 6 9 17 3 20 9 10 18 8 14 21 
15 3 11 12 4 13 7 8 8 11 12 11 16 8 15 12 10000 15 17 4 4 16 9 3 11 3 17 5 14 3 7 6 18 15 13 17 18 20 5 17 14 
2 14 6 8 17 6 12 9 8 15 6 8 1 8 8 11 15 10000 10 17 16 11 8 15 6 15 6 14 2 13 11 10 6 11 14 6 6 7 12 3 14 
9 17 8 6 17 6 11 10 11 10 7 16 11 11 17 20 17 10 10000 20 16 21 10 16 9 15 16 13 10 15 17 14 6 20 8 16 16 8 17 9 7 
18 4 14 15 6 16 10 11 11 14 15 12 18 10 16 12 4 17 20 10000 7 16 11 6 13 7 19 8 16 5 7 8 21 15 17 19 19 22 6 20 17 
15 5 11 11 2 12 5 8 9 8 11 13 17 8 17 15 4 16 16 7 10000 19 8 1 10 1 19 3 14 4 9 7 17 17 11 19 19 19 7 17 12 
13 14 14 17 19 16 18 15 12 22 14 6 11 13 4 4 16 11 21 16 19 10000 14 18 14 18 7 18 11 15 10 12 17 2 23 7 8 17 12 14 23 
8 8 3 5 10 5 5 2 2 9 4 8 9 2 11 11 9 8 10 11 8 14 10000 8 2 8 12 6 6 7 7 4 10 12 10 12 12 12 7 9 10 
15 5 11 11 2 13 5 7 9 9 11 12 16 8 17 14 3 15 16 6 1 18 8 10000 10 1 18 3 14 4 9 7 17 17 11 18 19 19 7 17 12 
6 9 1 4 12 4 7 3 3 10 2 8 7 4 10 12 11 6 9 13 10 14 2 10 10000 9 11 8 5 8 8 6 8 12 10 10 11 10 9 8 10 
15 5 10 10 3 12 4 7 8 8 11 12 16 7 16 14 3 15 15 7 1 18 8 1 9 10000 18 2 13 4 8 7 17 16 11 18 18 19 7 17 12 
7 15 10 13 20 12 16 13 11 20 11 8 6 11 4 9 17 6 16 19 19 7 12 18 11 18 10000 17 7 15 12 12 11 7 20 1 1 11 13 8 20 
13 6 8 9 5 10 2 5 7 7 9 12 14 6 16 14 5 14 13 8 3 18 6 3 8 2 17 10000 12 4 9 6 15 16 9 17 17 17 7 15 10 
2 12 5 7 16 6 11 8 6 14 5 8 3 7 7 11 14 2 10 16 14 11 6 14 5 13 7 12 10000 12 10 8 7 10 14 6 6 8 11 4 14 
13 2 9 10 5 11 6 6 6 10 10 9 14 6 13 11 3 13 15 5 4 15 7 4 8 4 15 4 12 10000 5 4 16 13 12 15 16 18 4 15 13 
12 5 9 11 10 12 9 8 6 14 10 5 12 6 9 6 7 11 17 7 9 10 7 9 8 8 12 9 10 5 10000 4 15 9 15 12 12 17 2 14 16 
10 5 6 8 9 9 6 5 3 11 7 6 10 3 10 9 6 10 14 8 7 12 4 7 6 7 12 6 8 4 4 10000 13 10 12 12 12 15 4 12 13 
5 17 8 7 19 5 13 10 11 14 7 14 6 11 13 17 18 6 6 21 17 17 10 17 8 17 11 15 7 16 15 13 10000 16 12 11 11 2 16 4 12 
12 13 12 15 18 15 16 14 11 21 13 5 11 11 4 3 15 11 20 15 17 2 12 17 12 16 7 16 10 13 9 10 16 10000 21 7 8 17 10 13 22 
13 14 10 7 12 9 7 8 11 3 9 17 15 11 20 20 13 14 8 17 11 23 10 11 10 11 20 9 14 12 15 12 12 21 10000 20 20 14 15 14 1 
7 15 10 13 20 12 16 13 11 20 11 8 5 11 4 9 17 6 16 19 19 7 12 18 10 18 1 17 6 15 12 12 11 7 20 10000 1 11 13 8 20 
7 16 10 13 20 11 16 13 11 20 11 8 5 12 4 10 18 6 16 19 19 8 12 19 11 18 1 17 6 16 12 12 11 8 20 1 10000 11 14 7 20 
6 19 9 9 21 7 15 12 12 16 9 15 7 13 14 18 20 7 8 22 19 17 12 19 10 19 11 17 8 18 17 15 2 17 14 11 11 10000 18 4 14 
13 3 9 11 8 12 8 8 6 13 10 7 13 6 11 8 5 12 17 6 7 12 7 7 9 7 13 7 11 4 2 4 16 10 15 13 14 18 10000 15 16 
3 16 7 8 19 6 14 10 10 15 7 11 3 10 10 14 17 3 9 20 17 14 9 17 8 17 8 15 4 15 14 12 4 13 14 8 7 4 15 10000 14 
13 15 10 7 13 9 8 9 12 4 10 18 15 11 20 21 14 14 7 17 12 23 10 12 10 12 20 10 14 13 16 13 12 22 1 20 20 14 16 14 10000 
