60
10
1000	500	0	1000	1470.000000	2116.000000
7	6	1	3	3221.000000	7371.000000
10	1	5	6	5074.000000	6437.000000
10	0	6	7	9061.000000	7047.000000
7	6	4	5	3264.000000	4869.000000
9	9	0	1	2264.000000	7718.000000
6	5	0	1	9011.000000	685.000000
7	3	3	7	9436.000000	4575.000000
6	3	2	4	5979.000000	4711.000000
9	1	5	8	9244.000000	5208.000000
9	1	2	3	2540.000000	1633.000000
6	6	6	6	4391.000000	2894.000000
6	2	4	4	7666.000000	7694.000000
10	4	8	9	7124.000000	1419.000000
9	7	6	7	7177.000000	7094.000000
9	2	4	8	1739.000000	2690.000000
8	4	4	4	6262.000000	668.000000
6	3	1	2	560.000000	3981.000000
6	4	2	4	2064.000000	5218.000000
8	7	0	0	6201.000000	9282.000000
7	0	4	7	2017.000000	8519.000000
7	1	4	7	394.000000	7322.000000
8	0	1	5	5580.000000	6532.000000
9	1	7	7	2876.000000	1383.000000
9	3	8	8	376.000000	3121.000000
10	5	7	10	5455.000000	3686.000000
6	4	6	6	5049.000000	3897.000000
7	4	3	4	548.000000	6495.000000
8	5	4	6	8770.000000	2180.000000
6	6	6	6	3539.000000	1003.000000
7	6	6	7	2712.000000	7207.000000
9	8	8	8	7171.000000	4027.000000
9	4	6	8	8748.000000	6390.000000
7	6	2	4	9698.000000	5923.000000
10	7	1	9	3631.000000	6012.000000
9	0	5	9	7534.000000	6115.000000
8	5	0	5	3728.000000	270.000000
9	2	7	9	3291.000000	4348.000000
10	8	7	8	2611.000000	1757.000000
8	1	0	2	9712.000000	9998.000000
6	5	6	6	8264.000000	8173.000000
6	4	6	6	5522.000000	7131.000000
9	2	8	9	9241.000000	2013.000000
10	3	0	6	920.000000	5962.000000
10	8	1	3	6741.000000	1608.000000
10	3	10	10	1922.000000	1559.000000
8	7	2	2	2360.000000	2611.000000
10	0	10	10	4918.000000	679.000000
9	5	4	8	3607.000000	1726.000000
8	5	8	8	838.000000	5247.000000
8	4	7	7	1171.000000	2178.000000
10	2	8	8	526.000000	577.000000
9	1	1	4	7496.000000	2724.000000
7	5	2	5	4110.000000	8576.000000
8	2	5	7	7249.000000	351.000000
10	3	7	9	6163.000000	8890.000000
7	5	6	6	6880.000000	9107.000000
9	2	4	9	2685.000000	1243.000000
6	1	6	6	4496.000000	1558.000000
7	2	3	5	4202.000000	6169.000000
9	8	1	7	2385.000000	43.000000
10000 12 12 19 7 12 16 17 11 17 3 7 17 12 16 2 11 5 7 18 13 11 13 4 3 9 8 9 15 5 11 13 17 19 9 15 6 6 3 23 19 13 16 8 11 2 3 8 5 7 1 4 13 14 13 17 18 3 7 10 5 
12 10000 5 12 6 3 18 14 8 13 12 10 9 15 8 10 15 9 5 8 4 6 6 12 11 9 8 6 16 13 2 11 12 14 3 9 15 7 12 15 11 5 17 6 14 12 10 14 12 7 12 15 13 3 17 7 9 13 12 4 15 
12 5 10000 9 5 7 14 10 4 9 11 8 6 11 5 11 12 11 7 7 8 10 2 12 12 6 6 10 12 12 5 7 8 10 4 5 13 6 11 12 8 2 13 9 11 12 10 12 10 9 12 15 9 5 13 6 7 12 10 2 14 
19 12 9 10000 13 14 13 6 8 4 17 13 4 12 4 18 14 19 15 8 15 18 8 17 20 10 11 18 10 17 13 8 2 3 12 4 18 13 17 7 3 8 11 17 12 19 17 16 16 17 19 22 10 11 14 7 7 18 15 10 20 
7 6 5 13 10000 7 15 13 6 12 7 5 11 11 10 6 11 6 3 11 8 8 6 8 7 5 5 7 13 8 5 8 12 14 3 9 10 2 7 17 12 7 14 6 10 8 5 10 7 5 7 11 10 8 13 10 12 8 8 4 10 
12 3 7 14 7 10000 20 16 10 15 13 11 11 16 10 11 17 9 6 9 2 4 8 13 10 11 10 5 18 14 2 13 14 16 5 12 16 8 12 16 13 7 19 5 16 13 11 16 13 6 12 15 15 5 18 9 10 13 14 5 16 
16 18 14 13 15 20 10000 8 11 10 14 11 15 5 14 16 6 19 17 19 22 22 14 13 18 10 11 21 4 11 19 8 12 11 16 12 11 14 13 19 16 15 3 20 5 15 14 9 12 19 16 17 6 19 4 18 18 13 10 15 14 
17 14 10 6 13 16 8 10000 7 2 15 11 8 8 7 16 11 18 15 12 17 19 9 15 19 9 9 19 5 14 15 5 4 3 12 5 15 13 15 11 8 10 6 18 9 17 15 12 13 18 18 20 6 14 10 11 11 16 12 11 17 
11 8 4 8 6 10 11 7 10000 7 10 5 7 7 6 10 9 11 8 10 11 13 4 10 12 3 3 12 8 9 9 3 7 8 6 5 10 6 9 13 9 5 9 11 7 11 9 9 8 11 11 14 5 9 10 9 9 10 7 5 12 
17 13 9 4 12 15 10 2 7 10000 16 11 6 9 6 16 11 18 15 11 16 19 8 15 19 9 9 18 7 15 14 5 3 2 12 4 15 13 15 10 7 9 7 17 9 17 15 13 14 17 18 20 7 13 11 10 10 16 12 11 18 
3 12 11 17 7 13 14 15 10 16 10000 5 16 10 15 3 8 7 8 17 14 13 12 1 6 8 7 11 13 3 12 11 16 17 10 14 4 6 1 23 18 13 14 10 9 2 2 6 3 8 3 5 11 15 10 17 18 1 4 10 4 
7 10 8 13 5 11 11 11 5 11 5 10000 12 7 11 6 6 8 7 14 13 12 8 5 9 3 3 11 9 5 10 7 12 13 7 10 6 4 5 18 14 9 10 10 6 6 5 5 3 9 7 10 7 12 8 13 14 5 3 7 7 
17 9 6 4 11 11 15 8 7 6 16 12 10000 13 2 16 15 17 13 5 12 15 5 16 18 10 10 15 12 16 10 8 4 6 9 4 17 12 16 7 2 5 12 14 13 17 15 16 15 15 18 21 10 8 15 4 4 17 14 8 19 
12 15 11 12 11 16 5 8 7 9 10 7 13 10000 12 12 3 15 13 16 18 18 11 9 14 6 7 17 4 8 15 6 11 11 12 10 8 10 10 18 14 12 5 16 1 11 10 5 8 15 13 14 3 16 3 16 16 9 6 12 10 
16 8 5 4 10 10 14 7 6 6 15 11 2 12 10000 14 13 15 11 5 11 14 4 15 16 8 8 14 11 15 9 7 4 6 8 3 16 10 15 8 4 4 11 13 12 16 14 14 13 14 16 19 9 7 14 5 5 15 13 7 18 
2 10 11 18 6 11 16 16 10 16 3 6 16 12 14 10000 10 4 6 16 12 10 11 4 3 8 8 8 15 5 10 12 16 18 8 14 7 5 3 22 18 12 16 7 11 3 2 8 5 6 2 5 12 13 12 16 17 4 6 9 6 
11 15 12 14 11 17 6 11 9 11 8 6 15 3 13 10 10000 14 13 18 18 18 12 7 13 7 7 17 6 6 15 7 13 13 12 12 6 10 8 20 16 14 7 16 3 9 9 3 6 15 11 12 5 17 3 17 17 8 4 12 8 
5 9 11 19 6 9 19 18 11 18 7 8 17 15 15 4 14 10000 4 16 10 7 12 7 2 10 9 6 17 9 8 14 18 19 8 15 10 6 7 22 18 12 18 5 14 6 5 11 8 3 4 7 15 12 16 15 17 7 10 9 9 
7 5 7 15 3 6 17 15 8 15 8 7 13 13 11 6 13 4 10000 12 7 6 8 8 6 8 7 4 15 9 5 11 14 16 4 12 11 4 8 19 14 8 16 3 12 8 6 11 8 3 7 10 12 8 15 12 13 9 9 5 11 
18 8 7 8 11 9 19 12 10 11 17 14 5 16 5 16 18 16 12 10000 9 13 6 18 17 12 12 13 16 18 9 11 8 10 9 7 19 12 17 8 5 5 16 13 16 18 16 18 16 14 18 21 14 5 18 1 2 18 16 8 20 
13 4 8 15 8 2 22 17 11 16 14 13 12 18 11 12 18 10 7 9 10000 5 9 15 12 12 12 6 19 16 3 14 15 17 6 13 17 9 14 16 13 8 20 6 17 14 12 17 14 7 13 17 16 5 20 9 10 15 15 7 17 
11 6 10 18 8 4 22 19 13 19 13 12 15 18 14 10 18 7 6 13 5 10000 11 13 9 13 12 2 20 15 5 16 17 19 7 15 16 9 12 20 16 11 21 3 18 12 11 17 13 5 11 14 17 8 20 12 14 13 15 8 16 
13 6 2 8 6 8 14 9 4 8 12 8 5 11 4 11 12 12 8 6 9 11 10000 12 13 6 6 11 11 12 6 6 7 9 5 4 14 7 12 11 7 2 12 10 11 13 11 12 11 10 13 16 9 6 13 5 6 13 11 3 15 
4 12 12 17 8 13 13 15 10 15 1 5 16 9 15 4 7 7 8 18 15 13 12 10000 7 7 7 12 12 2 12 11 16 17 10 14 3 6 1 22 18 13 13 10 8 2 3 5 2 9 4 5 10 15 9 17 18 1 4 10 3 
3 11 12 20 7 10 18 19 12 19 6 9 18 14 16 3 13 2 6 17 12 9 13 7 10000 11 10 7 17 8 10 14 18 20 9 16 9 7 6 24 19 14 18 6 14 5 5 11 8 5 3 6 15 14 15 17 18 6 9 10 8 
9 9 6 10 5 11 10 9 3 9 8 3 10 6 8 8 7 10 8 12 12 13 6 7 11 10000 1 12 8 7 9 4 9 10 6 7 8 5 7 16 11 7 9 11 5 9 7 7 6 10 10 12 5 11 8 11 12 8 5 6 10 
8 8 6 11 5 10 11 9 3 9 7 3 10 7 8 8 7 9 7 12 12 12 6 7 10 1 10000 11 9 7 9 5 9 11 6 7 8 4 7 16 11 7 10 10 6 8 6 7 6 9 9 12 6 10 9 11 12 8 5 5 10 
9 6 10 18 7 5 21 19 12 18 11 11 15 17 14 8 17 6 4 13 6 2 11 12 7 12 11 10000 19 13 5 15 17 19 7 14 14 7 11 20 16 11 20 2 16 11 9 15 12 3 9 12 16 9 19 13 14 12 13 8 14 
15 16 12 10 13 18 4 5 8 7 13 9 12 4 11 15 6 17 15 16 19 20 11 12 17 8 9 19 10000 11 16 5 9 8 13 9 11 12 13 16 13 12 1 18 5 14 13 9 11 18 16 17 3 16 5 15 15 13 9 13 14 
5 13 12 17 8 14 11 14 9 15 3 5 16 8 15 5 6 9 9 18 16 15 12 2 8 7 7 13 11 10000 13 10 15 16 11 13 2 7 3 22 18 13 12 12 7 4 4 3 2 11 6 7 9 16 8 17 18 2 3 11 4 
11 2 5 13 5 2 19 15 9 14 12 10 10 15 9 10 15 8 5 9 3 5 6 12 10 9 9 5 16 13 10000 11 13 15 4 10 15 6 11 16 12 6 17 5 14 12 10 14 12 6 11 14 14 4 17 8 10 12 12 4 15 
13 11 7 8 8 13 8 5 3 5 11 7 8 6 7 12 7 14 11 11 14 16 6 11 14 4 5 15 5 10 11 10000 6 7 9 5 11 8 11 13 9 8 6 14 5 12 11 9 9 13 13 15 3 11 8 10 11 11 8 8 13 
17 12 8 2 12 14 12 4 7 3 16 12 4 11 4 16 13 18 14 8 15 17 7 16 18 9 9 17 9 15 13 6 10000 3 11 3 16 12 16 8 4 7 9 16 11 17 15 14 14 16 18 21 8 11 13 8 7 16 13 10 18 
19 14 10 3 14 16 11 3 8 2 17 13 6 11 6 18 13 19 16 10 17 19 9 17 20 10 11 19 8 16 15 7 3 10000 13 5 17 14 17 9 6 9 8 18 11 18 17 15 15 18 19 22 8 13 13 10 9 17 14 12 19 
9 3 4 12 3 5 16 12 6 12 10 7 9 12 8 8 12 8 4 9 6 7 5 10 9 6 6 7 13 11 4 9 11 13 10000 8 12 4 9 15 11 5 14 6 11 10 8 11 9 6 10 13 11 6 14 8 9 10 10 2 13 
15 9 5 4 9 12 12 5 5 4 14 10 4 10 3 14 12 15 12 7 13 15 4 14 16 7 7 14 9 13 10 5 3 5 8 10000 14 10 14 9 5 5 9 14 10 15 13 13 12 14 15 18 7 9 12 7 7 14 11 7 16 
6 15 13 18 10 16 11 15 10 15 4 6 17 8 16 7 6 10 11 19 17 16 14 3 9 8 8 14 11 2 15 11 16 17 12 14 10000 9 4 23 19 15 12 13 7 5 6 3 3 12 7 7 9 17 8 18 19 3 3 12 3 
6 7 6 13 2 8 14 13 6 13 6 4 12 10 10 5 10 6 4 12 9 9 7 6 7 5 4 7 12 7 6 8 12 14 4 10 9 10000 6 18 13 8 13 6 9 7 4 9 6 6 7 10 10 9 12 11 12 7 7 5 9 
3 12 11 17 7 12 13 15 9 15 1 5 16 10 15 3 8 7 8 17 14 12 12 1 6 7 7 11 13 3 11 11 16 17 9 14 4 6 10000 22 18 13 14 10 9 2 2 6 2 8 4 5 10 14 10 16 17 2 4 10 4 
23 15 12 7 17 16 19 11 13 10 23 18 7 18 8 22 20 22 19 8 16 20 11 22 24 16 16 20 16 22 16 13 8 9 15 9 23 18 22 10000 5 11 16 20 18 23 21 21 21 21 24 27 16 12 20 8 6 23 20 14 25 
19 11 8 3 12 13 16 8 9 7 18 14 2 14 4 18 16 18 14 5 13 16 7 18 19 11 11 16 13 18 12 9 4 6 11 5 19 13 18 5 10000 6 13 16 14 19 17 17 16 16 19 22 12 9 16 5 4 18 16 10 21 
13 5 2 8 7 7 15 10 5 9 13 9 5 12 4 12 14 12 8 5 8 11 2 13 14 7 7 11 12 13 6 8 7 9 5 5 15 8 13 11 6 10000 13 10 12 14 12 13 12 11 14 17 10 5 14 4 5 14 12 4 16 
16 17 13 11 14 19 3 6 9 7 14 10 12 5 11 16 7 18 16 16 20 21 12 13 18 9 10 20 1 12 17 6 9 8 14 9 12 13 14 16 13 13 10000 19 6 15 14 10 12 19 17 18 4 17 6 16 15 14 10 14 15 
8 6 9 17 6 5 20 18 11 17 10 10 14 16 13 7 16 5 3 13 6 3 10 10 6 11 10 2 18 12 5 14 16 18 6 14 13 6 10 20 16 10 19 10000 15 10 8 14 11 2 8 11 15 9 17 13 14 11 12 7 13 
11 14 11 12 10 16 5 9 7 9 9 6 13 1 12 11 3 14 12 16 17 18 11 8 14 5 6 16 5 7 14 5 11 11 11 10 7 9 9 18 14 12 6 15 10000 10 9 5 7 14 12 13 3 15 3 15 16 9 5 11 10 
2 12 12 19 8 13 15 17 11 17 2 6 17 11 16 3 9 6 8 18 14 12 13 2 5 9 8 11 14 4 12 12 17 18 10 15 5 7 2 23 19 14 15 10 10 10000 3 7 4 8 2 4 12 15 11 17 19 2 6 11 4 
3 10 10 17 5 11 14 15 9 15 2 5 15 10 14 2 9 5 6 16 12 11 11 3 5 7 6 9 13 4 10 11 15 17 8 13 6 4 2 21 17 12 14 8 9 3 10000 7 4 7 3 6 11 13 11 15 16 3 5 9 6 
8 14 12 16 10 16 9 12 9 13 6 5 16 5 14 8 3 11 11 18 17 17 12 5 11 7 7 15 9 3 14 9 14 15 11 13 3 9 6 21 17 13 10 14 5 7 7 10000 4 13 9 9 7 16 5 17 18 5 2 12 6 
5 12 10 16 7 13 12 13 8 14 3 3 15 8 13 5 6 8 8 16 14 13 11 2 8 6 6 12 11 2 12 9 14 15 9 12 3 6 2 21 16 12 12 11 7 4 4 4 10000 9 5 7 9 14 8 16 17 3 2 9 5 
7 7 9 17 5 6 19 18 11 17 8 9 15 15 14 6 15 3 3 14 7 5 10 9 5 10 9 3 18 11 6 13 16 18 6 14 12 6 8 21 16 11 19 2 14 8 7 13 9 10000 7 10 15 10 17 13 15 9 11 7 11 
1 12 12 19 7 12 16 18 11 18 3 7 18 13 16 2 11 4 7 18 13 11 13 4 3 10 9 9 16 6 11 13 18 19 10 15 7 7 4 24 19 14 17 8 12 2 3 9 5 7 10000 4 13 15 13 17 18 4 7 11 5 
4 15 15 22 11 15 17 20 14 20 5 10 21 14 19 5 12 7 10 21 17 14 16 5 6 12 12 12 17 7 14 15 21 22 13 18 7 10 5 27 22 17 18 11 13 4 6 9 7 10 4 10000 15 18 14 21 22 5 9 14 4 
13 13 9 10 10 15 6 6 5 7 11 7 10 3 9 12 5 15 12 14 16 17 9 10 15 5 6 16 3 9 14 3 8 8 11 7 9 10 10 16 12 10 4 15 3 12 11 7 9 15 13 15 10000 14 5 13 13 11 7 10 12 
14 3 5 11 8 5 19 14 9 13 15 12 8 16 7 13 17 12 8 5 5 8 6 15 14 11 10 9 16 16 4 11 11 13 6 9 17 9 14 12 9 5 17 9 15 15 13 16 14 10 15 18 14 10000 18 5 6 15 15 5 18 
13 17 13 14 13 18 4 10 10 11 10 8 15 3 14 12 3 16 15 18 20 20 13 9 15 8 9 19 5 8 17 8 13 13 14 12 8 12 10 20 16 14 6 17 3 11 11 5 8 17 13 14 5 18 10000 18 18 10 7 14 10 
17 7 6 7 10 9 18 11 9 10 17 13 4 16 5 16 17 15 12 1 9 12 5 17 17 11 11 13 15 17 8 10 8 10 8 7 18 11 16 8 5 4 16 13 15 17 15 17 16 13 17 21 13 5 18 10000 2 17 16 7 20 
18 9 7 7 12 10 18 11 9 10 18 14 4 16 5 17 17 17 13 2 10 14 6 18 18 12 12 14 15 18 10 11 7 9 9 7 19 12 17 6 4 5 15 14 16 19 16 18 17 15 18 22 13 6 18 2 10000 18 16 8 21 
3 13 12 18 8 13 13 16 10 16 1 5 17 9 15 4 8 7 9 18 15 13 13 1 6 8 8 12 13 2 12 11 16 17 10 14 3 7 2 23 18 14 14 11 9 2 3 5 3 9 4 5 11 15 10 17 18 10000 4 11 3 
7 12 10 15 8 14 10 12 7 12 4 3 14 6 13 6 4 10 9 16 15 15 11 4 9 5 5 13 9 3 12 8 13 14 10 11 3 7 4 20 16 12 10 12 5 6 5 2 2 11 7 9 7 15 7 16 16 4 10000 10 6 
10 4 2 10 4 5 15 11 5 11 10 7 8 12 7 9 12 9 5 8 7 8 3 10 10 6 5 8 13 11 4 8 10 12 2 7 12 5 10 14 10 4 14 7 11 11 9 12 9 7 11 14 10 5 14 7 8 11 10 10000 13 
5 15 14 20 10 16 14 17 12 18 4 7 19 10 18 6 8 9 11 20 17 16 15 3 8 10 10 14 14 4 15 13 18 19 13 16 3 9 4 25 21 16 15 13 10 4 6 6 5 11 5 4 12 18 10 20 21 3 6 13 10000 
