40
10
1000	500	0	1000	4783.000000	5007.000000
7	5	3	6	2039.000000	1149.000000
6	5	4	4	7673.000000	3968.000000
8	0	7	7	3541.000000	7903.000000
6	3	0	6	1472.000000	4383.000000
8	6	7	8	1481.000000	2189.000000
8	7	3	7	1534.000000	918.000000
9	3	4	8	8650.000000	836.000000
7	5	3	3	1604.000000	2642.000000
7	7	6	6	312.000000	6355.000000
10	6	0	6	2819.000000	8443.000000
10	2	4	8	2713.000000	9817.000000
9	2	4	9	6190.000000	5999.000000
6	5	5	5	5350.000000	8308.000000
6	2	3	3	2855.000000	9378.000000
8	4	7	7	9946.000000	214.000000
8	7	3	3	6794.000000	8618.000000
7	7	4	4	4083.000000	315.000000
6	6	5	5	5108.000000	7651.000000
8	2	2	4	60.000000	1581.000000
10	2	1	4	5259.000000	293.000000
10	9	6	8	9718.000000	7118.000000
6	6	6	6	8213.000000	1306.000000
9	5	6	6	9832.000000	6388.000000
6	1	6	6	3451.000000	6948.000000
8	3	3	6	315.000000	3637.000000
7	5	7	7	9274.000000	8784.000000
8	6	8	8	8751.000000	5401.000000
8	2	8	8	2236.000000	6084.000000
9	9	3	4	318.000000	4623.000000
8	2	8	8	9559.000000	3953.000000
9	5	4	9	893.000000	135.000000
6	0	0	3	7299.000000	2069.000000
6	5	5	5	9590.000000	6085.000000
9	7	8	8	8753.000000	6761.000000
10	2	0	2	6008.000000	899.000000
7	3	0	4	1835.000000	2540.000000
8	5	7	7	358.000000	8242.000000
6	3	5	5	548.000000	8166.000000
10	3	2	2	217.000000	1904.000000
7	7	3	6	1630.000000	9115.000000
10000 10 7 7 7 9 11 12 8 10 8 11 4 7 10 15 9 10 6 12 10 11 11 11 5 10 12 8 6 9 10 13 8 10 9 9 8 11 11 12 11 
10 10000 13 14 7 3 2 14 4 11 15 18 13 16 17 16 18 5 15 5 7 20 13 19 12 7 22 16 10 8 17 4 11 19 18 8 3 15 15 4 16 
7 13 10000 12 13 13 14 7 13 16 14 16 6 10 15 9 10 11 9 16 9 8 6 7 11 15 11 4 12 15 4 16 4 6 6 7 13 17 17 16 16 
7 14 12 10000 9 13 15 18 12 8 2 5 7 4 4 21 7 16 4 15 16 13 17 13 2 11 12 12 5 10 15 17 14 13 11 15 12 7 7 14 5 
7 7 13 9 10000 5 7 17 4 5 9 12 10 12 11 19 14 10 10 7 12 18 15 18 7 3 18 15 4 3 17 9 13 17 16 12 4 9 8 6 10 
9 3 13 13 5 10000 3 15 1 9 13 16 13 15 15 18 17 7 14 4 9 20 14 19 11 4 21 16 8 6 17 5 12 18 18 10 1 13 13 3 14 
11 2 14 15 7 3 10000 15 4 12 16 18 14 17 18 17 19 6 16 4 8 21 14 20 13 6 23 17 11 8 18 3 12 20 19 9 4 15 15 4 17 
12 14 7 18 17 15 15 10000 15 20 20 22 12 17 21 3 17 10 16 18 7 13 2 12 17 18 16 10 17 19 7 16 4 11 12 6 15 23 22 18 22 
8 4 13 12 4 1 4 15 10000 8 12 15 12 14 14 18 16 7 13 4 9 19 14 19 10 4 20 16 7 5 17 6 12 18 17 10 1 12 12 4 13 
10 11 16 8 5 9 12 20 8 10000 7 9 12 11 8 23 14 15 10 10 16 19 19 20 7 6 19 17 4 4 20 13 17 19 17 16 9 4 4 9 7 
8 15 14 2 9 13 16 20 12 7 10000 3 9 6 2 22 8 17 5 15 18 15 18 15 4 11 13 14 5 10 17 18 16 15 13 17 12 5 5 15 3 
11 18 16 5 12 16 18 22 15 9 3 10000 11 7 1 25 9 20 7 18 20 16 21 16 6 14 14 15 8 12 19 20 19 16 14 20 15 6 6 17 3 
4 13 6 7 10 13 14 12 12 12 9 11 10000 5 10 14 6 13 4 16 12 8 11 8 6 13 9 6 8 13 8 16 9 7 6 11 12 13 13 15 12 
7 16 10 4 12 15 17 17 14 11 6 7 5 10000 6 19 3 17 2 18 17 10 16 10 5 14 8 9 8 13 13 19 14 10 8 15 14 10 10 17 8 
10 17 15 4 11 15 18 21 14 8 2 1 10 6 10000 24 9 19 6 17 19 15 20 16 6 13 13 15 7 11 18 19 18 15 13 19 14 6 6 16 3 
15 16 9 21 19 18 17 3 18 23 22 25 14 19 24 10000 18 12 18 20 10 14 5 13 19 21 18 11 20 22 8 19 7 12 14 8 17 26 25 20 25 
9 18 10 7 14 17 19 17 16 14 8 9 6 3 9 18 10000 18 4 20 17 7 15 8 8 17 5 8 11 16 11 21 14 8 6 16 16 13 13 19 11 
10 5 11 16 10 7 6 10 7 15 17 20 13 17 19 12 18 10000 15 9 3 18 9 17 14 11 20 14 13 12 14 7 8 16 16 5 7 18 18 9 19 
6 15 9 4 10 14 16 16 13 10 5 7 4 2 6 18 4 15 10000 16 15 10 15 10 4 13 9 9 7 12 12 18 12 10 8 14 13 10 10 16 8 
12 5 16 15 7 4 4 18 4 10 15 18 16 18 17 20 20 9 16 10000 11 23 17 22 13 5 24 19 11 7 20 4 15 22 21 12 5 14 14 1 16 
10 7 9 16 12 9 8 7 9 16 18 20 12 17 19 10 17 3 15 11 10000 17 7 16 14 12 19 13 14 14 12 9 6 15 15 2 9 19 19 11 20 
11 20 8 13 18 20 21 13 19 19 15 16 8 10 15 14 7 18 10 23 17 10000 13 2 13 21 4 4 16 20 7 23 12 3 3 15 19 19 19 22 17 
11 13 6 17 15 14 14 2 14 19 18 21 11 16 20 5 15 9 15 17 7 13 10000 11 15 17 16 9 16 18 6 15 3 10 11 5 13 21 21 17 21 
11 19 7 13 18 19 20 12 19 20 15 16 8 10 16 13 8 17 10 22 16 2 11 10000 13 20 5 3 16 20 5 22 11 1 3 14 18 20 19 22 18 
5 12 11 2 7 11 13 17 10 7 4 6 6 5 6 19 8 14 4 13 14 13 15 13 10000 10 13 12 3 8 14 15 13 13 11 14 10 7 7 12 6 
10 7 15 11 3 4 6 18 4 6 11 14 13 14 13 21 17 11 13 5 12 21 17 20 10 10000 21 18 7 2 19 8 15 20 18 13 4 10 10 4 12 
12 22 11 12 18 21 23 16 20 19 13 14 9 8 13 18 5 20 9 24 19 4 16 5 13 21 10000 7 16 20 10 25 14 6 5 18 20 18 18 23 16 
8 16 4 12 15 16 17 10 16 17 14 15 6 9 15 11 8 14 9 19 13 4 9 3 12 18 7 10000 14 17 4 19 8 3 3 11 15 18 18 19 17 
6 10 12 5 4 8 11 17 7 4 5 8 8 8 7 20 11 13 7 11 14 16 16 16 3 7 16 14 10000 5 16 13 13 15 14 13 8 6 6 10 7 
9 8 15 10 3 6 8 19 5 4 10 12 13 13 11 22 16 12 12 7 14 20 18 20 8 2 20 17 5 10000 19 10 15 19 18 14 6 8 8 6 10 
10 17 4 15 17 17 18 7 17 20 17 19 8 13 18 8 11 14 12 20 12 7 6 5 14 19 10 4 16 19 10000 19 6 5 6 10 16 21 20 20 19 
13 4 16 17 9 5 3 16 6 13 18 20 16 19 19 19 21 7 18 4 9 23 15 22 15 8 25 19 13 10 19 10000 14 22 21 11 6 17 17 4 19 
8 11 4 14 13 12 12 4 12 17 16 19 9 14 18 7 14 8 12 15 6 12 3 11 13 15 14 8 13 15 6 14 10000 10 10 4 11 19 19 15 19 
10 19 6 13 17 18 20 11 18 19 15 16 7 10 15 12 8 16 10 22 15 3 10 1 13 20 6 3 15 19 5 22 10 10000 3 13 18 19 19 21 18 
9 18 6 11 16 18 19 12 17 17 13 14 6 8 13 14 6 16 8 21 15 3 11 3 11 18 5 3 14 18 6 21 10 3 10000 13 17 18 17 20 16 
9 8 7 15 12 10 9 6 10 16 17 20 11 15 19 8 16 5 14 12 2 15 5 14 14 13 18 11 13 14 10 11 4 13 13 10000 9 19 19 12 19 
8 3 13 12 4 1 4 15 1 9 12 15 12 14 14 17 16 7 13 5 9 19 13 18 10 4 20 15 8 6 16 6 11 18 17 9 10000 12 12 4 14 
11 15 17 7 9 13 15 23 12 4 5 6 13 10 6 26 13 18 10 14 19 19 21 20 7 10 18 18 6 8 21 17 19 19 18 19 12 10000 1 13 4 
11 15 17 7 8 13 15 22 12 4 5 6 13 10 6 25 13 18 10 14 19 19 21 19 7 10 18 18 6 8 20 17 19 19 17 19 12 1 10000 13 3 
12 4 16 14 6 3 4 18 4 9 15 17 15 17 16 20 19 9 16 1 11 22 17 22 12 4 23 19 10 6 20 4 15 21 20 12 4 13 13 10000 15 
11 16 16 5 10 14 17 22 13 7 3 3 12 8 3 25 11 19 8 16 20 17 21 18 6 12 16 17 7 10 19 19 19 18 16 19 14 4 3 15 10000 
