40
10
1000	500	0	1000	7345.000000	2645.000000
10	9	6	7	1978.000000	1437.000000
10	10	8	10	3741.000000	4998.000000
10	2	9	10	3544.000000	4517.000000
8	6	6	8	1288.000000	2062.000000
10	2	0	0	4751.000000	5981.000000
8	5	8	8	8211.000000	1884.000000
8	0	7	7	8369.000000	7402.000000
9	9	7	8	3758.000000	5915.000000
8	5	3	7	5919.000000	5585.000000
8	7	2	6	1496.000000	405.000000
9	6	7	7	2207.000000	1560.000000
9	7	7	9	4964.000000	183.000000
8	4	4	8	58.000000	7509.000000
8	8	0	8	7578.000000	9393.000000
9	2	9	9	7057.000000	3181.000000
9	8	6	7	4695.000000	7915.000000
7	5	5	7	3144.000000	6780.000000
6	6	0	6	9963.000000	25.000000
7	2	1	7	1106.000000	6319.000000
6	2	4	5	28.000000	4802.000000
7	3	0	7	9855.000000	1309.000000
9	7	1	4	579.000000	1662.000000
9	2	4	7	9142.000000	2513.000000
8	6	6	8	123.000000	2909.000000
8	7	5	7	72.000000	6417.000000
6	5	4	5	4072.000000	8552.000000
6	6	0	0	7280.000000	232.000000
6	1	4	6	5951.000000	7204.000000
8	4	5	7	556.000000	7079.000000
9	3	1	8	3833.000000	2149.000000
8	6	4	8	501.000000	974.000000
7	3	4	7	515.000000	4700.000000
10	9	9	9	1752.000000	6176.000000
9	9	5	9	1719.000000	6667.000000
7	2	5	7	5990.000000	6903.000000
9	9	3	9	183.000000	4726.000000
10	0	7	9	3831.000000	4931.000000
9	6	3	7	3338.000000	637.000000
9	0	9	9	2914.000000	8555.000000
7	0	1	4	6273.000000	718.000000
10000 12 9 9 13 9 3 10 10 7 13 11 7 18 14 2 12 12 8 15 16 6 14 4 15 17 14 5 10 17 8 15 15 14 14 9 15 9 9 15 5 
12 10000 8 7 2 11 13 18 10 12 3 1 7 13 20 11 15 11 17 10 8 16 3 15 5 11 15 11 15 12 4 4 8 10 11 14 8 8 4 15 9 
9 8 10000 2 8 3 11 11 2 5 11 8 10 9 12 8 7 4 16 6 8 15 10 12 9 8 8 12 7 8 6 11 7 5 6 6 8 1 9 8 10 
9 7 2 10000 7 4 11 12 3 6 10 7 10 10 13 8 8 5 16 7 8 15 9 12 8 8 9 12 8 8 5 10 7 5 6 7 7 2 8 9 10 
13 2 8 7 10000 11 14 18 10 12 4 3 9 12 20 12 14 11 18 9 7 18 2 16 3 10 15 13 14 11 6 3 6 9 10 14 6 8 5 14 11 
9 11 3 4 11 10000 11 8 2 3 13 11 12 10 9 8 4 4 16 8 10 14 13 12 12 10 6 13 4 9 8 14 9 7 7 4 10 3 12 7 11 
3 13 11 11 14 11 10000 12 13 9 14 13 8 20 16 4 14 15 6 17 18 4 16 3 17 19 16 4 12 19 9 16 17 16 17 11 18 11 11 18 5 
10 18 11 12 18 8 12 10000 10 7 20 17 16 17 5 9 8 11 16 15 18 13 20 10 19 17 9 15 5 16 14 21 17 14 14 5 18 11 17 12 15 
10 10 2 3 10 2 13 10 10000 5 12 10 12 9 11 9 5 3 18 6 8 16 11 13 10 8 6 14 6 7 8 12 7 5 5 5 8 2 11 6 12 
7 12 5 6 12 3 9 7 5 10000 14 11 11 13 9 6 6 7 14 10 12 12 14 9 13 12 7 12 4 12 9 15 11 9 9 3 12 5 12 9 10 
13 3 11 10 4 13 14 20 12 14 10000 3 7 15 22 13 17 14 17 12 10 17 4 16 6 13 18 12 17 14 6 3 9 12 13 16 10 11 4 17 10 
11 1 8 7 3 11 13 17 10 11 3 10000 7 13 19 11 14 11 16 10 8 16 4 15 5 11 15 11 14 12 4 4 8 10 11 14 8 8 3 15 9 
7 7 10 10 9 12 8 16 12 11 7 7 10000 18 20 8 16 14 11 15 14 11 10 10 12 16 17 5 15 17 5 10 13 14 15 14 14 10 4 18 3 
18 13 9 10 12 10 20 17 9 13 15 13 18 10000 16 17 10 7 25 4 6 24 12 21 10 3 9 21 12 2 14 14 6 5 4 12 6 10 16 7 19 
14 20 12 13 20 9 16 5 11 9 22 19 20 16 10000 13 7 11 20 15 18 17 21 15 20 17 8 19 6 15 17 22 17 14 13 6 18 12 20 10 18 
2 11 8 8 12 8 4 9 9 6 13 11 8 17 13 10000 11 11 9 14 15 7 14 5 14 16 13 6 9 16 7 14 14 13 13 8 15 8 10 14 6 
12 15 7 8 14 4 14 8 5 6 17 14 16 10 7 11 10000 4 19 8 12 17 15 14 14 10 2 17 3 9 12 17 11 7 7 4 12 7 15 4 15 
12 11 4 5 11 4 15 11 3 7 14 11 14 7 11 11 4 10000 20 5 8 18 12 15 10 7 5 16 6 6 10 13 7 4 3 6 8 4 13 4 14 
8 17 16 16 18 16 6 16 18 14 17 16 11 25 20 9 19 20 10000 22 23 3 20 6 21 24 21 6 17 24 13 20 22 21 22 16 22 16 14 23 8 
15 10 6 7 9 8 17 15 6 10 12 10 15 4 15 14 8 5 22 10000 4 21 10 18 8 3 8 18 10 2 10 11 4 2 2 10 4 7 13 6 16 
16 8 8 8 7 10 18 18 8 12 10 8 14 6 18 15 12 8 23 4 10000 21 7 19 4 4 12 18 13 5 10 8 1 5 6 13 1 8 11 10 15 
6 16 15 15 18 14 4 13 16 12 17 16 11 24 17 7 17 18 3 21 21 10000 19 3 20 23 19 6 15 22 13 19 20 19 20 14 21 15 14 21 8 
14 3 10 9 2 13 16 20 11 14 4 4 10 12 21 14 15 12 20 10 7 19 10000 18 3 10 16 14 16 11 7 2 7 10 11 16 7 10 6 15 12 
4 15 12 12 16 12 3 10 13 9 16 15 10 21 15 5 14 15 6 18 19 3 18 10000 19 20 16 6 12 20 11 18 18 17 18 11 19 12 13 18 7 
15 5 9 8 3 12 17 19 10 13 6 5 12 10 20 14 14 10 21 8 4 20 3 19 10000 8 14 16 15 9 8 4 4 8 9 15 4 9 8 13 14 
17 11 8 8 10 10 19 17 8 12 13 11 16 3 17 16 10 7 24 3 4 23 10 20 8 10000 10 19 12 2 12 11 4 4 4 12 4 9 14 8 17 
14 15 8 9 15 6 16 9 6 7 18 15 17 9 8 13 2 5 21 8 12 19 16 16 14 10 10000 18 5 8 13 17 11 7 7 6 11 8 16 3 17 
5 11 12 12 13 13 4 15 14 12 12 11 5 21 19 6 17 16 6 18 18 6 14 6 16 19 18 10000 15 20 8 14 17 17 18 14 17 12 8 19 3 
10 15 7 8 14 4 12 5 6 4 17 14 15 12 6 9 3 6 17 10 13 15 16 12 15 12 5 15 10000 11 11 17 12 9 9 1 13 7 15 7 13 
17 12 8 8 11 9 19 16 7 12 14 12 17 2 15 16 9 6 24 2 5 22 11 20 9 2 8 20 11 10000 12 13 5 3 3 11 5 8 15 6 18 
8 4 6 5 6 8 9 14 8 9 6 4 5 14 17 7 12 10 13 10 10 13 7 11 8 12 13 8 11 12 10000 8 9 10 10 11 9 6 4 13 6 
15 4 11 10 3 14 16 21 12 15 3 4 10 14 22 14 17 13 20 11 8 19 2 18 4 11 17 14 17 13 8 10000 8 11 12 17 8 11 6 16 12 
15 8 7 7 6 9 17 17 7 11 9 8 13 6 17 14 11 7 22 4 1 20 7 18 4 4 11 17 12 5 9 8 10000 4 5 12 1 7 10 10 15 
14 10 5 5 9 7 16 14 5 9 12 10 14 5 14 13 7 4 21 2 5 19 10 17 8 4 7 17 9 3 10 11 4 10000 1 9 5 5 12 6 15 
14 11 6 6 10 7 17 14 5 9 13 11 15 4 13 13 7 3 22 2 6 20 11 18 9 4 7 18 9 3 10 12 5 1 10000 9 5 6 13 5 15 
9 14 6 7 14 4 11 5 5 3 16 14 14 12 6 8 4 6 16 10 13 14 16 11 15 12 6 14 1 11 11 17 12 9 9 10000 13 6 14 7 13 
15 8 8 7 6 10 18 18 8 12 10 8 14 6 18 15 12 8 22 4 1 21 7 19 4 4 11 17 13 5 9 8 1 5 5 13 10000 8 11 10 15 
9 8 1 2 8 3 11 11 2 5 11 8 10 10 12 8 7 4 16 7 8 15 10 12 9 9 8 12 7 8 6 11 7 5 6 6 8 10000 9 8 10 
9 4 9 8 5 12 11 17 11 12 4 3 4 16 20 10 15 13 14 13 11 14 6 13 8 14 16 8 15 15 4 6 10 12 13 14 11 9 10000 16 6 
15 15 8 9 14 7 18 12 6 9 17 15 18 7 10 14 4 4 23 6 10 21 15 18 13 8 3 19 7 6 13 16 10 6 5 7 10 8 16 10000 18 
5 9 10 10 11 11 5 15 12 10 10 9 3 19 18 6 15 14 8 16 15 8 12 7 14 17 17 3 13 18 6 12 15 15 15 13 15 10 6 18 10000 
