50
10
1000	500	0	1000	8162.000000	5033.000000
8	0	3	3	7306.000000	1574.000000
9	3	1	6	2655.000000	6521.000000
10	0	4	5	9221.000000	8397.000000
6	6	5	6	6206.000000	1248.000000
9	8	6	9	6419.000000	2040.000000
7	0	2	5	6130.000000	5395.000000
7	7	1	6	3426.000000	8239.000000
6	6	3	6	5375.000000	7753.000000
6	2	0	2	6055.000000	9362.000000
7	0	1	3	8266.000000	1491.000000
8	0	7	8	2980.000000	1871.000000
8	3	3	7	8813.000000	3950.000000
9	3	0	7	1508.000000	3314.000000
6	3	5	5	2357.000000	7301.000000
9	9	2	5	3101.000000	8583.000000
10	9	10	10	658.000000	4818.000000
8	8	7	8	9070.000000	7544.000000
9	8	6	7	7150.000000	6240.000000
10	1	4	8	525.000000	1017.000000
10	10	5	10	4814.000000	5673.000000
10	7	4	8	1714.000000	5261.000000
8	0	6	7	8294.000000	8513.000000
6	6	3	3	2105.000000	2813.000000
9	4	1	9	9506.000000	2954.000000
6	6	0	1	7838.000000	4759.000000
7	4	6	7	8784.000000	7453.000000
10	5	2	5	1962.000000	9888.000000
9	8	4	8	1476.000000	1648.000000
9	9	2	5	5129.000000	3298.000000
10	1	1	2	1368.000000	4633.000000
7	3	6	7	1038.000000	3504.000000
6	3	5	6	1503.000000	5968.000000
6	4	5	5	261.000000	9761.000000
7	5	5	7	2710.000000	8865.000000
10	0	0	9	2443.000000	2512.000000
6	0	3	3	8486.000000	1559.000000
8	3	0	2	964.000000	9482.000000
8	4	1	3	2929.000000	9503.000000
8	3	7	7	7490.000000	9077.000000
6	5	5	5	6981.000000	7781.000000
6	0	6	6	1132.000000	3397.000000
6	6	5	6	6247.000000	872.000000
6	6	0	1	939.000000	3581.000000
9	6	7	9	8422.000000	6398.000000
7	3	4	5	2798.000000	8300.000000
7	6	6	7	5957.000000	6530.000000
8	4	0	4	1402.000000	9604.000000
9	7	0	7	1316.000000	9287.000000
6	1	5	6	6021.000000	4823.000000
6	4	3	5	4966.000000	9113.000000
10000 8 12 8 9 7 5 12 8 10 8 13 3 14 13 13 16 6 4 18 7 13 7 13 5 1 5 16 15 7 14 15 14 19 14 13 7 17 14 9 6 15 10 15 3 13 6 17 17 5 11 
8 10000 14 15 3 3 8 16 13 16 2 9 6 13 16 17 15 13 10 14 10 14 15 11 6 7 13 20 12 6 14 14 15 22 18 10 3 21 19 16 13 13 3 14 10 17 11 20 20 7 16 
12 14 10000 14 13 12 8 4 6 9 16 10 14 7 2 5 6 13 10 12 5 4 12 8 16 11 13 7 11 9 5 7 3 9 5 9 16 7 6 11 10 7 14 7 12 4 7 7 7 8 7 
8 15 14 10000 16 14 9 12 8 7 14 19 9 19 14 13 19 2 6 23 11 17 2 19 11 8 3 15 21 14 18 20 17 19 14 18 14 17 13 4 5 20 17 20 5 13 8 16 16 10 9 
9 3 13 16 10000 2 9 16 14 17 5 7 8 11 15 16 14 14 11 12 10 13 16 9 8 8 14 20 10 5 12 12 14 21 17 8 5 20 18 16 14 12 1 12 12 16 11 20 19 8 16 
7 3 12 14 2 10000 7 14 12 15 4 7 7 11 14 15 13 13 9 12 8 12 14 9 7 7 12 19 10 4 12 12 13 20 16 9 5 19 17 15 12 11 3 12 10 15 10 19 18 6 15 
5 8 8 9 9 7 10000 8 5 8 9 10 7 11 9 9 12 8 3 15 3 9 8 10 9 4 7 13 12 5 10 11 10 15 10 10 10 14 11 8 6 11 10 11 6 9 3 13 13 2 8 
12 16 4 12 16 14 8 10000 5 6 17 13 14 11 3 1 9 12 9 16 6 7 10 12 17 12 11 5 14 11 9 11 6 8 2 12 17 6 3 9 8 11 16 11 11 2 7 5 5 9 4 
8 13 6 8 14 12 5 5 10000 4 14 13 11 12 7 5 12 8 5 17 5 9 7 12 13 8 7 9 15 9 11 13 9 11 6 13 14 10 7 5 4 13 14 13 7 6 3 9 9 7 3 
10 16 9 7 17 15 8 6 4 10000 17 17 13 16 9 7 15 8 7 21 8 12 5 16 15 10 7 9 18 13 14 16 12 12 7 16 17 11 7 3 4 16 17 16 8 7 6 10 10 10 3 
8 2 16 14 5 4 9 17 14 17 10000 11 6 14 17 18 17 13 10 16 11 16 15 13 4 7 12 22 14 8 16 16 17 24 19 12 1 22 20 16 13 15 5 16 10 18 12 22 21 9 17 
13 9 10 19 7 7 10 13 13 17 11 10000 13 5 11 14 8 17 13 6 9 8 18 3 14 12 17 17 4 6 7 6 9 17 14 2 12 16 16 18 15 5 7 6 15 13 12 16 16 9 16 
3 6 14 9 8 7 7 14 11 13 6 13 10000 15 15 15 17 8 6 18 9 15 10 14 3 3 8 19 16 8 15 16 16 21 16 14 5 20 17 11 9 16 9 16 5 15 8 19 19 6 13 
14 13 7 19 11 11 11 11 12 16 14 5 15 10000 9 12 4 18 13 5 9 4 18 2 17 13 17 14 4 8 3 2 6 14 12 3 15 13 13 17 15 1 11 2 16 11 11 13 12 10 14 
13 16 2 14 15 14 9 3 7 9 17 11 15 9 10000 3 7 14 10 14 6 5 13 9 17 13 13 6 12 10 6 9 4 7 4 10 17 6 5 11 10 9 16 8 13 3 8 5 5 9 7 
13 17 5 13 16 15 9 1 5 7 18 14 15 12 3 10000 9 13 10 16 7 8 11 12 18 13 12 4 15 12 9 11 7 7 1 13 18 5 2 9 8 12 17 11 12 1 8 4 4 10 4 
16 15 6 19 14 13 12 9 12 15 17 8 17 4 7 9 10000 18 14 8 9 3 17 5 19 15 18 11 7 10 2 3 3 10 10 6 17 10 11 17 14 3 14 3 16 9 12 10 10 11 13 
6 13 13 2 14 13 8 12 8 8 13 17 8 18 14 13 18 10000 5 22 10 16 3 17 10 7 1 15 20 12 17 18 16 19 13 17 13 17 13 5 5 18 15 19 3 13 7 16 16 9 9 
4 10 10 6 11 9 3 9 5 7 10 13 6 13 10 10 14 5 10000 17 5 12 6 13 9 4 5 13 15 8 13 14 12 16 11 13 10 14 11 6 4 14 11 14 3 10 3 14 14 4 8 
18 14 12 23 12 12 15 16 17 21 16 6 18 5 14 16 8 22 17 10000 13 9 22 5 19 17 21 18 3 11 8 6 11 18 17 5 16 17 18 22 19 5 12 6 20 16 16 18 17 14 19 
7 10 5 11 10 8 3 6 5 8 11 9 9 9 6 7 9 10 5 13 10000 7 9 8 11 7 9 11 11 5 8 9 7 13 8 8 12 11 9 9 7 9 11 9 8 7 3 11 11 3 7 
13 14 4 17 13 12 9 7 9 12 16 8 15 4 5 8 3 16 12 9 7 10000 15 5 17 13 15 10 8 8 2 4 2 10 8 6 16 9 9 14 12 4 13 4 14 7 9 9 9 9 11 
7 15 12 2 16 14 8 10 7 5 15 18 10 18 13 11 17 3 6 22 9 15 10000 17 12 8 3 13 20 13 16 18 15 17 12 17 14 15 11 2 4 18 16 18 5 12 7 14 15 9 7 
13 11 8 19 9 9 10 12 12 16 13 3 14 2 9 12 5 17 13 5 8 5 17 10000 15 13 17 15 3 7 4 3 7 15 13 1 14 14 14 17 14 3 10 3 15 12 11 14 14 9 14 
5 6 16 11 8 7 9 17 13 15 4 14 3 17 17 18 19 10 9 19 11 17 12 15 10000 5 10 21 17 9 17 17 18 23 19 15 4 22 19 13 11 17 8 18 8 18 11 21 21 8 16 
1 7 11 8 8 7 4 12 8 10 7 12 3 13 13 13 15 7 4 17 7 13 8 13 5 10000 6 16 15 7 13 14 13 19 14 12 7 17 14 9 7 14 9 14 4 13 6 17 16 4 11 
5 13 13 3 14 12 7 11 7 7 12 17 8 17 13 12 18 1 5 21 9 15 3 17 10 6 10000 15 19 12 16 18 15 18 13 17 12 17 13 5 4 18 15 18 3 13 6 16 16 8 9 
16 20 7 15 20 19 13 5 9 9 22 17 19 14 6 4 11 15 13 18 11 10 13 15 21 16 15 10000 17 15 11 13 8 4 3 15 22 3 3 12 11 14 20 13 15 4 11 2 2 13 7 
15 12 11 21 10 10 12 14 15 18 14 4 16 4 12 15 7 20 15 3 11 8 20 3 17 15 19 17 10000 9 6 4 9 17 15 3 15 16 16 20 17 4 10 5 17 14 14 16 16 12 17 
7 6 9 14 5 4 5 11 9 13 8 6 8 8 10 12 10 12 8 11 5 8 13 7 9 7 12 15 9 10000 8 9 10 17 13 6 8 15 14 13 10 8 6 9 10 12 7 15 15 4 12 
14 14 5 18 12 12 10 9 11 14 16 7 15 3 6 9 2 17 13 8 8 2 16 4 17 13 16 11 6 8 10000 3 3 11 9 5 16 10 11 16 13 3 13 3 15 8 10 10 10 10 12 
15 14 7 20 12 12 11 11 13 16 16 6 16 2 9 11 3 18 14 6 9 4 18 3 17 14 18 13 4 9 3 10000 6 13 12 4 16 12 13 18 15 1 12 1 16 11 12 13 12 11 14 
14 15 3 17 14 13 10 6 9 12 17 9 16 6 4 7 3 16 12 11 7 2 15 7 18 13 15 8 9 10 3 6 10000 8 7 8 17 8 8 14 12 6 14 5 14 6 9 8 7 10 10 
19 22 9 19 21 20 15 8 11 12 24 17 21 14 7 7 10 19 16 18 13 10 17 15 23 19 18 4 17 17 11 13 8 10000 6 16 24 2 6 15 15 13 22 13 18 6 14 3 3 16 10 
14 18 5 14 17 16 10 2 6 7 19 14 16 12 4 1 10 13 11 17 8 8 12 13 19 14 13 3 15 13 9 12 7 6 10000 13 19 4 2 10 9 12 18 12 13 2 8 4 3 11 5 
13 10 9 18 8 9 10 12 13 16 12 2 14 3 10 13 6 17 13 5 8 6 17 1 15 12 17 15 3 6 5 4 8 16 13 10000 13 15 15 17 14 4 9 4 15 12 11 15 14 9 15 
7 3 16 14 5 5 10 17 14 17 1 12 5 15 17 18 17 13 10 16 12 16 14 14 4 7 12 22 15 8 16 16 17 24 19 13 10000 22 20 16 13 16 5 16 10 18 12 22 22 9 17 
17 21 7 17 20 19 14 6 10 11 22 16 20 13 6 5 10 17 14 17 11 9 15 14 22 17 17 3 16 15 10 12 8 2 4 15 22 10000 4 14 13 13 21 12 17 5 12 1 1 14 9 
14 19 6 13 18 17 11 3 7 7 20 16 17 13 5 2 11 13 11 18 9 9 11 14 19 14 13 3 16 14 11 13 8 6 2 15 20 4 10000 10 9 13 19 13 13 3 9 4 4 12 5 
9 16 11 4 16 15 8 9 5 3 16 18 11 17 11 9 17 5 6 22 9 14 2 17 13 9 5 12 20 13 16 18 14 15 10 17 16 14 10 10000 3 18 17 18 6 10 6 13 13 10 6 
6 13 10 5 14 12 6 8 4 4 13 15 9 15 10 8 14 5 4 19 7 12 4 14 11 7 4 11 17 10 13 15 12 15 9 14 13 13 9 3 10000 15 14 15 4 9 4 12 12 7 5 
15 13 7 20 12 11 11 11 13 16 15 5 16 1 9 12 3 18 14 5 9 4 18 3 17 14 18 14 4 8 3 1 6 13 12 4 16 13 13 18 15 10000 12 1 16 11 12 13 12 11 14 
10 3 14 17 1 3 10 16 14 17 5 7 9 11 16 17 14 15 11 12 11 13 16 10 8 9 15 20 10 6 13 12 14 22 18 9 5 21 19 17 14 12 10000 12 12 17 12 20 20 8 17 
15 14 7 20 12 12 11 11 13 16 16 6 16 2 8 11 3 19 14 6 9 4 18 3 18 14 18 13 5 9 3 1 5 13 12 4 16 12 13 18 15 1 12 10000 16 11 12 13 12 11 14 
3 10 12 5 12 10 6 11 7 8 10 15 5 16 13 12 16 3 3 20 8 14 5 15 8 4 3 15 17 10 15 16 14 18 13 15 10 17 13 6 4 16 12 16 10000 12 5 16 16 6 9 
13 17 4 13 16 15 9 2 6 7 18 13 15 11 3 1 9 13 10 16 7 7 12 12 18 13 13 4 14 12 8 11 6 6 2 12 18 5 3 10 9 11 17 11 12 10000 8 4 4 10 5 
6 11 7 8 11 10 3 7 3 6 12 12 8 11 8 8 12 7 3 16 3 9 7 11 11 6 6 11 14 7 10 12 9 14 8 11 12 12 9 6 4 12 12 12 5 8 10000 11 11 4 6 
17 20 7 16 20 19 13 5 9 10 22 16 19 13 5 4 10 16 14 18 11 9 14 14 21 17 16 2 16 15 10 13 8 3 4 15 22 1 4 13 12 13 20 13 16 4 11 10000 1 14 8 
17 20 7 16 19 18 13 5 9 10 21 16 19 12 5 4 10 16 14 17 11 9 15 14 21 16 16 2 16 15 10 12 7 3 3 14 22 1 4 13 12 12 20 12 16 4 11 1 10000 13 8 
5 7 8 10 8 6 2 9 7 10 9 9 6 10 9 10 11 9 4 14 3 9 9 9 8 4 8 13 12 4 10 11 10 16 11 9 9 14 12 10 7 11 8 11 6 10 4 14 13 10000 9 
11 16 7 9 16 15 8 4 3 3 17 16 13 14 7 4 13 9 8 19 7 11 7 14 16 11 9 7 17 12 12 14 10 10 5 15 17 9 5 6 5 14 17 14 9 5 6 8 8 9 10000 
