60
10
1000	500	0	1000	378.000000	2304.000000
7	1	6	6	7250.000000	3375.000000
7	6	7	7	5937.000000	4407.000000
9	7	3	9	1045.000000	861.000000
8	4	7	7	9923.000000	1149.000000
6	4	6	6	8103.000000	3481.000000
9	3	6	9	4402.000000	9309.000000
7	6	2	4	7630.000000	717.000000
8	2	2	2	3872.000000	4888.000000
9	4	4	8	7010.000000	3619.000000
8	4	3	5	4732.000000	238.000000
6	3	6	6	681.000000	7784.000000
10	8	0	4	5773.000000	6936.000000
7	0	7	7	7742.000000	1475.000000
8	5	1	1	450.000000	61.000000
6	4	6	6	7880.000000	6148.000000
7	6	0	6	7524.000000	4422.000000
10	5	10	10	1492.000000	2542.000000
10	9	5	5	8106.000000	284.000000
8	5	7	7	4660.000000	8161.000000
8	3	3	4	8205.000000	8528.000000
6	5	5	5	2460.000000	3117.000000
9	3	9	9	1870.000000	5554.000000
8	3	3	3	4310.000000	982.000000
10	8	0	8	3798.000000	3379.000000
8	4	3	5	4571.000000	3160.000000
8	7	0	7	1377.000000	2487.000000
8	7	3	4	5125.000000	3813.000000
6	2	6	6	5916.000000	9047.000000
10	7	2	6	781.000000	892.000000
7	6	2	2	5572.000000	9597.000000
7	7	6	6	9756.000000	4977.000000
9	9	5	8	8653.000000	1397.000000
9	5	8	9	2456.000000	1489.000000
8	1	7	8	5982.000000	4308.000000
9	5	0	0	3964.000000	8403.000000
6	6	2	3	4853.000000	1574.000000
6	1	1	6	3049.000000	524.000000
9	5	7	9	458.000000	1080.000000
8	1	7	8	2457.000000	4434.000000
7	5	1	4	4574.000000	2989.000000
8	3	6	7	2254.000000	5319.000000
10	3	1	8	7400.000000	7674.000000
6	3	6	6	5839.000000	7907.000000
9	1	7	9	5071.000000	3455.000000
6	3	0	3	644.000000	8691.000000
8	6	0	2	459.000000	1044.000000
6	2	0	0	4627.000000	8213.000000
8	1	1	8	4680.000000	6964.000000
10	10	2	4	7130.000000	6388.000000
6	6	2	4	951.000000	2220.000000
6	0	0	5	6108.000000	38.000000
10	10	2	3	6534.000000	2950.000000
6	6	6	6	1138.000000	4553.000000
8	7	5	5	6927.000000	3797.000000
8	3	4	6	2072.000000	9912.000000
10	6	9	9	5102.000000	7964.000000
10	9	1	1	1040.000000	872.000000
7	0	1	6	3129.000000	240.000000
8	1	8	8	6627.000000	5783.000000
10	9	8	8	7036.000000	9716.000000
10000 14 12 4 20 16 17 15 9 14 10 11 15 15 5 17 15 3 16 15 21 5 8 9 8 9 3 10 18 3 18 20 17 5 12 15 10 7 3 6 9 8 18 16 10 13 3 15 13 16 2 13 13 5 14 16 15 4 7 15 20 
14 10000 4 14 7 2 14 6 8 1 9 16 8 4 16 6 3 12 7 11 11 10 12 8 7 6 12 5 12 14 13 6 5 11 4 13 6 11 15 10 6 11 9 10 5 17 15 12 9 7 13 8 2 13 2 17 11 14 11 5 13 
12 4 10000 13 11 5 11 9 5 3 9 13 6 7 14 6 4 10 10 8 10 8 9 8 5 4 10 3 10 13 11 8 9 10 1 9 7 10 13 7 4 8 8 8 3 14 13 9 6 5 11 9 4 10 3 14 8 13 11 4 11 
4 14 13 10000 18 16 19 14 10 14 8 14 16 14 2 18 15 4 15 17 21 6 10 7 8 9 4 11 20 1 20 20 16 4 13 17 8 5 2 8 9 10 19 18 10 16 2 17 15 17 3 11 12 8 14 19 17 1 5 15 22 
20 7 11 18 10000 6 20 5 15 8 11 23 15 5 20 11 9 18 5 18 16 16 19 12 14 12 18 11 18 19 20 8 3 15 11 19 11 14 19 17 12 18 14 16 11 24 19 18 16 12 19 8 8 19 8 24 17 18 14 12 19 
16 2 5 16 6 10000 14 6 9 3 10 18 9 5 17 6 3 14 7 12 11 12 14 10 9 8 14 6 12 16 14 5 5 12 5 13 8 12 17 12 8 13 9 10 7 19 17 12 10 7 15 8 4 15 3 18 11 16 12 6 13 
17 14 11 19 20 14 10000 19 9 13 19 9 6 18 21 10 12 15 20 3 8 13 10 17 12 13 15 12 4 19 3 14 18 17 11 3 16 18 19 11 13 10 7 5 12 8 19 3 5 8 16 19 14 12 13 5 4 19 19 9 6 
15 6 9 14 5 6 19 10000 12 6 6 20 13 2 15 11 8 13 2 17 16 12 16 7 10 8 13 8 18 14 19 10 3 11 8 18 6 10 15 13 8 15 14 15 8 22 15 17 14 12 14 4 5 16 7 22 16 14 10 11 19 
9 8 5 10 15 9 9 12 10000 7 10 9 6 11 12 9 8 7 13 7 12 5 5 8 4 4 7 4 10 11 11 12 12 8 5 8 7 9 11 3 5 4 9 8 4 10 11 7 5 8 8 11 7 6 7 11 7 10 10 6 12 
14 1 3 14 8 3 13 6 7 10000 9 16 8 5 15 6 2 12 8 11 11 10 11 8 7 5 12 4 12 14 13 7 6 11 3 12 6 11 15 10 6 11 9 9 4 17 15 11 9 6 13 8 2 12 1 16 10 14 11 5 13 
10 9 9 8 11 10 19 6 10 9 10000 18 14 7 9 14 11 8 7 16 18 8 13 2 7 6 9 8 18 9 19 14 9 6 9 17 3 4 9 10 6 12 16 16 7 19 9 16 14 14 9 3 7 12 9 21 16 8 4 12 20 
11 16 13 14 23 18 9 20 9 16 18 10000 11 19 16 15 16 11 22 8 16 10 6 16 11 13 11 12 11 14 11 19 21 14 13 7 15 16 14 8 13 6 14 11 13 2 14 8 9 14 12 19 16 7 15 6 9 14 16 13 14 
15 8 6 16 15 9 6 13 6 8 14 11 10000 12 18 5 7 13 15 4 6 11 9 13 9 8 13 7 5 16 6 9 13 13 6 5 11 14 16 9 9 8 4 2 8 11 16 4 3 3 14 14 9 11 7 10 3 16 15 3 7 
15 4 7 14 5 5 18 2 11 5 7 19 12 10000 15 10 6 13 3 15 15 12 15 7 9 8 13 8 16 14 17 9 2 11 7 16 6 10 15 13 8 14 13 14 7 21 15 15 13 10 14 5 4 15 5 21 15 14 10 9 17 
5 16 14 2 20 17 21 15 12 15 9 16 18 15 10000 20 17 6 16 19 23 8 12 8 10 11 6 12 22 2 22 22 17 5 14 19 10 6 3 10 11 12 21 20 12 18 2 19 17 19 5 12 14 10 15 20 19 3 6 17 24 
17 6 6 18 11 6 10 11 9 6 14 15 5 10 20 10000 4 15 12 8 5 13 13 13 10 9 15 8 8 18 9 5 10 15 6 10 11 15 18 12 10 12 4 6 8 16 19 8 7 2 16 13 7 14 6 14 7 18 16 3 8 
15 3 4 15 9 3 12 8 8 2 11 16 7 6 17 4 10000 13 9 10 9 11 12 10 8 7 13 5 10 16 12 5 7 12 4 11 8 12 16 11 7 11 7 8 6 17 16 10 8 5 14 10 4 13 2 16 9 15 13 4 11 
3 12 10 4 18 14 15 13 7 12 8 11 13 13 6 15 13 10000 14 13 18 3 7 7 5 7 1 8 16 4 17 18 15 3 10 13 7 6 4 5 7 6 16 14 8 13 4 13 11 14 2 11 11 5 12 15 14 4 6 13 19 
16 7 10 15 5 7 20 2 13 8 7 22 15 3 16 12 9 14 10000 18 17 13 17 8 11 10 15 10 19 15 20 10 3 12 10 19 7 11 16 15 9 16 15 16 9 23 16 18 16 13 15 5 7 17 8 23 17 15 10 12 19 
15 11 8 17 18 12 3 17 7 11 16 8 4 15 19 8 10 13 18 10000 8 12 8 15 10 11 14 9 4 17 4 13 16 15 9 2 14 16 17 9 11 8 6 3 10 9 17 1 3 7 15 17 12 11 10 7 1 17 17 7 6 
21 11 10 21 16 11 8 16 12 11 18 16 6 15 23 5 9 18 17 8 10000 16 14 17 14 13 19 12 5 22 6 8 15 19 10 9 16 20 22 15 14 14 3 5 12 16 22 8 8 5 20 18 12 17 10 13 7 21 20 7 4 
5 10 8 6 16 12 13 12 5 10 8 10 11 12 8 13 11 3 13 12 16 10000 6 6 3 5 3 6 14 6 15 16 13 4 8 11 6 6 6 3 5 5 14 12 6 12 6 12 9 12 4 10 9 4 10 14 12 6 6 10 17 
8 12 9 10 19 14 10 16 5 11 13 6 9 15 12 13 12 7 17 8 14 6 10000 11 6 8 7 8 11 10 11 16 16 9 9 8 10 11 10 3 8 1 12 10 8 7 10 8 7 11 7 14 11 3 11 9 9 10 11 10 14 
9 8 8 7 12 10 17 7 8 8 2 16 13 7 8 13 10 7 8 15 17 6 11 10000 5 5 7 6 17 8 18 14 9 4 8 15 2 3 8 8 5 10 15 15 6 18 8 15 12 13 8 5 6 10 8 19 15 7 3 11 19 
8 7 5 8 14 9 12 10 4 7 7 11 9 9 10 10 8 5 11 10 14 3 6 5 10000 2 6 3 13 8 13 13 11 5 5 11 5 6 9 4 2 5 12 10 3 13 9 10 8 9 7 9 6 6 7 14 10 8 7 8 15 
9 6 4 9 12 8 13 8 4 5 6 13 8 8 11 9 7 7 10 11 13 5 8 5 2 10000 7 2 13 9 14 11 9 6 4 11 4 7 10 5 1 7 11 10 2 14 10 11 8 9 8 7 4 8 5 15 10 9 7 7 15 
3 12 10 4 18 14 15 13 7 12 9 11 13 13 6 15 13 1 15 14 19 3 7 7 6 7 10000 8 16 4 17 18 15 3 10 13 8 6 4 5 7 6 16 15 8 13 4 14 12 14 2 11 11 5 12 15 14 4 6 13 19 
10 5 3 11 11 6 12 8 4 4 8 12 7 8 12 8 5 8 10 9 12 6 8 6 3 2 8 10000 11 11 12 10 9 8 2 10 5 8 11 6 2 7 9 9 1 14 11 9 7 7 9 8 4 9 4 14 9 11 9 5 13 
18 12 10 20 18 12 4 18 10 12 18 11 5 16 22 8 10 16 19 4 5 14 11 17 13 13 16 11 10000 20 2 12 17 17 10 5 16 18 20 12 13 11 5 3 12 11 20 4 5 6 17 19 13 14 11 8 3 20 19 7 3 
3 14 13 1 19 16 19 14 11 14 9 14 16 14 2 18 16 4 15 17 22 6 10 8 8 9 4 11 20 10000 20 20 16 4 13 17 9 5 1 8 9 10 19 18 10 16 1 17 15 17 3 11 13 8 14 19 17 1 5 16 22 
18 13 11 20 20 14 3 19 11 13 19 11 6 17 22 9 12 17 20 4 6 15 11 18 13 14 17 12 2 20 10000 13 18 18 11 5 17 19 20 13 14 11 6 4 13 11 20 4 6 8 18 20 14 14 12 8 4 20 20 8 3 
20 6 8 20 8 5 14 10 12 7 14 19 9 9 22 5 5 18 10 13 8 16 16 14 13 11 18 10 12 20 13 10000 8 17 8 14 12 17 21 15 12 16 8 10 10 20 21 13 11 6 19 13 8 18 7 19 12 20 17 7 11 
17 5 9 16 3 5 18 3 12 6 9 21 13 2 17 10 7 15 3 16 15 13 16 9 11 9 15 9 17 16 18 8 10000 13 8 17 8 12 17 14 9 16 13 15 9 22 17 16 14 11 16 6 6 17 6 22 15 16 12 10 17 
5 11 10 4 15 12 17 11 8 11 6 14 13 11 5 15 12 3 12 15 19 4 9 4 5 6 3 8 17 4 18 17 13 10000 10 15 5 3 5 6 6 8 16 15 7 15 5 15 12 14 4 8 9 7 11 17 14 4 3 12 19 
12 4 1 13 11 5 11 8 5 3 9 13 6 7 14 6 4 10 10 9 10 8 9 8 5 4 10 2 10 13 11 8 8 10 10000 10 6 10 13 8 4 8 8 8 3 14 13 9 6 5 11 9 3 10 3 14 8 13 10 4 12 
15 13 9 17 19 13 3 18 8 12 17 7 5 16 19 10 11 13 19 2 9 11 8 15 11 11 13 10 5 17 5 14 17 15 10 10000 14 16 17 9 11 8 8 4 11 7 17 2 4 8 14 18 13 10 11 5 3 17 17 8 7 
10 6 7 8 11 8 16 6 7 6 3 15 11 6 10 11 8 7 7 14 16 6 10 2 5 4 8 5 16 9 17 12 8 5 6 14 10000 5 9 8 3 10 14 13 4 17 9 14 11 11 8 4 5 10 7 18 13 8 5 10 17 
7 11 10 5 14 12 18 10 9 11 4 16 14 10 6 15 12 6 11 16 20 6 11 3 6 7 6 8 18 5 19 17 12 3 10 16 5 10000 6 8 6 10 17 16 8 18 6 16 14 15 6 7 9 9 11 19 16 5 1 13 21 
3 15 13 2 19 17 19 15 11 15 9 14 16 15 3 18 16 4 16 17 22 6 10 8 9 10 4 11 20 1 20 21 17 5 13 17 9 6 10000 8 10 10 20 18 11 16 1 17 15 18 3 12 13 8 15 18 17 2 6 16 22 
6 10 7 8 17 12 11 13 3 10 10 8 9 13 10 12 11 5 15 9 15 3 3 8 4 5 5 6 12 8 13 15 14 6 8 9 8 8 8 10000 6 2 12 10 6 10 8 9 7 11 6 12 9 3 10 11 9 8 9 9 14 
9 6 4 9 12 8 13 8 5 6 6 13 9 8 11 10 7 7 9 11 14 5 8 5 2 1 7 2 13 9 14 12 9 6 4 11 3 6 10 6 10000 7 11 11 2 14 10 11 8 9 8 7 4 8 5 15 11 9 7 7 15 
8 11 8 10 18 13 10 15 4 11 12 6 8 14 12 12 11 6 16 8 14 5 1 10 5 7 6 7 11 10 11 16 16 8 8 8 10 10 10 2 7 10000 12 9 7 8 10 8 6 10 7 14 10 3 10 10 8 10 11 9 13 
18 9 8 19 14 9 7 14 9 9 16 14 4 13 21 4 7 16 15 6 3 14 12 15 12 11 16 9 5 19 6 8 13 16 8 8 14 17 20 12 11 12 10000 4 10 14 20 6 6 3 17 16 10 14 8 12 5 19 18 5 5 
16 10 8 18 16 10 5 15 8 9 16 11 2 14 20 6 8 14 16 3 5 12 10 15 10 10 15 9 3 18 4 10 15 15 8 4 13 16 18 10 11 9 4 10000 10 11 18 3 3 4 15 16 11 12 9 9 2 18 17 5 5 
10 5 3 10 11 7 12 8 4 4 7 13 8 7 12 8 6 8 9 10 12 6 8 6 3 2 8 1 12 10 13 10 9 7 3 11 4 8 11 6 2 7 10 10 10000 14 11 10 8 8 9 8 4 9 4 15 10 10 8 6 14 
13 17 14 16 24 19 8 22 10 17 19 2 11 21 18 16 17 13 23 9 16 12 7 18 13 14 13 14 11 16 11 20 22 15 14 7 17 18 16 10 14 8 14 11 14 10000 16 9 9 14 13 21 17 9 16 4 10 16 18 14 13 
3 15 13 2 19 17 19 15 11 15 9 14 16 15 2 19 16 4 16 17 22 6 10 8 9 10 4 11 20 1 20 21 17 5 13 17 9 6 1 8 10 10 20 18 11 16 10000 17 15 18 3 12 13 8 15 19 17 2 6 16 22 
15 12 9 17 18 12 3 17 7 11 16 8 4 15 19 8 10 13 18 1 8 12 8 15 10 11 14 9 4 17 4 13 16 15 9 2 14 16 17 9 11 8 6 3 10 9 17 10000 3 7 15 17 12 11 10 7 2 17 17 7 6 
13 9 6 15 16 10 5 14 5 9 14 9 3 13 17 7 8 11 16 3 8 9 7 12 8 8 12 7 5 15 6 11 14 12 6 4 11 14 15 7 8 6 6 3 8 9 15 3 10000 6 13 15 9 9 8 8 3 15 14 5 8 
16 7 5 17 12 7 8 12 8 6 14 14 3 10 19 2 5 14 13 7 5 12 11 13 9 9 14 7 6 17 8 6 11 14 5 8 11 15 18 11 9 10 3 4 8 14 18 7 6 10000 15 13 7 13 6 13 6 17 15 2 7 
2 13 11 3 19 15 16 14 8 13 9 12 14 14 5 16 14 2 15 15 20 4 7 8 7 8 2 9 17 3 18 19 16 4 11 14 8 6 3 6 8 7 17 15 9 13 3 15 13 15 10000 12 12 5 13 16 15 3 6 14 20 
13 8 9 11 8 8 19 4 11 8 3 19 14 5 12 13 10 11 5 17 18 10 14 5 9 7 11 8 19 11 20 13 6 8 9 18 4 7 12 12 7 14 16 16 8 21 12 17 15 13 12 10000 6 14 8 22 16 11 6 12 20 
13 2 4 12 8 4 14 5 7 2 7 16 9 4 14 7 4 11 7 12 12 9 11 6 6 4 11 4 13 13 14 8 6 9 3 13 5 9 13 9 4 10 10 11 4 17 13 12 9 7 12 6 10000 12 2 17 11 12 9 6 14 
5 13 10 8 19 15 12 16 6 12 12 7 11 15 10 14 13 5 17 11 17 4 3 10 6 8 5 9 14 8 14 18 17 7 10 10 10 9 8 3 8 3 14 12 9 9 8 11 9 13 5 14 12 10000 12 11 11 8 10 12 16 
14 2 3 14 8 3 13 7 7 1 9 15 7 5 15 6 2 12 8 10 10 10 11 8 7 5 12 4 11 14 12 7 6 11 3 11 7 11 15 10 5 10 8 9 4 16 15 10 8 6 13 8 2 12 10000 16 10 14 11 5 12 
16 17 14 19 24 18 5 22 11 16 21 6 10 21 20 14 16 15 23 7 13 14 9 19 14 15 15 14 8 19 8 19 22 17 14 5 18 19 18 11 15 10 12 9 15 4 19 7 8 13 16 22 17 11 16 10000 8 19 20 13 10 
15 11 8 17 17 11 4 16 7 10 16 9 3 15 19 7 9 14 17 1 7 12 9 15 10 10 14 9 3 17 4 12 15 14 8 3 13 16 17 9 11 8 5 2 10 10 17 2 3 6 15 16 11 11 10 8 10000 17 16 6 6 
4 14 13 1 18 16 19 14 10 14 8 14 16 14 3 18 15 4 15 17 21 6 10 7 8 9 4 11 20 1 20 20 16 4 13 17 8 5 2 8 9 10 19 18 10 16 2 17 15 17 3 11 12 8 14 19 17 10000 5 15 22 
7 11 11 5 14 12 19 10 10 11 4 16 15 10 6 16 13 6 10 17 20 6 11 3 7 7 6 9 19 5 20 17 12 3 10 17 5 1 6 9 7 11 18 17 8 18 6 17 14 15 6 6 9 10 11 20 16 5 10000 14 21 
15 5 4 15 12 6 9 11 6 5 12 13 3 9 17 3 4 13 12 7 7 10 10 11 8 7 13 5 7 16 8 7 10 12 4 8 10 13 16 9 7 9 5 5 6 14 16 7 5 2 14 12 6 12 5 13 6 15 14 10000 8 
20 13 11 22 19 13 6 19 12 13 20 14 7 17 24 8 11 19 19 6 4 17 14 19 15 15 19 13 3 22 3 11 17 19 12 7 17 21 22 14 15 13 5 5 14 13 22 6 8 7 20 20 14 16 12 10 6 22 21 8 10000 
