40
10
1000	500	0	1000	9189.000000	48.000000
10	10	1	2	818.000000	7736.000000
10	5	5	8	7852.000000	7970.000000
9	9	8	9	8915.000000	892.000000
6	3	4	4	3531.000000	8556.000000
10	2	5	8	608.000000	6069.000000
10	9	8	9	1173.000000	6007.000000
7	6	1	7	6383.000000	4865.000000
8	8	7	8	425.000000	9962.000000
8	2	2	3	6917.000000	1808.000000
10	4	9	10	5477.000000	1970.000000
8	8	5	6	8796.000000	6615.000000
7	7	5	5	4082.000000	7864.000000
10	3	3	8	9172.000000	6223.000000
6	1	0	6	6607.000000	2135.000000
7	4	7	7	5231.000000	5821.000000
6	1	3	4	4292.000000	464.000000
8	3	5	7	1128.000000	628.000000
6	3	4	5	745.000000	3755.000000
6	3	3	3	3379.000000	4255.000000
6	5	5	6	7164.000000	6625.000000
6	6	2	3	9500.000000	8156.000000
7	7	7	7	1872.000000	6892.000000
8	6	5	7	3625.000000	3111.000000
7	7	6	6	6145.000000	710.000000
6	2	0	6	4561.000000	5990.000000
9	6	5	6	2921.000000	552.000000
7	2	3	3	8290.000000	5688.000000
7	5	7	7	5419.000000	20.000000
9	2	7	8	1436.000000	4689.000000
7	5	1	4	7613.000000	1008.000000
6	3	0	1	3908.000000	5681.000000
8	4	1	3	7411.000000	3995.000000
7	0	6	7	9958.000000	2019.000000
7	1	7	7	5324.000000	6769.000000
10	2	5	8	5900.000000	2526.000000
8	5	5	5	6090.000000	1541.000000
9	1	3	8	316.000000	4939.000000
10	5	3	3	6650.000000	1679.000000
6	5	5	6	1797.000000	5114.000000
9	1	0	0	9890.000000	1202.000000
10000 23 17 2 21 21 20 12 27 6 9 14 19 13 7 14 10 17 19 15 14 17 21 13 7 16 13 12 8 19 4 16 9 5 16 9 7 21 7 18 3 
23 10000 15 22 6 4 4 13 5 18 15 17 7 17 17 10 17 15 8 9 13 18 3 11 18 9 15 16 18 7 20 8 16 22 10 15 17 6 17 6 23 
17 15 10000 15 9 15 14 7 16 13 13 4 8 5 12 7 17 20 17 12 4 4 13 13 15 8 18 5 17 15 14 10 8 13 6 12 14 17 13 14 15 
2 22 15 10000 19 20 19 10 25 5 8 12 17 11 6 13 10 16 18 13 12 15 19 12 6 14 13 10 8 17 3 14 7 4 14 7 6 20 5 17 3 
21 6 9 19 10000 8 7 10 7 16 14 12 2 13 15 7 17 17 12 9 9 12 5 11 17 6 17 12 18 9 18 6 12 19 6 13 15 10 16 8 20 
21 4 15 20 8 10000 2 12 8 16 13 17 8 18 15 10 14 11 5 7 14 19 4 9 16 8 12 16 16 4 18 7 15 21 10 13 15 3 15 4 21 
20 4 14 19 7 2 10000 11 9 15 12 16 7 17 14 9 13 11 5 6 13 18 3 8 15 7 12 15 15 3 17 6 14 20 9 12 14 3 14 3 20 
12 13 7 10 10 12 11 10000 16 7 7 6 8 7 6 3 10 14 12 7 4 10 10 7 9 5 12 5 10 10 9 6 3 10 5 5 7 13 7 10 11 
27 5 16 25 7 8 9 16 10000 21 19 19 9 20 20 13 21 19 13 13 16 19 7 16 22 12 20 18 23 11 23 12 19 25 12 19 21 11 21 11 26 
6 18 13 5 16 16 15 7 21 10000 3 11 14 10 1 9 6 12 13 9 10 14 15 8 3 10 9 9 5 13 3 10 5 7 11 3 2 15 1 13 7 
9 15 13 8 14 13 12 7 19 3 10000 12 13 12 3 8 4 10 11 7 10 15 13 5 3 9 6 10 4 10 5 9 6 9 10 2 2 12 3 10 9 
14 17 4 12 12 17 16 6 19 11 12 10000 10 2 10 8 16 20 18 12 4 4 14 13 13 9 17 3 15 16 12 10 6 10 7 11 12 18 11 15 12 
19 7 8 17 2 8 7 8 9 14 13 10 10000 11 13 5 15 16 11 8 7 11 5 10 15 4 15 10 16 9 16 5 11 17 4 12 14 10 14 8 18 
13 17 5 11 13 18 17 7 20 10 12 2 11 10000 10 8 16 20 18 13 5 4 15 13 13 10 17 3 15 16 11 11 6 9 8 10 12 18 11 15 11 
7 17 12 6 15 15 14 6 20 1 3 10 13 10 10000 8 6 12 13 8 10 14 14 7 3 9 9 8 5 12 4 9 5 7 10 2 2 14 1 12 7 
14 10 7 13 7 10 9 3 13 9 8 8 5 8 8 10000 11 14 10 5 5 10 8 7 11 2 12 7 12 8 11 3 6 13 2 7 9 10 9 8 14 
10 17 17 10 17 14 13 10 21 6 4 16 15 16 6 11 10000 7 10 8 14 19 14 6 4 12 3 14 3 11 7 11 10 12 13 6 5 12 6 11 12 
17 15 20 16 17 11 11 14 19 12 10 20 16 20 12 14 7 10000 7 9 18 23 13 8 11 13 4 18 9 9 13 12 15 18 15 11 11 9 12 10 18 
19 8 17 18 12 5 5 12 13 13 11 18 11 18 13 10 10 7 10000 6 15 20 7 6 13 9 8 16 12 3 15 8 14 19 11 11 12 3 13 4 19 
15 9 12 13 9 7 6 7 13 9 7 12 8 13 8 5 8 9 6 10000 9 15 7 3 9 5 8 11 10 4 11 4 9 14 7 7 8 7 9 4 15 
14 13 4 12 9 14 13 4 16 10 10 4 7 5 10 5 14 18 15 9 10000 6 11 10 13 6 15 3 14 13 12 7 6 11 4 9 11 15 10 12 13 
17 18 4 15 12 19 18 10 19 14 15 4 11 4 14 10 19 23 20 15 6 10000 16 16 17 11 21 6 19 18 15 13 10 13 9 14 15 20 15 17 14 
21 3 13 19 5 4 3 10 7 15 13 14 5 15 14 8 14 13 7 7 11 16 10000 9 16 6 13 14 16 5 17 5 13 19 7 12 14 5 15 4 20 
13 11 13 12 11 9 8 7 16 8 5 13 10 13 7 7 6 8 6 3 10 16 9 10000 7 7 6 11 8 6 10 6 8 13 9 5 6 8 7 6 14 
7 18 15 6 17 16 15 9 22 3 3 13 15 13 3 11 4 11 13 9 13 17 16 7 10000 12 7 11 3 13 3 11 8 9 13 4 2 15 3 13 8 
16 9 8 14 6 8 7 5 12 10 9 9 4 10 9 2 12 13 9 5 6 11 6 7 12 10000 12 8 13 7 12 2 7 14 3 8 10 9 10 6 15 
13 15 18 13 17 12 12 12 20 9 6 17 15 17 9 12 3 4 8 8 15 21 13 6 7 12 10000 15 6 9 10 11 12 15 14 8 7 11 8 10 14 
12 16 5 10 12 16 15 5 18 9 10 3 10 3 8 7 14 18 16 11 3 6 14 11 11 8 15 10000 13 14 10 9 4 9 7 8 10 17 9 14 10 
8 18 17 8 18 16 15 10 23 5 4 15 16 15 5 12 3 9 12 10 14 19 16 8 3 13 6 13 10000 13 5 12 9 10 14 6 4 15 5 13 10 
19 7 15 17 9 4 3 10 11 13 10 16 9 16 12 8 11 9 3 4 13 18 5 6 13 7 9 14 13 10000 15 6 13 18 9 10 12 3 13 2 19 
4 20 14 3 18 18 17 9 23 3 5 12 16 11 4 11 7 13 15 11 12 15 17 10 3 12 10 10 5 15 10000 12 6 6 13 5 4 17 3 15 5 
16 8 10 14 6 7 6 6 12 10 9 10 5 11 9 3 11 12 8 4 7 13 5 6 11 2 11 9 12 6 12 10000 8 15 4 8 10 8 10 5 15 
9 16 8 7 12 15 14 3 19 5 6 6 11 6 5 6 10 15 14 9 6 10 13 8 8 7 12 4 9 13 6 8 10000 7 7 5 6 15 5 12 8 
5 22 13 4 19 21 20 10 25 7 9 10 17 9 7 13 12 18 19 14 11 13 19 13 9 14 15 9 10 18 6 15 7 10000 14 9 8 21 7 18 2 
16 10 6 14 6 10 9 5 12 11 10 7 4 8 10 2 13 15 11 7 4 9 7 9 13 3 14 7 14 9 13 4 7 14 10000 9 11 11 11 8 15 
9 15 12 7 13 13 12 5 19 3 2 11 12 10 2 7 6 11 11 7 9 14 12 5 4 8 8 8 6 10 5 8 5 9 9 10000 3 13 3 10 9 
7 17 14 6 15 15 14 7 21 2 2 12 14 12 2 9 5 11 12 8 11 15 14 6 2 10 7 10 4 12 4 10 6 8 11 3 10000 14 2 12 8 
21 6 17 20 10 3 3 13 11 15 12 18 10 18 14 10 12 9 3 7 15 20 5 8 15 9 11 17 15 3 17 8 15 21 11 13 14 10000 15 3 21 
7 17 13 5 16 15 14 7 21 1 3 11 14 11 1 9 6 12 13 9 10 15 15 7 3 10 8 9 5 13 3 10 5 7 11 3 2 15 10000 12 7 
18 6 14 17 8 4 3 10 11 13 10 15 8 15 12 8 11 10 4 4 12 17 4 6 13 6 10 14 13 2 15 5 12 18 8 10 12 3 12 10000 18 
3 23 15 3 20 21 20 11 26 7 9 12 18 11 7 14 12 18 19 15 13 14 20 14 8 15 14 10 10 19 5 15 8 2 15 9 8 21 7 18 10000 
