40
10
1000	500	0	1000	3490.000000	417.000000
10	4	2	4	7983.000000	9887.000000
6	1	5	6	3123.000000	8541.000000
10	4	10	10	5256.000000	8836.000000
7	6	7	7	7122.000000	6495.000000
9	7	7	7	8795.000000	2568.000000
9	4	5	5	9174.000000	4891.000000
10	10	5	7	8120.000000	6135.000000
10	1	5	7	5437.000000	8997.000000
6	6	1	6	6414.000000	9823.000000
7	6	2	3	6143.000000	8872.000000
6	2	0	1	3793.000000	2841.000000
6	5	1	3	1629.000000	39.000000
8	7	0	1	2573.000000	6683.000000
8	6	1	2	3359.000000	8800.000000
6	5	6	6	8414.000000	5593.000000
9	0	6	6	7896.000000	2242.000000
7	0	6	7	9677.000000	6850.000000
8	0	6	8	3981.000000	8371.000000
6	4	4	4	9688.000000	7643.000000
8	1	4	8	3237.000000	9133.000000
7	4	5	7	7242.000000	4663.000000
10	8	4	4	2080.000000	4332.000000
6	0	3	4	57.000000	421.000000
8	5	4	8	9196.000000	2844.000000
10	6	0	6	3496.000000	721.000000
10	6	2	7	9363.000000	1219.000000
7	6	3	3	1204.000000	7281.000000
6	1	5	5	957.000000	1008.000000
7	1	7	7	6596.000000	992.000000
6	6	0	1	9389.000000	4451.000000
8	1	1	5	1572.000000	2191.000000
8	7	1	3	6811.000000	8177.000000
10	4	6	7	2297.000000	3386.000000
8	3	7	8	9068.000000	1139.000000
9	7	5	5	3945.000000	7205.000000
6	2	1	5	5741.000000	8783.000000
6	0	2	2	6132.000000	1638.000000
7	3	1	7	2779.000000	3496.000000
10	10	2	2	1815.000000	4872.000000
6	4	4	6	4011.000000	1637.000000
10000 21 17 18 15 12 15 15 18 20 18 5 4 13 17 15 10 18 16 20 18 12 9 7 13 1 12 15 6 7 15 6 17 7 12 14 18 6 7 10 3 
21 10000 11 6 7 15 11 8 6 4 5 17 24 13 10 9 16 7 9 6 10 11 17 25 15 21 18 15 23 19 12 21 5 18 18 10 5 17 17 16 19 
17 11 10000 5 9 17 15 12 5 8 7 12 18 4 1 13 16 14 2 14 2 12 9 18 17 16 20 5 16 17 15 14 8 11 19 4 6 16 11 8 14 
18 6 5 10000 6 15 12 8 1 4 2 13 20 7 4 10 15 10 3 10 5 10 12 20 15 17 18 9 18 16 13 16 4 13 18 5 1 15 12 11 15 
15 7 9 6 10000 9 6 3 7 7 6 10 17 10 9 4 9 6 8 6 10 4 11 19 9 14 12 12 17 12 7 15 4 12 12 7 6 10 11 12 12 
12 15 17 15 9 10000 5 8 15 16 14 11 16 15 17 7 2 9 16 11 18 6 14 18 1 12 3 18 16 6 4 15 12 14 3 14 14 6 13 15 10 
15 11 15 12 6 5 10000 4 12 12 11 12 18 14 15 3 6 5 13 6 15 4 15 21 5 15 8 17 19 10 1 17 9 15 8 12 11 9 14 15 13 
15 8 12 8 3 8 4 10000 8 9 7 11 18 12 11 2 8 4 10 5 12 4 13 20 7 15 11 15 18 11 5 16 5 13 11 9 8 10 12 13 13 
18 6 5 1 7 15 12 8 10000 3 2 13 20 8 5 10 15 10 4 9 5 10 12 21 15 18 18 10 19 17 13 16 4 13 18 5 1 15 13 11 15 
20 4 8 4 7 16 12 9 3 10000 2 15 22 10 7 10 16 9 6 8 7 11 14 23 16 20 19 12 21 18 13 19 4 16 19 8 3 17 15 14 18 
18 5 7 2 6 14 11 7 2 2 10000 13 20 9 6 8 14 9 5 8 6 9 13 21 14 18 17 11 19 16 11 17 2 14 17 6 1 15 13 12 16 
5 17 12 13 10 11 12 11 13 15 13 10000 8 9 12 11 9 15 12 16 13 8 5 9 11 5 12 11 7 7 12 5 13 4 12 9 13 6 3 6 3 
4 24 18 20 17 16 18 18 20 22 20 8 10000 14 18 18 14 22 18 23 19 15 9 4 17 4 16 15 3 11 18 5 20 7 16 16 20 10 8 10 6 
13 13 4 7 10 15 14 12 8 10 9 9 14 10000 5 12 14 15 5 15 6 11 5 14 16 13 18 3 12 14 15 10 9 7 18 3 8 13 7 4 11 
17 10 1 4 9 17 15 11 5 7 6 12 18 5 10000 12 16 14 2 13 1 12 10 19 17 17 20 6 17 17 15 14 8 12 20 4 5 16 11 9 15 
15 9 13 10 4 7 3 2 10 10 8 11 18 12 12 10000 7 4 11 5 13 3 13 20 6 14 9 15 18 10 4 16 7 14 10 10 9 10 13 14 12 
10 16 16 15 9 2 6 8 15 16 14 9 14 14 16 7 10000 10 15 12 17 6 13 17 3 10 4 17 15 4 6 13 13 12 4 13 14 4 11 14 8 
18 7 14 10 6 9 5 4 10 9 9 15 22 15 14 4 10 10000 12 2 14 7 17 24 9 18 12 17 21 14 5 19 7 17 12 12 9 13 16 17 16 
16 9 2 3 8 16 13 10 4 6 5 12 18 5 2 11 15 12 10000 12 3 10 9 18 16 16 18 6 16 16 14 14 6 11 18 3 4 15 11 9 14 
20 6 14 10 6 11 6 5 9 8 8 16 23 15 13 5 12 2 12 10000 14 8 17 25 10 19 13 17 22 15 7 20 6 18 14 12 9 14 17 17 17 
18 10 2 5 10 18 15 12 5 7 6 13 19 6 1 13 17 14 3 14 10000 13 10 19 18 17 21 6 17 18 16 15 8 12 20 5 6 17 12 9 16 
12 11 12 10 4 6 4 4 10 11 9 8 15 11 12 3 6 7 10 8 13 10000 11 17 6 11 9 14 15 8 5 13 8 11 8 9 9 7 10 11 9 
9 17 9 12 11 14 15 13 12 14 13 5 9 5 10 13 13 17 9 17 10 11 10000 9 15 8 16 7 8 12 15 5 13 2 16 7 12 10 3 2 7 
7 25 18 20 19 18 21 20 21 23 21 9 4 14 19 20 17 24 18 25 19 17 9 10000 19 7 19 14 3 14 21 5 21 8 19 16 21 13 9 10 9 
13 15 17 15 9 1 5 7 15 16 14 11 17 16 17 6 3 9 16 10 18 6 15 19 10000 13 4 19 17 7 4 16 12 14 4 14 14 7 13 16 11 
1 21 16 17 14 12 15 15 18 20 18 5 4 13 17 14 10 18 16 19 17 11 8 7 13 10000 12 14 6 7 14 5 17 6 12 13 17 6 6 9 3 
12 18 20 18 12 3 8 11 18 19 17 12 16 18 20 9 4 12 18 13 21 9 16 19 4 12 10000 21 17 6 7 16 15 15 1 17 17 7 14 17 11 
15 15 5 9 12 18 17 15 10 12 11 11 15 3 6 15 17 17 6 17 6 14 7 14 19 14 21 10000 13 17 18 11 12 9 20 6 10 15 9 5 13 
6 23 16 18 17 16 19 18 19 21 19 7 3 12 17 18 15 21 16 22 17 15 8 3 17 6 17 13 10000 12 19 3 19 6 17 14 19 11 7 8 7 
7 19 17 16 12 6 10 11 17 18 16 7 11 14 17 10 4 14 16 15 18 8 12 14 7 7 6 17 12 10000 9 11 15 10 5 14 16 2 10 13 6 
15 12 15 13 7 4 1 5 13 13 11 12 18 15 15 4 6 5 14 7 16 5 15 21 4 14 7 18 19 9 10000 17 10 15 7 13 12 9 14 16 13 
6 21 14 16 15 15 17 16 16 19 17 5 5 10 14 16 13 19 14 20 15 13 5 5 16 5 16 11 3 11 17 10000 16 3 16 12 16 10 4 6 6 
17 5 8 4 4 12 9 5 4 4 2 13 20 9 8 7 13 7 6 6 8 8 13 21 12 17 15 12 19 15 10 16 10000 14 15 7 3 14 13 12 15 
7 18 11 13 12 14 15 13 13 16 14 4 7 7 12 14 12 17 11 18 12 11 2 8 14 6 15 9 6 10 15 3 14 10000 15 9 13 9 1 4 5 
12 18 19 18 12 3 8 11 18 19 17 12 16 18 20 10 4 12 18 14 20 8 16 19 4 12 1 20 17 5 7 16 15 15 10000 16 17 6 14 17 11 
14 10 4 5 7 14 12 9 5 8 6 9 16 3 4 10 13 12 3 12 5 9 7 16 14 13 17 6 14 14 13 12 7 9 16 10000 5 12 8 7 12 
18 5 6 1 6 14 11 8 1 3 1 13 20 8 5 9 14 9 4 9 6 9 12 21 14 17 17 10 19 16 12 16 3 13 17 5 10000 15 13 12 15 
6 17 16 15 10 6 9 10 15 17 15 6 10 13 16 10 4 13 15 14 17 7 10 13 7 6 7 15 11 2 9 10 14 9 6 12 15 10000 8 11 5 
7 17 11 12 11 13 14 12 13 15 13 3 8 7 11 13 11 16 11 17 12 10 3 9 13 6 14 9 7 10 14 4 13 1 14 8 13 8 10000 4 5 
10 16 8 11 12 15 15 13 11 14 12 6 10 4 9 14 14 17 9 17 9 11 2 10 16 9 17 5 8 13 16 6 12 4 17 7 12 11 4 10000 8 
3 19 14 15 12 10 13 13 15 18 16 3 6 11 15 12 8 16 14 17 16 9 7 9 11 3 11 13 7 6 13 6 15 5 11 12 15 5 5 8 10000 
