40
10
1000	500	0	1000	9006.000000	1070.000000
6	6	3	6	3454.000000	8981.000000
8	8	7	8	9358.000000	6655.000000
9	8	1	8	2834.000000	8098.000000
9	3	4	4	5601.000000	7614.000000
9	9	7	9	3299.000000	9475.000000
6	6	6	6	5834.000000	921.000000
10	10	9	10	4776.000000	3329.000000
10	5	2	6	4064.000000	9471.000000
9	0	4	5	4713.000000	2155.000000
9	1	6	7	5348.000000	4348.000000
8	8	1	1	1281.000000	2630.000000
10	3	1	9	7727.000000	6748.000000
6	2	1	4	917.000000	963.000000
6	0	0	3	5009.000000	2215.000000
7	2	6	6	6673.000000	1893.000000
8	1	3	5	2554.000000	6789.000000
8	4	3	5	1782.000000	9764.000000
10	7	5	5	2636.000000	9015.000000
8	8	6	8	8761.000000	8296.000000
10	0	9	10	3255.000000	8878.000000
9	3	4	7	8423.000000	5306.000000
9	7	1	7	633.000000	1687.000000
6	0	3	5	4020.000000	2236.000000
10	0	0	9	4939.000000	6655.000000
7	7	1	7	2780.000000	663.000000
9	9	1	2	1855.000000	6746.000000
6	5	1	6	685.000000	9510.000000
6	4	5	6	9116.000000	5475.000000
9	0	9	9	3180.000000	1912.000000
6	5	3	6	5502.000000	640.000000
8	5	0	4	7654.000000	9733.000000
10	10	3	4	2494.000000	8549.000000
9	4	9	9	4864.000000	413.000000
6	3	2	3	9468.000000	2314.000000
6	6	6	6	242.000000	1824.000000
6	5	5	6	3288.000000	1435.000000
10	0	5	10	5449.000000	1501.000000
9	4	6	6	6778.000000	49.000000
6	1	4	5	44.000000	3798.000000
7	0	1	1	555.000000	6367.000000
10000 20 12 19 15 21 7 10 20 9 10 16 12 17 9 5 18 23 21 15 20 9 17 11 14 13 19 24 9 12 8 18 20 9 3 18 12 8 5 19 20 
20 10000 13 3 6 2 17 12 2 14 11 14 10 17 14 16 5 4 2 11 1 13 16 14 6 17 6 6 14 15 18 9 3 18 18 16 16 16 20 13 8 
12 13 10000 14 8 14 14 12 12 13 10 19 4 21 13 11 14 17 15 4 13 4 21 14 9 18 16 19 3 16 15 8 15 16 9 21 17 13 15 20 18 
19 3 14 10000 6 3 16 11 4 13 10 12 11 15 13 15 3 4 2 12 2 13 14 12 6 15 4 6 14 13 16 11 2 16 18 14 14 15 18 11 6 
15 6 8 6 10000 6 14 9 5 12 7 14 5 17 11 12 7 9 7 7 6 8 16 12 3 16 8 11 9 13 14 6 7 15 14 16 14 13 16 14 11 
21 2 14 3 6 10000 18 13 2 15 12 15 11 18 15 17 6 4 2 12 2 14 17 15 7 18 7 6 15 16 19 9 3 19 19 17 17 17 21 14 9 
7 17 14 16 14 18 10000 6 18 4 7 10 13 10 4 3 14 20 18 16 17 11 11 5 12 7 15 21 12 6 1 18 17 3 8 12 6 2 3 13 16 
10 12 12 11 9 13 6 10000 13 3 3 8 10 10 3 5 9 15 13 13 12 9 9 3 7 7 9 15 10 5 6 15 12 6 10 10 5 4 8 10 11 
20 2 12 4 5 2 18 13 10000 15 11 15 10 19 15 17 7 5 3 10 3 13 18 15 6 18 8 7 13 16 18 8 4 19 18 18 17 17 20 14 10 
9 14 13 13 12 15 4 3 15 10000 5 7 11 8 1 4 11 17 15 15 14 10 9 2 10 5 11 17 12 4 4 17 14 4 10 9 4 2 6 10 12 
10 11 10 10 7 12 7 3 11 5 10000 9 7 12 5 6 8 13 11 11 10 7 11 5 5 9 9 14 8 7 8 12 11 8 10 12 8 6 10 11 11 
16 14 19 12 14 15 10 8 15 7 9 10000 16 4 8 11 9 15 14 19 14 16 3 6 11 5 9 14 17 5 10 20 13 9 17 3 5 9 13 4 8 
12 10 4 11 5 11 13 10 10 11 7 16 10000 18 11 10 11 14 12 4 10 4 18 12 6 16 12 16 4 14 14 6 12 14 10 18 14 12 14 17 15 
17 17 21 15 17 18 10 10 19 8 12 4 18 10000 9 12 13 18 17 22 17 18 2 7 14 4 12 18 19 5 10 23 16 8 18 3 5 10 12 6 11 
9 14 13 13 11 15 4 3 15 1 5 8 11 9 10000 4 11 17 15 15 14 10 9 2 9 6 12 17 11 4 4 16 14 4 9 10 4 2 6 11 13 
5 16 11 15 12 17 3 5 17 4 6 11 10 12 4 10000 13 19 17 14 16 8 13 6 11 9 14 20 9 7 4 16 16 5 6 13 7 3 4 14 16 
18 5 14 3 7 6 14 9 7 11 8 9 11 13 11 13 10000 7 5 13 5 13 11 10 5 13 2 7 14 10 14 12 4 14 17 11 11 13 16 8 5 
23 4 17 4 9 4 20 15 5 17 13 15 14 18 17 19 7 10000 3 15 4 16 17 16 9 19 7 3 17 16 20 12 3 20 22 17 17 19 22 13 8 
21 2 15 2 7 2 18 13 3 15 11 14 12 17 15 17 5 3 10000 13 2 14 16 14 7 17 5 5 15 15 18 11 1 18 20 16 16 17 20 12 7 
15 11 4 12 7 12 16 13 10 15 11 19 4 22 15 14 13 15 13 10000 12 7 21 16 9 20 15 17 6 17 17 4 13 18 13 22 18 16 17 20 17 
20 1 13 2 6 2 17 12 3 14 10 14 10 17 14 16 5 4 2 12 10000 13 16 14 6 17 6 6 14 14 18 9 2 18 19 16 15 16 20 13 8 
9 13 4 13 8 14 11 9 13 10 7 16 4 18 10 8 13 16 14 7 13 10000 18 11 8 15 14 18 2 13 12 9 14 13 7 18 13 10 12 18 16 
17 16 21 14 16 17 11 9 18 9 11 3 18 2 9 13 11 17 16 21 16 18 10000 7 14 5 11 16 19 6 10 22 15 9 18 1 6 10 13 5 10 
11 14 14 12 12 15 5 3 15 2 5 6 12 7 2 6 10 16 14 16 14 11 7 10000 10 5 11 17 13 2 5 17 13 5 11 8 3 4 8 9 11 
14 6 9 6 3 7 12 7 6 10 5 11 6 14 9 11 5 9 7 9 6 8 14 10 10000 13 7 11 9 11 13 9 7 13 13 14 11 11 14 12 9 
13 17 18 15 16 18 7 7 18 5 9 5 16 4 6 9 13 19 17 20 17 15 5 5 13 10000 13 19 16 3 6 21 16 5 14 6 2 6 9 9 13 
19 6 16 4 8 7 15 9 8 11 9 9 12 12 12 14 2 7 5 15 6 14 11 11 7 13 10000 7 15 11 15 14 4 15 18 11 12 13 17 7 3 
24 6 19 6 11 6 21 15 7 17 14 14 16 18 17 20 7 3 5 17 6 18 16 17 11 19 7 10000 19 16 21 14 5 21 23 16 17 19 23 12 7 
9 14 3 14 9 15 12 10 13 12 8 17 4 19 11 9 14 17 15 6 14 2 19 13 9 16 15 19 10000 14 13 10 15 14 7 20 15 11 12 19 18 
12 15 16 13 13 16 6 5 16 4 7 5 14 5 4 7 10 16 15 17 14 13 6 2 11 3 11 16 14 10000 6 19 14 5 13 6 1 5 9 8 11 
8 18 15 16 14 19 1 6 18 4 8 10 14 10 4 4 14 20 18 17 18 12 10 5 13 6 15 21 13 6 10000 19 17 2 9 11 5 2 3 13 16 
18 9 8 11 6 9 18 15 8 17 12 20 6 23 16 16 12 12 11 4 9 9 22 17 9 21 14 14 10 19 19 10000 11 20 16 22 19 18 20 20 16 
20 3 15 2 7 3 17 12 4 14 11 13 12 16 14 16 4 3 1 13 2 14 15 13 7 16 4 5 15 14 17 11 10000 17 19 15 15 16 20 11 6 
9 18 16 16 15 19 3 6 19 4 8 9 14 8 4 5 14 20 18 18 18 13 9 5 13 5 15 21 14 5 2 20 17 10000 10 10 4 3 4 12 15 
3 18 9 18 14 19 8 10 18 10 10 17 10 18 9 6 17 22 20 13 19 7 18 11 13 14 18 23 7 13 9 16 19 10 10000 19 13 9 8 20 20 
18 16 21 14 16 17 12 10 18 9 12 3 18 3 10 13 11 17 16 22 16 18 1 8 14 6 11 16 20 6 11 22 15 10 19 10000 7 11 14 4 10 
12 16 17 14 14 17 6 5 17 4 8 5 14 5 4 7 11 17 16 18 15 13 6 3 11 2 12 17 15 1 5 19 15 4 13 7 10000 5 8 9 12 
8 16 13 15 13 17 2 4 17 2 6 9 12 10 2 3 13 19 17 16 16 10 10 4 11 6 13 19 11 5 2 18 16 3 9 11 5 10000 4 12 14 
5 20 15 18 16 21 3 8 20 6 10 13 14 12 6 4 16 22 20 17 20 12 13 8 14 9 17 23 12 9 3 20 20 4 8 14 8 4 10000 16 18 
19 13 20 11 14 14 13 10 14 10 11 4 17 6 11 14 8 13 12 20 13 18 5 9 12 9 7 12 19 8 13 20 11 12 20 4 9 12 16 10000 6 
20 8 18 6 11 9 16 11 10 12 11 8 15 11 13 16 5 8 7 17 8 16 10 11 9 13 3 7 18 11 16 16 6 15 20 10 12 14 18 6 10000 
