50
10
1000	500	0	1000	8808.000000	6052.000000
8	3	3	5	3706.000000	8217.000000
7	7	5	7	6844.000000	9902.000000
6	4	4	6	4470.000000	1473.000000
8	7	8	8	2321.000000	7177.000000
6	5	3	3	1294.000000	855.000000
6	1	0	0	4213.000000	5513.000000
6	4	1	1	583.000000	703.000000
6	1	4	4	9934.000000	6273.000000
9	5	6	9	3148.000000	1744.000000
7	7	0	6	790.000000	2101.000000
8	5	3	3	1398.000000	6173.000000
10	5	0	7	8071.000000	8896.000000
7	6	4	7	1099.000000	1384.000000
9	4	8	9	7245.000000	5610.000000
9	3	2	8	1429.000000	1117.000000
10	1	6	10	2208.000000	726.000000
7	6	5	7	3243.000000	1357.000000
10	4	6	6	4256.000000	1563.000000
10	7	0	0	4815.000000	6770.000000
10	3	0	0	1534.000000	9995.000000
10	1	1	4	4336.000000	4990.000000
9	8	5	5	9442.000000	1542.000000
7	6	1	7	113.000000	4133.000000
9	2	6	6	6417.000000	2075.000000
7	2	3	3	8830.000000	1277.000000
8	3	6	6	3894.000000	2493.000000
7	6	3	5	3032.000000	6217.000000
9	6	7	8	2317.000000	8385.000000
7	2	4	5	5635.000000	983.000000
6	6	6	6	8357.000000	9279.000000
9	4	6	7	2828.000000	4587.000000
8	2	1	7	7160.000000	8118.000000
7	2	0	7	407.000000	8744.000000
9	4	7	7	5191.000000	4294.000000
6	0	0	3	1522.000000	8742.000000
8	5	3	7	2374.000000	3627.000000
9	6	4	9	1911.000000	125.000000
8	4	3	3	4444.000000	975.000000
10	7	7	9	8492.000000	8081.000000
6	3	0	1	2279.000000	7585.000000
9	6	8	8	6322.000000	6397.000000
9	9	1	3	1244.000000	3960.000000
6	5	6	6	2342.000000	5003.000000
6	1	4	6	8845.000000	1028.000000
8	0	2	4	1781.000000	2538.000000
10	7	8	10	6649.000000	2901.000000
6	2	0	3	1990.000000	2308.000000
6	4	4	6	4388.000000	9767.000000
9	2	4	8	4300.000000	1910.000000
10	6	1	10	6646.000000	819.000000
10000 12 9 13 14 19 10 20 3 15 18 15 6 19 4 18 17 15 13 9 17 10 10 18 10 10 13 12 14 12 7 13 6 18 9 16 14 19 14 5 14 6 16 14 11 16 8 16 12 13 12 
12 10000 8 14 4 16 6 17 14 13 14 7 9 15 9 15 16 14 14 4 6 7 18 11 14 18 12 5 3 15 10 8 7 7 9 5 10 17 15 10 4 7 10 7 18 12 13 13 4 13 16 
9 8 10000 18 11 22 11 23 10 18 20 14 4 21 9 21 21 19 18 8 11 12 18 18 16 18 16 11 10 19 4 14 4 14 12 11 16 22 19 5 11 8 17 14 19 18 15 19 5 17 19 
13 14 18 10000 13 7 9 8 15 3 8 12 17 7 10 7 5 3 1 11 19 8 10 11 5 9 3 10 15 3 18 8 15 17 6 16 7 6 1 16 13 11 9 9 9 6 6 6 17 1 5 
14 4 11 13 10000 13 6 14 16 11 11 3 13 12 11 13 13 12 12 6 6 6 19 8 14 18 10 3 3 15 13 6 10 5 9 4 8 15 14 13 1 9 7 5 18 10 13 10 7 12 16 
19 16 22 7 13 10000 11 2 21 5 3 11 22 2 16 1 2 5 7 14 19 11 17 7 11 16 7 12 16 9 22 9 19 16 11 16 6 2 7 21 14 15 7 9 16 4 12 4 19 7 11 
10 6 11 9 6 11 10000 13 12 8 10 6 11 11 7 11 11 9 8 3 11 2 14 9 9 13 7 3 7 10 12 4 8 10 4 9 6 12 10 10 6 5 7 4 13 8 8 8 9 8 11 
20 17 23 8 14 2 13 10000 22 6 3 12 23 2 17 2 4 6 8 15 19 12 18 7 12 17 8 13 16 11 24 9 20 17 12 17 7 3 8 22 15 17 7 10 17 5 13 5 20 8 13 
3 14 10 15 16 21 12 22 10000 17 21 18 7 21 6 20 20 17 15 11 19 12 10 21 11 11 15 14 16 14 7 15 7 20 11 18 17 21 16 5 16 8 18 16 11 18 10 18 14 15 13 
15 13 18 3 11 5 8 6 17 10000 5 10 18 5 12 4 3 1 3 11 17 7 13 8 7 12 3 9 14 6 19 6 16 16 7 15 5 5 4 17 12 12 6 7 12 4 8 3 17 3 8 
18 14 20 8 11 3 10 3 21 5 10000 9 20 2 15 3 4 6 8 13 16 10 18 5 12 17 7 10 13 10 21 7 18 14 10 14 5 5 8 20 12 15 4 7 17 3 12 3 17 8 12 
15 7 14 12 3 11 6 12 18 10 9 10000 15 10 12 11 12 11 11 7 8 7 19 5 13 18 9 4 5 14 16 5 13 6 9 6 6 13 13 15 4 10 5 4 19 8 13 8 10 11 15 
6 9 4 17 13 22 11 23 7 18 20 15 10000 21 7 21 21 18 17 8 14 11 15 19 15 16 16 12 12 17 1 14 3 16 11 14 16 22 18 2 12 7 17 14 16 18 13 18 8 16 17 
19 15 21 7 12 2 11 2 21 5 2 10 21 10000 15 1 3 5 7 14 18 10 17 6 11 16 7 11 15 10 22 8 19 15 11 15 6 3 7 20 13 15 6 8 16 3 12 3 19 7 12 
4 9 9 10 11 16 7 17 6 12 15 12 7 15 10000 15 15 12 11 6 15 6 10 15 8 10 10 9 12 10 8 10 6 16 5 14 11 16 11 6 11 3 13 10 10 13 6 13 11 10 10 
18 15 21 7 13 1 11 2 20 4 3 11 21 1 15 10000 2 4 6 14 18 10 17 7 11 15 6 11 15 9 22 8 19 16 10 16 6 3 7 20 14 15 6 8 15 3 12 3 19 6 11 
17 16 21 5 13 2 11 4 20 3 4 12 21 3 15 2 10000 3 5 14 19 10 15 8 9 14 5 12 16 7 22 8 18 17 10 17 6 2 5 20 14 15 7 9 14 4 10 4 19 5 9 
15 14 19 3 12 5 9 6 17 1 6 11 18 5 12 4 3 10000 3 12 18 8 13 9 7 12 3 10 15 5 19 7 16 16 8 16 5 4 3 18 13 12 7 8 12 4 8 4 17 3 7 
13 14 18 1 12 7 8 8 15 3 8 11 17 7 11 6 5 3 10000 11 18 7 11 10 5 10 2 10 15 3 18 7 15 17 6 16 6 6 2 16 13 11 8 8 10 6 6 5 17 1 6 
9 4 8 11 6 14 3 15 11 11 13 7 8 14 6 14 14 12 11 10000 10 4 14 11 10 14 9 4 6 12 9 6 6 10 6 8 8 15 12 8 6 4 10 7 15 11 9 11 7 10 13 
17 6 11 19 6 19 11 19 19 17 16 8 14 18 15 18 19 18 18 10 10000 12 24 13 19 23 16 9 4 20 14 12 12 4 14 3 13 20 19 15 6 12 13 11 24 15 18 16 6 18 22 
10 7 12 8 6 11 2 12 12 7 10 7 11 10 6 10 10 8 7 4 12 10000 13 9 8 12 6 4 8 9 12 4 9 11 3 10 5 11 9 11 7 5 7 4 13 8 7 8 10 7 10 
10 18 18 10 19 17 14 18 10 13 18 19 15 17 10 17 15 13 11 14 24 13 10000 20 7 2 12 16 20 8 16 15 14 24 11 22 15 16 11 14 19 12 18 16 2 16 7 15 20 11 6 
18 11 18 11 8 7 9 7 21 8 5 5 19 6 15 7 8 9 10 11 13 9 20 10000 14 19 9 8 10 13 20 6 17 10 11 10 5 9 11 19 9 14 3 5 19 5 14 6 15 10 15 
10 14 16 5 14 11 9 12 11 7 12 13 15 11 8 11 9 7 5 10 19 8 7 14 10000 6 6 11 16 3 15 9 13 18 6 17 9 10 5 13 14 9 12 11 6 10 2 9 16 5 3 
10 18 18 9 18 16 13 17 11 12 17 18 16 16 10 15 14 12 10 14 23 12 2 19 6 10000 11 16 20 7 17 14 15 23 10 21 14 15 9 14 19 12 17 15 1 15 6 14 20 10 5 
13 12 16 3 10 7 7 8 15 3 7 9 16 7 10 6 5 3 2 9 16 6 12 9 6 11 10000 8 13 5 17 5 14 15 5 14 4 7 4 15 11 10 7 6 11 5 6 4 15 2 7 
12 5 11 10 3 12 3 13 14 9 10 4 12 11 9 11 12 10 10 4 9 4 16 8 11 16 8 10000 5 12 13 4 10 8 6 6 6 13 11 12 4 7 6 3 16 8 10 9 8 9 13 
14 3 10 15 3 16 7 16 16 14 13 5 12 15 12 15 16 15 15 6 4 8 20 10 16 20 13 5 10000 17 13 8 10 4 10 2 10 17 16 13 2 9 10 7 20 12 14 13 5 14 18 
12 15 19 3 15 9 10 11 14 6 10 14 17 10 10 9 7 5 3 12 20 9 8 13 3 7 5 12 17 10000 18 10 15 19 7 18 9 8 3 16 15 11 11 11 7 9 5 8 18 4 3 
7 10 4 18 13 22 12 24 7 19 21 16 1 22 8 22 22 19 18 9 14 12 16 20 15 17 17 13 13 18 10000 15 4 16 12 14 17 23 19 3 13 8 18 15 17 19 14 19 8 17 18 
13 8 14 8 6 9 4 9 15 6 7 5 14 8 10 8 8 7 7 6 12 4 15 6 9 14 5 4 8 10 15 10000 12 10 5 9 3 10 8 14 7 8 4 2 14 5 9 5 11 7 11 
6 7 4 15 10 19 8 20 7 16 18 13 3 19 6 19 18 16 15 6 12 9 14 17 13 15 14 10 10 15 4 12 10000 14 9 12 14 20 16 3 10 4 15 12 15 16 11 16 7 14 15 
18 7 14 17 5 16 10 17 20 16 14 6 16 15 16 16 17 16 17 10 4 11 24 10 18 23 15 8 4 19 16 10 14 10000 14 3 11 18 18 17 5 13 10 9 23 13 18 14 9 16 21 
9 9 12 6 9 11 4 12 11 7 10 9 11 11 5 10 10 8 6 6 14 3 11 11 6 10 5 6 10 7 12 5 9 14 10000 12 6 11 7 11 9 5 8 6 10 8 5 8 12 6 8 
16 5 11 16 4 16 9 17 18 15 14 6 14 15 14 16 17 16 16 8 3 10 22 10 17 21 14 6 2 18 14 9 12 3 12 10000 11 18 17 15 3 11 10 8 22 13 16 13 7 15 19 
14 10 16 7 8 6 6 7 17 5 5 6 16 6 11 6 6 5 6 8 13 5 15 5 9 14 4 6 10 9 17 3 14 11 6 11 10000 8 7 16 8 10 3 3 14 3 9 3 13 6 11 
19 17 22 6 15 2 12 3 21 5 5 13 22 3 16 3 2 4 6 15 20 11 16 9 10 15 7 13 17 8 23 10 20 18 11 18 8 10000 6 21 15 16 8 10 14 5 11 5 20 6 10 
14 15 19 1 14 7 10 8 16 4 8 13 18 7 11 7 5 3 2 12 19 9 11 11 5 9 4 11 16 3 19 8 16 18 7 17 7 6 10000 17 14 12 9 10 9 7 6 6 18 2 5 
5 10 5 16 13 21 10 22 5 17 20 15 2 20 6 20 20 18 16 8 15 11 14 19 13 14 15 12 13 16 3 14 3 17 11 15 16 21 17 10000 13 6 17 14 15 18 11 18 9 15 15 
14 4 11 13 1 14 6 15 16 12 12 4 12 13 11 14 14 13 13 6 6 7 19 9 14 19 11 4 2 15 13 7 10 5 9 3 8 15 14 13 10000 9 8 6 19 11 13 11 7 13 17 
6 7 8 11 9 15 5 17 8 12 15 10 7 15 3 15 15 12 11 4 12 5 12 14 9 12 10 7 9 11 8 8 4 13 5 11 10 16 12 6 9 10000 12 9 12 12 8 12 8 10 12 
16 10 17 9 7 7 7 7 18 6 4 5 17 6 13 6 7 7 8 10 13 7 18 3 12 17 7 6 10 11 18 4 15 10 8 10 3 8 9 17 8 12 10000 4 17 4 12 4 14 8 13 
14 7 14 9 5 9 4 10 16 7 7 4 14 8 10 8 9 8 8 7 11 4 16 5 11 15 6 3 7 11 15 2 12 9 6 8 3 10 10 14 6 9 4 10000 16 6 10 6 11 8 13 
11 18 19 9 18 16 13 17 11 12 17 19 16 16 10 15 14 12 10 15 24 13 2 19 6 1 11 16 20 7 17 14 15 23 10 22 14 14 9 15 19 12 17 16 10000 15 6 14 20 10 5 
16 12 18 6 10 4 8 5 18 4 3 8 18 3 13 3 4 4 6 11 15 8 16 5 10 15 5 8 12 9 19 5 16 13 8 13 3 5 7 18 11 12 4 6 15 10000 10 1 16 6 11 
8 13 15 6 13 12 8 13 10 8 12 13 13 12 6 12 10 8 6 9 18 7 7 14 2 6 6 10 14 5 14 9 11 18 5 16 9 11 6 11 13 8 12 10 6 10 10000 10 15 6 5 
16 13 19 6 10 4 8 5 18 3 3 8 18 3 13 3 4 4 5 11 16 8 15 6 9 14 4 9 13 8 19 5 16 14 8 13 3 5 6 18 11 12 4 6 14 1 10 10000 16 5 10 
12 4 5 17 7 19 9 20 14 17 17 10 8 19 11 19 19 17 17 7 6 10 20 15 16 20 15 8 5 18 8 11 7 9 12 7 13 20 18 9 7 8 14 11 20 16 15 16 10000 16 19 
13 13 17 1 12 7 8 8 15 3 8 11 16 7 10 6 5 3 1 10 18 7 11 10 5 10 2 9 14 4 17 7 14 16 6 15 6 6 2 15 13 10 8 8 10 6 6 5 16 10000 6 
12 16 19 5 16 11 11 13 13 8 12 15 17 12 10 11 9 7 6 13 22 10 6 15 3 5 7 13 18 3 18 11 15 21 8 19 11 10 5 15 17 12 13 13 5 11 5 10 19 6 10000 
