60
10
1000	500	0	1000	9951.000000	21.000000
7	4	1	2	1841.000000	8631.000000
8	0	5	8	4990.000000	7870.000000
9	6	9	9	2916.000000	6132.000000
7	3	0	3	5075.000000	1938.000000
6	3	0	1	6576.000000	6993.000000
8	6	5	8	3565.000000	5620.000000
7	0	1	7	8846.000000	6660.000000
8	7	8	8	6728.000000	1423.000000
10	1	2	6	2082.000000	6703.000000
9	5	6	8	8636.000000	4008.000000
10	4	8	10	3384.000000	6010.000000
9	5	5	7	796.000000	7944.000000
7	4	0	4	7527.000000	2031.000000
7	3	4	4	8918.000000	7663.000000
10	0	5	9	5673.000000	8971.000000
6	6	2	4	3278.000000	9404.000000
10	3	0	4	861.000000	2423.000000
6	1	1	2	3165.000000	276.000000
10	0	1	9	9403.000000	3335.000000
6	6	5	6	5904.000000	1452.000000
10	3	6	8	6428.000000	4812.000000
10	7	2	3	5829.000000	5757.000000
6	0	6	6	7891.000000	1906.000000
10	3	10	10	7771.000000	9830.000000
10	10	2	8	3036.000000	7669.000000
9	5	2	5	3600.000000	4535.000000
10	8	9	10	8990.000000	4770.000000
8	4	3	3	1918.000000	6161.000000
8	6	7	7	8057.000000	6389.000000
7	3	7	7	1376.000000	9489.000000
9	5	5	5	1765.000000	3968.000000
8	8	3	5	676.000000	1259.000000
8	6	1	3	9863.000000	6185.000000
10	8	1	8	2113.000000	5973.000000
8	3	4	6	4068.000000	6730.000000
8	0	2	2	6618.000000	9757.000000
7	5	2	7	2873.000000	7367.000000
9	0	4	7	981.000000	3827.000000
8	7	3	5	1223.000000	7272.000000
8	5	5	7	9917.000000	8186.000000
6	4	5	5	2024.000000	8543.000000
8	8	5	7	2764.000000	2171.000000
6	1	5	6	5208.000000	2045.000000
6	4	1	2	3665.000000	2274.000000
10	1	2	2	3874.000000	3501.000000
8	1	3	6	5910.000000	4081.000000
8	6	4	7	884.000000	9730.000000
10	2	8	9	2197.000000	5984.000000
8	3	5	8	7559.000000	8138.000000
6	5	2	3	6007.000000	4049.000000
6	2	2	6	1251.000000	2551.000000
9	0	9	9	8410.000000	8697.000000
6	4	1	5	9630.000000	2760.000000
8	1	2	5	5669.000000	6375.000000
8	2	8	8	8455.000000	1057.000000
10	0	5	9	2634.000000	6919.000000
7	2	3	5	2128.000000	1675.000000
9	5	7	9	5144.000000	5289.000000
6	2	5	5	6172.000000	9157.000000
9	0	8	9	271.000000	1779.000000
10000 24 19 19 11 16 17 14 8 21 9 18 25 7 16 20 24 19 14 7 9 12 15 6 21 21 16 10 21 14 26 19 19 13 20 18 21 21 20 23 17 24 16 11 14 15 12 27 20 17 12 19 18 6 16 4 21 16 15 20 20 
24 10000 7 6 15 11 7 15 18 4 17 7 3 18 15 8 4 13 17 19 17 12 10 19 13 4 9 17 5 14 2 10 15 17 6 6 10 4 10 3 17 1 14 15 14 12 13 3 6 12 13 13 14 20 9 21 4 14 10 9 15 
19 7 10000 6 12 4 6 9 14 7 11 5 9 13 8 3 5 14 16 13 13 7 5 14 7 4 8 11 8 7 8 11 16 11 7 3 5 5 12 8 10 7 13 12 12 10 8 10 7 6 8 14 8 14 4 16 6 14 6 4 16 
19 6 6 10000 10 8 2 12 13 3 13 1 6 13 13 8 7 9 12 15 12 8 6 14 13 4 4 13 2 11 8 5 11 14 2 3 11 3 7 5 15 6 8 10 8 6 8 9 2 11 8 8 13 16 6 16 2 10 5 9 11 
11 15 12 10 10000 11 8 13 4 12 9 9 15 5 14 15 16 9 6 10 2 7 8 6 17 13 6 10 11 11 17 8 9 13 11 10 16 12 10 14 16 15 5 1 3 4 5 18 10 14 5 8 16 10 9 7 12 6 7 15 10 
16 11 4 8 11 10000 7 5 12 10 8 7 12 11 5 5 9 15 16 10 12 5 3 11 7 8 8 7 10 4 12 12 17 7 10 6 6 8 13 11 8 10 13 11 12 9 6 13 9 4 6 14 6 11 3 13 8 14 5 5 17 
17 7 6 2 8 7 10000 11 11 4 11 1 8 11 12 8 8 9 11 13 10 6 5 12 12 5 3 11 4 10 9 5 11 13 3 3 11 4 7 6 14 7 8 8 7 5 6 10 3 10 6 8 12 14 5 14 4 9 4 9 11 
14 15 9 12 13 5 11 10000 12 14 6 12 17 10 3 8 13 19 18 7 12 7 7 10 7 12 12 4 14 2 16 16 20 3 14 10 8 13 17 16 4 15 16 12 14 12 8 18 14 4 8 18 5 8 7 12 13 17 8 8 20 
8 18 14 13 4 12 11 12 10000 15 7 12 18 3 14 16 18 12 8 7 2 7 9 3 17 15 9 9 14 11 20 12 13 12 13 12 17 15 13 17 15 18 9 4 7 8 6 21 13 14 6 12 15 7 11 4 14 10 9 16 13 
21 4 7 3 12 10 4 14 15 10000 15 3 4 15 14 9 6 9 14 17 13 10 8 16 13 3 6 15 2 12 6 6 12 16 2 4 11 3 7 3 16 4 10 12 10 8 10 7 2 12 10 9 14 18 8 18 2 11 7 10 11 
9 17 11 13 9 8 11 6 7 15 10000 12 18 5 8 12 16 16 14 3 8 5 7 5 12 14 11 2 15 5 19 14 17 5 14 11 13 14 16 17 9 17 13 8 11 10 6 20 14 9 6 16 10 4 8 6 14 14 8 12 18 
18 7 5 1 9 7 1 12 12 3 12 10000 7 12 12 8 7 9 12 14 11 7 5 13 12 4 3 12 3 10 9 6 11 13 3 2 10 3 7 6 14 6 8 9 8 6 7 9 3 10 7 9 12 15 5 15 3 10 4 9 11 
25 3 9 6 15 12 8 17 18 4 18 7 10000 18 17 10 6 12 17 20 17 13 11 19 15 5 9 18 5 15 4 9 14 19 5 7 13 5 9 2 19 3 13 15 13 11 13 4 5 14 14 11 16 21 11 21 5 13 11 12 13 
7 18 13 13 5 11 11 10 3 15 5 12 18 10000 12 15 18 14 10 5 4 6 9 1 16 15 10 7 14 9 20 13 14 10 14 12 16 15 14 17 14 18 10 5 8 8 6 21 14 13 6 13 14 5 10 3 14 11 9 15 15 
16 15 8 13 14 5 12 3 14 14 8 12 17 12 10000 7 12 20 19 9 14 8 8 12 5 12 13 6 15 4 16 17 21 4 15 10 7 13 18 16 3 14 17 14 16 14 10 17 14 3 10 19 3 10 7 14 13 19 9 7 21 
20 8 3 8 15 5 8 8 16 9 12 8 10 15 7 10000 5 17 19 14 16 9 7 15 5 6 10 11 10 8 9 13 19 11 10 6 3 7 14 10 9 8 15 14 14 12 10 10 10 5 10 16 6 15 6 17 8 17 8 2 18 
24 4 5 7 16 9 8 13 18 6 16 7 6 18 12 5 10000 15 19 18 17 12 9 18 10 4 10 15 8 12 4 12 18 15 8 6 7 5 13 6 14 4 15 16 15 12 12 5 8 9 13 15 11 19 8 20 6 16 10 6 17 
19 13 14 9 9 15 9 19 12 9 16 9 12 14 20 17 15 10000 7 18 11 13 12 15 21 12 7 17 8 17 15 4 3 20 8 11 19 11 3 10 22 13 4 9 6 7 11 15 8 18 11 1 20 18 13 16 10 3 11 18 2 
14 17 16 12 6 16 11 18 8 14 14 12 17 10 19 19 19 7 10000 14 6 12 13 10 22 15 9 15 13 16 19 8 6 18 12 14 21 15 9 15 21 17 4 6 5 7 10 20 12 19 10 6 20 14 14 11 14 4 11 19 7 
7 19 13 15 10 10 13 7 7 17 3 14 20 5 9 14 18 18 14 10000 8 7 9 5 14 16 12 3 17 7 21 16 18 6 16 13 14 16 17 19 10 19 14 9 12 12 8 22 16 11 7 17 11 2 10 5 16 15 10 14 19 
9 17 13 12 2 12 10 12 2 13 8 11 17 4 14 16 17 11 6 8 10000 7 9 5 18 14 8 10 13 11 19 10 11 13 12 12 17 14 11 15 16 17 7 2 5 6 6 20 12 14 6 10 16 8 10 6 13 8 8 16 12 
12 12 7 8 7 5 6 7 7 10 5 7 13 6 8 9 12 13 12 7 7 10000 3 7 11 9 6 6 10 5 14 10 14 8 9 7 10 9 12 12 10 12 10 7 8 6 2 15 9 8 2 12 9 8 4 9 9 11 3 9 14 
15 10 5 6 8 3 5 7 9 8 7 5 11 9 8 7 9 12 13 9 9 3 10000 9 10 7 6 7 8 5 12 9 14 9 8 5 9 7 11 10 10 10 10 8 9 6 4 13 8 6 4 12 8 10 2 11 7 12 2 7 14 
6 19 14 14 6 11 12 10 3 16 5 13 19 1 12 15 18 15 10 5 5 7 9 10000 16 16 11 7 15 9 20 13 15 10 15 13 16 15 15 18 14 18 11 6 9 9 6 22 15 13 6 14 14 4 10 3 15 12 9 15 16 
21 13 7 13 17 7 12 7 17 13 12 12 15 16 5 5 10 21 22 14 18 11 10 16 10000 11 14 11 14 7 13 17 23 9 14 10 3 11 19 15 6 12 19 17 18 15 13 14 14 4 13 20 3 15 9 18 12 20 11 4 23 
21 4 4 4 13 8 5 12 15 3 14 4 5 15 12 6 4 12 15 16 14 9 7 16 11 10000 7 14 4 11 5 8 14 14 4 3 9 1 9 4 14 3 12 13 11 9 10 6 4 10 10 11 11 17 6 18 2 13 7 7 14 
16 9 8 4 6 8 3 12 9 6 11 3 9 10 13 10 10 7 9 12 8 6 6 11 14 7 10000 11 5 10 11 4 9 13 5 5 13 6 6 8 15 9 6 6 5 3 5 12 5 11 5 7 13 13 6 12 6 7 4 11 9 
10 17 11 13 10 7 11 4 9 15 2 12 18 7 6 11 15 17 15 3 10 6 7 7 11 14 11 10000 15 4 18 15 19 4 14 11 12 14 17 17 8 16 14 10 12 11 7 20 14 8 7 17 8 5 8 8 14 16 8 11 19 
21 5 8 2 11 10 4 14 14 2 15 3 5 14 15 10 8 8 13 17 13 10 8 15 14 4 5 15 10000 13 7 5 11 16 1 5 12 4 6 3 17 5 9 11 9 7 10 8 1 12 10 8 14 17 8 17 3 9 7 11 10 
14 14 7 11 11 4 10 2 11 12 5 10 15 9 4 8 12 17 16 7 11 5 5 9 7 11 10 4 13 10000 15 14 18 4 12 9 8 11 16 14 6 13 14 11 13 11 7 16 12 4 7 16 5 8 5 11 11 16 7 7 19 
26 2 8 8 17 12 9 16 20 6 19 9 4 20 16 9 4 15 19 21 19 14 12 20 13 5 11 18 7 15 10000 12 17 19 8 8 11 6 12 5 18 3 15 17 16 13 15 2 8 13 15 14 15 22 11 23 6 16 12 10 16 
19 10 11 5 8 12 5 16 12 6 14 6 9 13 17 13 12 4 8 16 10 10 9 13 17 8 4 15 5 14 12 10000 6 17 5 8 16 8 2 7 19 10 5 8 6 5 9 12 5 15 9 4 17 16 10 15 7 5 8 14 6 
19 15 16 11 9 17 11 20 13 12 17 11 14 14 21 19 18 3 6 18 11 14 14 15 23 14 9 19 11 18 17 6 10000 21 10 13 21 13 6 13 24 15 5 10 7 8 12 17 10 20 13 3 22 19 15 16 12 4 13 20 2 
13 17 11 14 13 7 13 3 12 16 5 13 19 10 4 11 15 20 18 6 13 8 9 10 9 14 13 4 16 4 19 17 21 10000 16 12 10 15 19 18 5 17 17 13 15 14 9 20 16 7 9 19 6 7 9 11 15 18 10 10 22 
20 6 7 2 11 10 3 14 13 2 14 3 5 14 15 10 8 8 12 16 12 9 8 15 14 4 5 14 1 12 8 5 10 16 10000 5 12 4 5 4 17 6 8 11 9 7 9 8 1 12 9 8 14 17 8 17 3 9 7 11 10 
18 6 3 3 10 6 3 10 12 4 11 2 7 12 10 6 6 11 14 13 12 7 5 13 10 3 5 11 5 9 8 8 13 12 5 10000 8 3 9 6 13 6 10 10 9 7 7 9 5 8 7 11 10 14 4 15 3 11 4 7 13 
21 10 5 11 16 6 11 8 17 11 13 10 13 16 7 3 7 19 21 14 17 10 9 16 3 9 13 12 12 8 11 16 21 10 12 8 10000 9 17 12 8 10 18 16 17 14 12 12 12 4 12 18 5 16 8 18 10 19 10 2 21 
21 4 5 3 12 8 4 13 15 3 14 3 5 15 13 7 5 11 15 16 14 9 7 15 11 1 6 14 4 11 6 8 13 15 4 3 9 10000 9 4 15 3 11 12 11 8 9 7 4 10 10 11 12 17 6 17 2 12 7 8 13 
20 10 12 7 10 13 7 17 13 7 16 7 9 14 18 14 13 3 9 17 11 12 11 15 19 9 6 17 6 16 12 2 6 19 5 9 17 9 10000 7 20 10 5 10 7 6 10 12 5 16 11 3 18 18 11 16 8 5 9 15 5 
23 3 8 5 14 11 6 16 17 3 17 6 2 17 16 10 6 10 15 19 15 12 10 18 15 4 8 17 3 14 5 7 13 18 4 6 12 4 7 10000 18 4 11 14 12 10 12 5 4 13 12 10 15 20 10 20 3 12 9 11 12 
17 17 10 15 16 8 14 4 15 16 9 14 19 14 3 9 14 22 21 10 16 10 10 14 6 14 15 8 17 6 18 19 24 5 17 13 8 15 20 18 10000 16 19 16 18 16 12 19 17 5 12 21 4 11 10 15 15 21 12 8 24 
24 1 7 6 15 10 7 15 18 4 17 6 3 18 14 8 4 13 17 19 17 12 10 18 12 3 9 16 5 13 3 10 15 17 6 6 10 3 10 4 16 10000 13 15 13 11 12 4 6 12 13 13 13 20 9 20 4 14 10 9 14 
16 14 13 8 5 13 8 16 9 10 13 8 13 10 17 15 15 4 4 14 7 10 10 11 19 12 6 14 9 14 15 5 5 17 8 10 18 11 5 11 19 13 10000 5 2 4 8 16 8 16 8 4 18 14 11 12 10 2 8 16 6 
11 15 12 10 1 11 8 12 4 12 8 9 15 5 14 14 16 9 6 9 2 7 8 6 17 13 6 10 11 11 17 8 10 13 11 10 16 12 10 14 16 15 5 10000 4 4 5 18 10 14 5 8 15 9 9 7 12 7 7 15 10 
14 14 12 8 3 12 7 14 7 10 11 8 13 8 16 14 15 6 5 12 5 8 9 9 18 11 5 12 9 13 16 6 7 15 9 9 17 11 7 12 18 13 2 4 10000 3 6 16 8 15 6 5 16 12 10 10 10 4 7 15 7 
15 12 10 6 4 9 5 12 8 8 10 6 11 8 14 12 12 7 7 12 6 6 6 9 15 9 3 11 7 11 13 5 8 14 7 7 14 8 6 10 16 11 4 4 3 10000 5 14 6 12 5 6 14 12 7 11 8 6 5 13 8 
12 13 8 8 5 6 6 8 6 10 6 7 13 6 10 10 12 11 10 8 6 2 4 6 13 10 5 7 10 7 15 9 12 9 9 7 12 9 10 12 12 12 8 5 6 5 10000 16 9 9 1 10 11 8 5 8 9 9 3 11 13 
27 3 10 9 18 13 10 18 21 7 20 9 4 21 17 10 5 15 20 22 20 15 13 22 14 6 12 20 8 16 2 12 17 20 8 9 12 7 12 5 19 4 16 18 16 14 16 10000 8 14 16 15 16 23 12 24 7 17 13 11 16 
20 6 7 2 10 9 3 14 13 2 14 3 5 14 14 10 8 8 12 16 12 9 8 15 14 4 5 14 1 12 8 5 10 16 1 5 12 4 5 4 17 6 8 10 8 6 9 8 10000 12 9 8 14 17 7 16 3 9 7 11 10 
17 12 6 11 14 4 10 4 14 12 9 10 14 13 3 5 9 18 19 11 14 8 6 13 4 10 11 8 12 4 13 15 20 7 12 8 4 10 16 13 5 12 16 14 15 12 9 14 12 10000 9 17 3 12 6 15 11 17 8 4 20 
12 13 8 8 5 6 6 8 6 10 6 7 14 6 10 10 13 11 10 7 6 2 4 6 13 10 5 7 10 7 15 9 13 9 9 7 12 10 11 12 12 13 8 5 6 5 1 16 9 9 10000 10 11 8 5 8 9 10 4 11 13 
19 13 14 8 8 14 8 18 12 9 16 9 11 13 19 16 15 1 6 17 10 12 12 14 20 11 7 17 8 16 14 4 3 19 8 11 18 11 3 10 21 13 4 8 5 6 10 15 8 17 10 10000 19 17 12 15 10 3 10 17 3 
18 14 8 13 16 6 12 5 15 14 10 12 16 14 3 6 11 20 20 11 16 9 8 14 3 11 13 8 14 5 15 17 22 6 14 10 5 12 18 15 4 13 18 15 16 14 11 16 14 3 11 19 10000 13 8 16 13 19 10 5 22 
6 20 14 16 10 11 14 8 7 18 4 15 21 5 10 15 19 18 14 2 8 8 10 4 15 17 13 5 17 8 22 16 19 7 17 14 16 17 18 20 11 20 14 9 12 12 8 23 17 12 8 17 13 10000 11 5 17 16 11 15 19 
16 9 4 6 9 3 5 7 11 8 8 5 11 10 7 6 8 13 14 10 10 4 2 10 9 6 6 8 8 5 11 10 15 9 8 4 8 6 11 10 10 9 11 9 10 7 5 12 7 6 5 12 8 11 10000 13 7 12 3 6 15 
4 21 16 16 7 13 14 12 4 18 6 15 21 3 14 17 20 16 11 5 6 9 11 3 18 18 12 8 17 11 23 15 16 11 17 15 18 17 16 20 15 20 12 7 10 11 8 24 16 15 8 15 16 5 13 10000 17 13 11 17 17 
21 4 6 2 12 8 4 13 14 2 14 3 5 14 13 8 6 10 14 16 13 9 7 15 12 2 6 14 3 11 6 7 12 15 3 3 10 2 8 3 15 4 10 12 10 8 9 7 3 11 9 10 13 17 7 17 10000 11 6 9 12 
16 14 14 10 6 14 9 17 10 11 14 10 13 11 19 17 16 3 4 15 8 11 12 12 20 13 7 16 9 16 16 5 4 18 9 11 19 12 5 12 21 14 2 7 4 6 9 17 9 17 10 3 19 16 12 13 11 10000 10 18 4 
15 10 6 5 7 5 4 8 9 7 8 4 11 9 9 8 10 11 11 10 8 3 2 9 11 7 4 8 7 7 12 8 13 10 7 4 10 7 9 9 12 10 8 7 7 5 3 13 7 8 4 10 10 11 3 11 6 10 10000 9 13 
20 9 4 9 15 5 9 8 16 10 12 9 12 15 7 2 6 18 19 14 16 9 7 15 4 7 11 11 11 7 10 14 20 10 11 7 2 8 15 11 8 9 16 15 15 13 11 11 11 4 11 17 5 15 6 17 9 18 9 10000 19 
20 15 16 11 10 17 11 20 13 11 18 11 13 15 21 18 17 2 7 19 12 14 14 16 23 14 9 19 10 19 16 6 2 22 10 13 21 13 5 12 24 14 6 10 7 8 13 16 10 20 13 3 22 19 15 17 12 4 13 19 10000 
