50
10
1000	500	0	1000	2746.000000	6557.000000
8	1	1	3	8135.000000	6036.000000
6	3	3	3	286.000000	366.000000
8	8	7	8	6470.000000	4799.000000
9	3	1	1	8602.000000	4256.000000
10	2	8	9	8783.000000	2502.000000
7	0	0	3	1176.000000	3027.000000
9	6	9	9	1536.000000	6937.000000
9	2	3	7	511.000000	7031.000000
6	2	6	6	293.000000	9240.000000
7	7	3	6	7420.000000	3320.000000
8	0	0	6	3543.000000	6043.000000
7	5	5	6	8426.000000	9836.000000
10	2	4	4	6158.000000	478.000000
9	6	9	9	6450.000000	2386.000000
9	4	9	9	1276.000000	6123.000000
9	1	8	9	2402.000000	2452.000000
8	1	4	8	8214.000000	148.000000
10	4	1	2	4318.000000	253.000000
9	8	9	9	758.000000	3162.000000
7	7	2	6	8094.000000	3680.000000
6	0	6	6	1077.000000	6886.000000
9	3	3	6	6201.000000	6438.000000
8	3	7	7	1075.000000	8462.000000
6	3	4	4	153.000000	5596.000000
8	1	0	5	4488.000000	1225.000000
7	0	2	2	5465.000000	9972.000000
6	5	2	4	8361.000000	9691.000000
9	4	9	9	8027.000000	7635.000000
9	4	3	8	8282.000000	2626.000000
7	6	7	7	4073.000000	2026.000000
7	3	2	4	4933.000000	7289.000000
8	2	2	8	8195.000000	104.000000
8	7	5	5	7402.000000	6555.000000
8	7	7	8	8785.000000	3065.000000
10	7	6	8	822.000000	2656.000000
6	5	3	4	2632.000000	3694.000000
10	10	7	7	2709.000000	4177.000000
6	5	1	6	3571.000000	3659.000000
10	4	7	9	3869.000000	1687.000000
8	8	6	8	1358.000000	113.000000
10	0	2	10	9300.000000	8693.000000
10	0	1	5	4008.000000	2597.000000
6	4	3	6	2849.000000	7737.000000
9	5	1	6	6966.000000	859.000000
8	0	3	7	3802.000000	9393.000000
9	1	9	9	4064.000000	7596.000000
8	8	4	4	1291.000000	3996.000000
10	6	8	8	3657.000000	3282.000000
8	8	8	8	8119.000000	4478.000000
8	1	6	7	6972.000000	7135.000000
10000 11 14 9 13 15 8 3 5 8 12 2 14 14 12 4 9 17 13 8 13 4 7 6 6 12 9 13 11 14 10 5 17 10 14 9 6 5 7 10 14 14 9 3 15 7 4 6 7 12 9 
11 10000 20 5 4 8 16 14 16 17 6 10 8 12 9 14 14 12 14 16 5 15 4 15 16 13 10 8 4 7 12 7 12 2 7 17 12 12 11 13 19 6 11 12 11 11 9 15 11 4 4 
14 20 10000 16 19 18 6 14 14 18 16 14 25 12 13 12 6 16 9 6 17 14 17 17 11 9 22 25 22 17 9 17 16 19 18 5 9 10 10 8 3 25 9 16 14 20 17 8 9 18 20 
9 5 16 10000 5 7 12 11 13 16 4 7 11 9 5 11 10 10 11 12 4 12 4 14 13 9 11 11 7 6 8 6 11 4 6 13 8 8 7 9 14 10 7 10 8 11 8 11 7 4 5 
13 4 19 5 10000 4 16 16 18 20 4 11 12 9 6 16 13 9 12 16 2 16 7 18 18 11 14 11 7 4 11 10 9 6 3 16 12 12 11 11 17 9 10 14 8 15 12 15 11 2 7 
15 8 18 7 4 10000 16 17 19 22 4 13 15 7 5 17 13 5 10 17 3 18 10 20 19 9 17 15 11 2 10 13 5 9 2 16 13 13 11 10 16 13 10 16 5 18 14 16 11 5 10 
8 16 6 12 16 16 10000 8 9 13 13 8 20 12 11 7 3 16 9 1 14 8 13 11 6 8 17 20 17 15 7 12 16 15 16 2 4 4 5 7 6 20 6 10 13 14 11 2 5 15 15 
3 14 14 11 16 17 8 10000 3 6 14 5 15 16 14 2 10 20 15 8 15 1 10 4 4 13 10 15 14 17 12 7 20 12 17 9 7 6 8 12 14 16 10 4 17 7 6 6 9 15 11 
5 16 14 13 18 19 9 3 10000 5 16 7 17 18 16 3 10 21 16 8 17 2 12 4 3 15 12 17 16 18 13 9 21 14 19 9 8 8 10 13 14 18 12 5 18 9 8 7 10 17 13 
8 17 18 16 20 22 13 6 5 10000 19 10 17 22 19 7 15 25 20 13 20 5 14 3 8 19 11 17 16 21 17 11 25 16 21 14 13 12 13 17 19 19 16 6 22 8 9 11 14 19 15 
12 6 16 4 4 4 13 14 16 19 10000 10 14 7 3 14 11 7 9 14 2 15 7 17 16 8 14 13 9 3 8 10 7 7 3 14 10 10 8 8 14 12 7 13 6 15 11 13 8 3 8 
2 10 14 7 11 13 8 5 7 10 10 10000 13 13 10 5 8 16 12 9 11 6 6 7 7 10 9 13 10 12 9 4 16 8 13 9 6 5 5 9 13 13 7 4 13 7 4 7 6 10 8 
14 8 25 11 12 15 20 15 17 17 14 13 10000 20 16 17 20 20 21 21 13 16 9 15 19 19 6 1 5 15 18 9 20 7 14 21 17 17 16 19 25 3 17 12 19 10 10 19 17 11 7 
14 12 12 9 9 7 12 16 18 22 7 13 20 10000 4 15 9 5 4 13 8 17 12 19 16 4 20 19 15 7 6 14 5 13 8 12 10 11 9 6 10 18 7 16 2 19 15 13 8 9 14 
12 9 13 5 6 5 11 14 16 19 3 10 16 4 10000 13 9 6 7 12 5 15 9 17 15 5 16 16 11 4 5 11 6 9 5 12 9 9 7 6 12 14 5 13 4 15 12 11 6 6 10 
4 14 12 11 16 17 7 2 3 7 14 5 17 15 13 10000 8 19 14 7 15 2 10 5 3 12 12 16 14 16 10 8 19 13 17 7 6 5 7 11 13 17 9 5 16 9 7 5 8 15 12 
9 14 6 10 13 13 3 10 10 15 11 8 20 9 9 8 10000 13 6 4 12 10 12 13 8 5 17 19 16 12 4 11 13 13 13 4 3 4 4 4 6 19 4 11 10 15 11 4 4 13 14 
17 12 16 10 9 5 16 20 21 25 7 16 20 5 6 19 13 10000 8 17 8 20 14 22 20 8 21 20 15 5 10 16 1 13 6 16 14 14 12 10 14 18 10 19 3 21 18 16 12 9 15 
13 14 9 11 12 10 9 15 16 20 9 12 21 4 7 14 6 8 10000 10 11 15 13 18 14 2 20 21 17 10 4 15 8 15 11 9 8 9 7 4 6 20 5 16 6 19 15 10 7 12 15 
8 16 6 12 16 17 1 8 8 13 14 9 21 13 12 7 4 17 10 10000 15 8 13 11 6 9 17 21 18 16 8 12 17 15 17 2 4 5 6 7 7 21 7 11 14 14 12 2 6 15 15 
13 5 17 4 2 3 14 15 17 20 2 11 13 8 5 15 12 8 11 15 10000 16 7 17 17 9 14 13 8 3 9 10 8 6 2 15 11 11 10 10 16 11 9 14 7 15 12 14 9 2 8 
4 15 14 12 16 18 8 1 2 5 15 6 16 17 15 2 10 20 15 8 16 10000 11 4 4 14 11 16 14 17 12 8 20 13 18 9 8 7 9 12 14 17 11 4 17 8 7 6 9 15 12 
7 4 17 4 7 10 13 10 12 14 7 6 9 12 9 10 12 14 13 13 7 11 10000 12 13 11 8 8 5 9 10 4 14 3 9 14 10 9 8 11 16 8 9 8 12 8 5 11 9 6 3 
6 15 17 14 18 20 11 4 4 3 17 7 15 19 17 5 13 22 18 11 17 4 12 10000 7 17 10 15 15 19 15 9 22 14 19 12 11 10 11 15 17 17 14 4 20 6 7 9 12 17 13 
6 16 11 13 18 19 6 4 3 8 16 7 19 16 15 3 8 20 14 6 17 4 13 7 10000 13 14 19 17 18 11 11 20 15 18 7 7 6 8 11 12 20 10 7 17 11 9 4 9 17 14 
12 13 9 9 11 9 8 13 15 19 8 10 19 4 5 12 5 8 2 9 9 14 11 17 13 10000 18 19 15 9 2 13 8 13 10 8 7 7 6 2 7 18 3 14 6 17 13 9 5 10 13 
9 10 22 11 14 17 17 10 12 11 14 9 6 20 16 12 17 21 20 17 14 11 8 10 14 18 10000 6 7 16 17 6 21 8 16 18 14 13 14 17 22 9 16 7 19 4 6 15 14 13 7 
13 8 25 11 11 15 20 15 17 17 13 13 1 19 16 16 19 20 21 21 13 16 8 15 19 19 6 10000 5 15 18 9 20 7 14 21 17 16 16 19 24 3 17 12 18 10 10 19 16 11 6 
11 4 22 7 7 11 17 14 16 16 9 10 5 15 11 14 16 15 17 18 8 14 5 15 17 15 7 5 10000 11 14 7 16 3 10 18 14 13 12 15 21 4 13 11 14 10 8 16 13 7 3 
14 7 17 6 4 2 15 17 18 21 3 12 15 7 4 16 12 5 10 16 3 17 9 19 18 9 16 15 11 10000 9 12 6 9 2 15 12 12 10 10 15 13 9 15 5 17 14 15 10 4 10 
10 12 9 8 11 10 7 12 13 17 8 9 18 6 5 10 4 10 4 8 9 12 10 15 11 2 17 18 14 9 10000 11 10 12 10 7 5 6 4 1 7 17 2 12 7 15 12 7 3 10 12 
5 7 17 6 10 13 12 7 9 11 10 4 9 14 11 8 11 16 15 12 10 8 4 9 11 13 6 9 7 12 11 10000 16 6 12 13 9 8 8 12 17 10 10 5 14 5 2 10 9 9 5 
17 12 16 11 9 5 16 20 21 25 7 16 20 5 6 19 13 1 8 17 8 20 14 22 20 8 21 20 16 6 10 16 10000 13 7 16 14 14 12 10 14 18 10 19 3 21 18 16 12 9 15 
10 2 19 4 6 9 15 12 14 16 7 8 7 13 9 13 13 13 15 15 6 13 3 14 15 13 8 7 3 9 12 6 13 10000 8 16 12 11 10 13 18 6 11 10 12 10 7 14 10 5 2 
14 7 18 6 3 2 16 17 19 21 3 13 14 8 5 17 13 6 11 17 2 18 9 19 18 10 16 14 10 2 10 12 7 8 10000 16 13 13 11 11 16 12 10 16 6 17 14 16 11 4 9 
9 17 5 13 16 16 2 9 9 14 14 9 21 12 12 7 4 16 9 2 15 9 14 12 7 8 18 21 18 15 7 13 16 16 16 10000 5 5 6 7 6 21 7 11 13 15 12 3 6 16 16 
6 12 9 8 12 13 4 7 8 13 10 6 17 10 9 6 3 14 8 4 11 8 10 11 7 7 14 17 14 12 5 9 14 12 13 5 10000 1 2 5 8 17 4 9 11 12 9 3 3 12 12 
5 12 10 8 12 13 4 6 8 12 10 5 17 11 9 5 4 14 9 5 11 7 9 10 6 7 13 16 13 12 6 8 14 11 13 5 1 10000 3 6 9 16 5 8 11 11 8 3 3 11 11 
7 11 10 7 11 11 5 8 10 13 8 5 16 9 7 7 4 12 7 6 10 9 8 11 8 6 14 16 12 10 4 8 12 10 11 6 2 3 10000 4 9 16 3 9 9 12 8 5 1 10 10 
10 13 8 9 11 10 7 12 13 17 8 9 19 6 6 11 4 10 4 7 10 12 11 15 11 2 17 19 15 10 1 12 10 13 11 7 5 6 4 10000 6 18 2 13 7 16 12 7 4 11 13 
14 19 3 14 17 16 6 14 14 19 14 13 25 10 12 13 6 14 6 7 16 14 16 17 12 7 22 24 21 15 7 17 14 18 16 6 8 9 9 6 10000 24 8 16 12 20 16 8 8 17 18 
14 6 25 10 9 13 20 16 18 19 12 13 3 18 14 17 19 18 20 21 11 17 8 17 20 18 9 3 4 13 17 10 18 6 12 21 17 16 16 18 24 10000 17 14 17 12 11 19 16 9 6 
9 11 9 7 10 10 6 10 12 16 7 7 17 7 5 9 4 10 5 7 9 11 9 14 10 3 16 17 13 9 2 10 10 11 10 7 4 5 3 2 8 17 10000 11 7 14 10 7 2 10 11 
3 12 16 10 14 16 10 4 5 6 13 4 12 16 13 5 11 19 16 11 14 4 8 4 7 14 7 12 11 15 12 5 19 10 16 11 9 8 9 13 16 14 11 10000 17 4 3 9 10 13 9 
15 11 14 8 8 5 13 17 18 22 6 13 19 2 4 16 10 3 6 14 7 17 12 20 17 6 19 18 14 5 7 14 3 12 6 13 11 11 9 7 12 17 7 17 10000 19 15 13 9 8 13 
7 11 20 11 15 18 14 7 9 8 15 7 10 19 15 9 15 21 19 14 15 8 8 6 11 17 4 10 10 17 15 5 21 10 17 15 12 11 12 16 20 12 14 4 19 10000 4 12 13 14 8 
4 9 17 8 12 14 11 6 8 9 11 4 10 15 12 7 11 18 15 12 12 7 5 7 9 13 6 10 8 14 12 2 18 7 14 12 9 8 8 12 16 11 10 3 15 4 10000 10 9 11 6 
6 15 8 11 15 16 2 6 7 11 13 7 19 13 11 5 4 16 10 2 14 6 11 9 4 9 15 19 16 15 7 10 16 14 16 3 3 3 5 7 8 19 7 9 13 12 10 10000 5 14 13 
7 11 9 7 11 11 5 9 10 14 8 6 17 8 6 8 4 12 7 6 9 9 9 12 9 5 14 16 13 10 3 9 12 10 11 6 3 3 1 4 8 16 2 10 9 13 9 5 10000 10 11 
12 4 18 4 2 5 15 15 17 19 3 10 11 9 6 15 13 9 12 15 2 15 6 17 17 10 13 11 7 4 10 9 9 5 4 16 12 11 10 11 17 9 10 13 8 14 11 14 10 10000 6 
9 4 20 5 7 10 15 11 13 15 8 8 7 14 10 12 14 15 15 15 8 12 3 13 14 13 7 6 3 10 12 5 15 2 9 16 12 11 10 13 18 6 11 9 13 8 6 13 11 6 10000 
