40
10
1000	500	0	1000	5218.000000	4518.000000
7	0	0	6	6924.000000	9281.000000
9	2	8	8	741.000000	6872.000000
7	2	6	7	6079.000000	8699.000000
10	3	2	6	147.000000	9697.000000
10	2	8	9	289.000000	2274.000000
9	1	8	8	5654.000000	5423.000000
9	4	8	9	9696.000000	8801.000000
8	4	5	8	286.000000	4207.000000
6	3	1	3	799.000000	588.000000
8	0	4	5	2267.000000	2961.000000
8	7	7	7	9888.000000	5635.000000
7	0	6	7	2597.000000	1120.000000
8	5	6	8	2754.000000	6977.000000
9	8	7	8	2167.000000	5811.000000
7	4	7	7	1425.000000	4303.000000
7	0	3	5	2716.000000	270.000000
10	1	2	4	1689.000000	5647.000000
7	5	3	4	4129.000000	1361.000000
9	4	4	9	836.000000	841.000000
8	7	4	7	1604.000000	4738.000000
10	4	7	10	4536.000000	7945.000000
6	1	0	0	7041.000000	2218.000000
7	0	0	1	2238.000000	7092.000000
10	9	5	10	6701.000000	1620.000000
7	5	0	1	6645.000000	8523.000000
7	2	7	7	9934.000000	8078.000000
10	1	2	9	21.000000	8165.000000
10	3	8	8	2286.000000	3291.000000
9	5	4	4	140.000000	1346.000000
10	0	9	9	977.000000	1478.000000
10	5	10	10	7342.000000	5917.000000
10	6	2	10	531.000000	8718.000000
7	4	7	7	9132.000000	1279.000000
10	6	4	7	586.000000	1689.000000
9	0	3	5	820.000000	6959.000000
6	0	6	6	1117.000000	9499.000000
9	0	3	4	7964.000000	4458.000000
9	8	4	5	3073.000000	5894.000000
6	6	1	2	4463.000000	5379.000000
10	4	10	10	475.000000	9374.000000
10000 11 11 9 15 11 3 13 10 12 7 10 9 7 7 8 10 8 7 12 8 7 6 8 7 9 12 13 7 12 11 6 13 11 11 11 13 6 6 3 14 
11 10000 14 3 14 20 9 6 17 22 16 10 19 10 12 15 20 13 17 21 14 6 15 11 16 2 7 14 16 21 20 7 13 17 20 14 12 10 11 10 13 
11 14 10000 12 6 10 11 19 6 13 9 19 13 5 4 6 14 4 13 13 5 8 16 4 16 13 19 3 8 12 11 14 4 21 11 1 6 16 6 9 6 
9 3 12 10000 13 18 7 8 15 20 14 10 17 8 10 13 19 11 16 19 12 4 14 9 15 2 8 13 14 19 18 7 12 17 18 12 11 10 9 8 12 
15 14 6 13 10000 15 14 20 11 19 15 22 18 8 9 12 20 9 19 18 11 10 21 7 21 14 20 4 14 17 17 17 3 25 17 6 2 19 10 13 1 
11 20 10 18 15 10000 13 23 4 4 5 21 6 11 9 5 7 8 8 4 6 15 14 11 13 18 23 12 5 2 3 16 13 18 2 10 15 16 10 11 15 
3 9 11 7 14 13 10000 11 12 14 9 9 11 7 8 9 12 8 9 14 9 6 7 8 8 7 11 13 8 14 13 4 13 11 13 11 13 6 6 3 14 
13 6 19 8 20 23 11 10000 21 25 19 7 21 15 17 19 23 18 19 24 19 11 15 16 16 7 2 20 19 25 23 8 19 16 24 19 18 10 15 13 19 
10 17 6 15 11 4 12 21 10000 8 5 20 8 8 5 3 10 5 10 7 3 12 15 7 14 16 21 8 5 6 6 15 10 19 6 6 11 16 7 9 11 
12 22 13 20 19 4 14 25 8 10000 6 21 4 14 11 8 4 11 7 1 9 17 13 14 12 20 24 16 7 3 2 17 17 17 3 13 18 17 12 13 18 
7 16 9 14 15 5 9 19 5 6 10000 17 4 9 6 4 6 6 5 6 4 11 10 9 10 15 19 12 1 6 4 12 13 15 5 9 14 12 7 7 14 
10 10 19 10 22 21 9 7 20 21 17 10000 18 15 16 18 18 17 15 21 17 12 9 16 11 9 5 21 16 22 20 6 20 9 21 19 20 5 14 11 21 
9 19 13 17 18 6 11 21 8 4 4 18 10000 12 10 7 2 10 4 4 8 15 10 12 9 17 21 16 5 5 4 14 16 14 5 13 18 13 10 10 18 
7 10 5 8 8 11 7 15 8 14 9 15 12 10000 3 6 14 4 12 13 6 5 13 2 14 9 15 6 8 13 12 10 6 18 12 4 7 12 3 5 7 
7 12 4 10 9 9 8 17 5 11 6 16 10 3 10000 4 12 2 10 11 3 7 13 3 13 11 17 7 6 10 9 11 7 17 9 4 8 12 2 5 8 
8 15 6 13 12 5 9 19 3 8 4 18 7 6 4 10000 9 3 8 8 1 10 12 6 12 14 19 9 3 7 6 13 10 17 6 6 11 14 5 7 11 
10 20 14 19 20 7 12 23 10 4 6 18 2 14 12 9 10000 11 4 4 10 16 10 14 9 19 22 17 7 6 5 15 18 13 6 14 19 14 12 11 19 
8 13 4 11 9 8 8 18 5 11 6 17 10 4 2 3 11 10000 10 10 2 8 13 4 13 12 18 7 5 10 9 12 7 18 9 4 8 13 3 6 8 
7 17 13 16 19 8 9 19 10 7 5 15 4 12 10 8 4 10 10000 7 9 14 7 13 6 16 18 16 6 8 7 12 17 11 8 14 18 10 10 9 18 
12 21 13 19 18 4 14 24 7 1 6 21 4 13 11 8 4 10 7 10000 8 17 13 13 12 20 24 15 6 2 2 17 16 17 2 13 18 16 12 12 18 
8 14 5 12 11 6 9 19 3 9 4 17 8 6 3 1 10 2 9 8 10000 9 12 5 12 13 18 8 4 8 7 12 9 17 7 5 10 13 4 6 10 
7 6 8 4 10 15 6 11 12 17 11 12 15 5 7 10 16 8 14 17 9 10000 13 5 14 5 11 10 11 16 15 7 9 17 15 8 8 10 6 6 9 
6 15 16 14 21 14 7 15 15 13 10 9 10 13 13 12 10 13 7 13 12 13 10000 14 2 13 14 19 10 14 13 8 19 5 13 16 19 5 11 9 20 
8 11 4 9 7 11 8 16 7 14 9 16 12 2 3 6 14 4 13 13 5 5 14 10000 15 10 16 5 8 13 12 11 5 19 12 3 6 13 3 6 6 
7 16 16 15 21 13 8 16 14 12 10 11 9 14 13 12 9 13 6 12 12 14 2 15 10000 14 15 19 10 14 12 9 19 5 13 16 20 7 12 9 20 
9 2 13 2 14 18 7 7 16 20 15 9 17 9 11 14 19 12 16 20 13 5 13 10 14 10000 7 14 14 20 19 6 13 16 19 13 12 9 9 8 13 
12 7 19 8 20 23 11 2 21 24 19 5 21 15 17 19 22 18 18 24 18 11 14 16 15 7 10000 20 19 24 23 7 19 14 23 19 18 9 15 13 20 
13 14 3 13 4 12 13 20 8 16 12 21 16 6 7 9 17 7 16 15 8 10 19 5 19 14 20 10000 11 14 14 16 2 23 14 3 4 18 8 11 3 
7 16 8 14 14 5 8 19 5 7 1 16 5 8 6 3 7 5 6 6 4 11 10 8 10 14 19 11 10000 6 5 12 12 15 5 8 13 12 6 7 13 
12 21 12 19 17 2 14 25 6 3 6 22 5 13 10 7 6 10 8 2 8 16 14 13 14 20 24 14 6 10000 2 18 15 18 2 12 17 17 11 12 17 
11 20 11 18 17 3 13 23 6 2 4 20 4 12 9 6 5 9 7 2 7 15 13 12 12 19 23 14 5 2 10000 16 15 17 1 11 17 16 10 11 16 
6 7 14 7 17 16 4 8 15 17 12 6 14 10 11 13 15 12 12 17 12 7 8 11 9 6 7 16 12 18 16 10000 15 10 16 14 15 4 9 6 16 
13 13 4 12 3 13 13 19 10 17 13 20 16 6 7 10 18 7 17 16 9 9 19 5 19 13 19 2 12 15 15 15 10000 23 15 4 2 18 8 11 2 
11 17 21 17 25 18 11 16 19 17 15 9 14 18 17 17 13 18 11 17 17 17 5 19 5 16 14 23 15 18 17 10 23 10000 18 21 23 7 16 13 24 
11 20 11 18 17 2 13 24 6 3 5 21 5 12 9 6 6 9 8 2 7 15 13 12 13 19 23 14 5 2 1 16 15 18 10000 11 16 16 10 11 16 
11 14 1 12 6 10 11 19 6 13 9 19 13 4 4 6 14 4 14 13 5 8 16 3 16 13 19 3 8 12 11 14 4 21 11 10000 6 16 5 8 5 
13 12 6 11 2 15 13 18 11 18 14 20 18 7 8 11 19 8 18 18 10 8 19 6 20 12 18 4 13 17 17 15 2 23 16 6 10000 18 9 11 2 
6 10 16 10 19 16 6 10 16 17 12 5 13 12 12 14 14 13 10 16 13 10 5 13 7 9 9 18 12 17 16 4 18 7 16 16 18 10000 11 8 18 
6 11 6 9 10 10 6 15 7 12 7 14 10 3 2 5 12 3 10 12 4 6 11 3 12 9 15 8 6 11 10 9 8 16 10 5 9 11 10000 3 9 
3 10 9 8 13 11 3 13 9 13 7 11 10 5 5 7 11 6 9 12 6 6 9 6 9 8 13 11 7 12 11 6 11 13 11 8 11 8 3 10000 12 
14 13 6 12 1 15 14 19 11 18 14 21 18 7 8 11 19 8 18 18 10 9 20 6 20 13 20 3 13 17 16 16 2 24 16 5 2 18 9 12 10000 
