60
10
1000	500	0	1000	6895.000000	2924.000000
8	0	3	6	6781.000000	2802.000000
7	4	6	7	7008.000000	5009.000000
8	0	6	7	478.000000	154.000000
6	5	0	3	874.000000	393.000000
9	0	3	4	1692.000000	9914.000000
8	1	2	8	2341.000000	9849.000000
6	4	0	6	6673.000000	2733.000000
9	4	3	9	1444.000000	2590.000000
8	0	3	5	4710.000000	7604.000000
10	2	3	9	5557.000000	4578.000000
7	3	2	6	1361.000000	9434.000000
10	0	2	9	1332.000000	7191.000000
7	6	6	7	5687.000000	4455.000000
8	4	2	7	8167.000000	5641.000000
7	4	7	7	3980.000000	2888.000000
7	7	7	7	1089.000000	3109.000000
6	2	6	6	400.000000	4533.000000
6	1	5	6	1041.000000	179.000000
9	9	5	5	4900.000000	2113.000000
9	7	4	8	1748.000000	8952.000000
10	4	9	9	6236.000000	957.000000
6	2	3	4	9211.000000	1217.000000
8	2	7	8	7532.000000	3250.000000
8	4	2	6	3888.000000	682.000000
8	7	7	8	477.000000	814.000000
9	7	9	9	3084.000000	3760.000000
6	1	1	1	1323.000000	8635.000000
8	3	6	8	6776.000000	6568.000000
8	8	3	3	8658.000000	6506.000000
8	4	3	7	5921.000000	2636.000000
9	4	9	9	9699.000000	198.000000
6	4	3	4	8390.000000	4096.000000
9	0	1	1	4446.000000	6501.000000
6	0	0	6	2176.000000	5081.000000
10	9	1	9	6367.000000	148.000000
10	4	2	6	9987.000000	2050.000000
9	3	8	8	3843.000000	3814.000000
6	5	0	6	4221.000000	1242.000000
9	5	9	9	1459.000000	1912.000000
7	2	6	7	8788.000000	4559.000000
8	1	2	7	6669.000000	2186.000000
9	7	8	8	1651.000000	7721.000000
6	0	0	3	2607.000000	5177.000000
7	2	0	1	9029.000000	3481.000000
9	1	3	4	3417.000000	2757.000000
9	3	5	6	2367.000000	2439.000000
7	6	3	6	5450.000000	3326.000000
9	1	3	6	9017.000000	9588.000000
7	7	1	2	8760.000000	1193.000000
9	1	3	9	8373.000000	8496.000000
7	5	1	6	140.000000	1143.000000
7	2	6	6	1425.000000	9315.000000
10	3	8	10	5533.000000	5324.000000
10	7	1	4	2280.000000	7871.000000
9	0	1	3	2811.000000	2137.000000
10	9	7	9	5785.000000	3488.000000
6	2	6	6	9201.000000	1103.000000
10	6	8	8	8535.000000	6232.000000
7	2	5	6	5799.000000	8266.000000
6	0	1	1	4200.000000	6738.000000
10000 1 5 14 14 18 17 1 11 11 5 18 15 4 7 6 12 14 13 5 16 5 6 2 8 14 8 16 8 8 3 8 4 9 11 6 7 7 7 12 6 2 15 10 5 7 10 3 14 6 12 14 17 6 14 9 3 6 8 11 10 
1 10000 5 14 13 18 17 1 11 11 5 18 14 4 7 6 12 14 13 5 16 4 6 2 8 14 8 16 8 9 2 8 5 9 11 6 7 7 6 11 6 2 15 10 5 7 9 3 15 6 12 14 17 6 14 9 3 6 8 12 10 
5 5 10000 17 16 15 14 5 13 7 4 15 13 3 3 8 13 14 16 8 14 9 9 4 11 16 9 14 4 5 6 12 4 6 10 10 9 7 10 13 4 6 13 9 6 9 11 5 11 9 8 16 15 4 12 11 4 9 4 7 7 
14 14 17 10000 1 20 20 14 6 18 14 19 15 14 19 9 7 9 2 10 18 12 18 16 7 2 9 18 18 21 12 19 18 15 11 12 20 10 8 5 19 14 16 11 19 8 6 12 26 17 23 3 19 15 16 7 13 18 21 20 16 
14 13 16 1 10000 20 20 13 5 17 13 19 14 13 18 8 6 9 1 9 18 11 17 15 7 2 9 17 18 20 12 18 17 15 10 11 19 10 7 4 18 13 15 11 18 7 6 11 25 16 23 3 18 14 16 6 12 17 20 19 15 
18 18 15 20 20 10000 2 18 15 8 14 2 6 14 16 15 14 12 20 17 2 21 23 18 19 19 13 3 13 16 17 26 18 9 10 22 23 13 19 17 18 19 5 10 20 15 16 16 15 23 14 18 2 12 5 16 16 24 16 9 9 
17 17 14 20 20 2 10000 17 15 7 13 3 6 13 15 15 14 12 20 17 3 20 23 17 19 19 13 4 12 15 17 25 17 8 10 22 22 13 18 16 17 18 5 10 19 15 15 15 14 22 13 18 3 12 4 16 15 23 15 8 8 
1 1 5 14 13 18 17 10000 11 11 5 18 14 4 7 6 12 14 13 4 16 4 6 3 7 13 8 16 8 9 2 8 5 9 11 6 7 7 6 11 6 2 15 10 5 7 9 3 15 6 13 14 17 6 14 8 3 7 8 12 10 
11 11 13 6 5 15 15 11 10000 12 10 14 10 10 15 6 2 5 5 7 13 11 16 13 7 5 5 13 14 17 9 18 15 10 6 11 18 6 7 2 16 11 11 6 16 4 2 9 21 15 19 4 14 10 11 3 9 16 16 15 10 
11 11 7 18 17 8 7 11 12 10000 7 8 7 7 8 10 12 11 17 11 7 14 16 11 14 17 9 8 5 9 11 18 11 3 8 16 16 8 13 14 11 12 7 7 12 11 12 9 10 16 8 16 8 5 5 12 9 16 9 3 3 
5 5 4 14 13 14 13 5 10 7 10000 13 10 1 6 5 10 11 13 6 12 8 10 5 9 13 6 12 5 8 4 13 6 5 7 10 11 4 8 10 7 6 11 7 8 6 8 3 13 10 10 13 13 2 10 8 3 11 7 8 6 
18 18 15 19 19 2 3 18 14 8 13 10000 5 14 16 15 13 10 19 17 2 20 23 18 19 18 12 2 13 16 17 25 18 9 9 22 23 13 18 16 18 18 4 9 20 14 15 15 16 23 15 17 1 12 4 15 15 23 16 10 8 
15 14 13 15 14 6 6 14 10 7 10 5 10000 11 15 11 9 6 15 13 4 16 20 15 14 13 8 3 11 15 13 22 16 7 5 18 21 9 14 11 16 15 2 5 18 10 10 12 17 20 15 13 5 10 3 11 12 20 15 10 6 
4 4 3 14 13 14 13 4 10 7 1 14 11 10000 6 5 10 11 13 5 12 8 10 5 9 13 6 13 5 8 4 12 6 5 8 9 10 4 8 10 7 5 11 7 7 6 8 3 13 9 10 13 13 2 10 8 2 10 7 8 6 
7 7 3 19 18 16 15 7 15 8 6 16 15 6 10000 11 16 16 18 10 15 11 10 5 14 19 11 15 4 2 8 12 4 8 13 12 9 10 12 16 3 8 14 12 5 12 14 8 9 9 6 19 16 6 13 13 7 10 2 8 9 
6 6 8 9 8 15 15 6 6 10 5 15 11 5 11 10000 6 8 8 3 13 6 11 8 5 9 3 13 10 12 4 13 10 8 6 8 13 2 4 6 11 6 11 6 11 2 4 4 17 11 15 9 14 6 11 3 4 12 12 12 8 
12 12 13 7 6 14 14 12 2 12 10 13 9 10 16 6 10000 4 6 8 12 12 17 13 8 5 5 12 14 17 10 19 15 10 5 13 18 6 8 3 16 12 10 6 16 5 3 9 21 16 19 5 13 10 10 4 10 17 17 14 10 
14 14 14 9 9 12 12 14 5 11 11 10 6 11 16 8 4 10000 9 11 10 14 19 15 11 8 6 9 14 17 12 21 17 9 4 15 20 8 11 6 17 14 7 5 18 8 6 11 20 19 18 7 10 11 8 7 11 19 17 14 9 
13 13 16 2 1 20 20 13 5 17 13 19 15 13 18 8 6 9 10000 9 18 11 17 15 6 2 9 17 18 20 11 18 17 15 11 11 19 10 7 4 18 12 16 11 18 8 6 11 25 16 23 3 19 14 16 6 12 17 20 19 15 
5 5 8 10 9 17 17 4 7 11 6 17 13 5 10 3 8 11 9 10000 16 4 9 6 4 10 5 15 10 12 3 11 9 9 9 5 11 5 3 7 10 4 13 8 9 4 6 3 18 8 15 10 16 7 13 5 4 9 11 13 10 
16 16 14 18 18 2 3 16 13 7 12 2 4 12 15 13 12 10 18 16 10000 19 22 17 18 17 11 2 12 15 16 24 17 8 8 20 22 12 17 15 17 17 3 8 19 13 14 14 15 21 14 16 1 11 3 14 14 22 15 9 7 
5 4 9 12 11 21 20 4 11 14 8 20 16 8 11 6 12 14 11 4 19 10000 6 6 5 12 9 19 12 13 4 8 8 12 12 2 8 8 5 10 9 3 17 12 8 7 9 5 19 6 16 13 20 9 16 8 6 6 12 15 13 
6 6 9 18 17 23 23 6 16 16 10 23 20 10 10 11 17 19 17 9 22 6 10000 6 11 18 14 22 12 11 8 3 6 15 17 7 3 12 10 16 7 6 20 16 5 12 14 9 17 1 15 19 23 12 20 13 9 1 11 16 15 
2 2 4 16 15 18 17 3 13 11 5 18 15 5 5 8 13 15 15 6 17 6 6 10000 9 15 9 17 7 7 4 8 3 9 12 7 6 8 8 13 4 3 15 11 4 9 11 5 14 5 11 16 18 6 14 10 4 6 7 11 10 
8 8 11 7 7 19 19 7 7 14 9 19 14 9 14 5 8 11 6 4 18 5 11 9 10000 7 7 17 14 16 6 12 12 12 10 6 13 7 2 6 13 7 15 10 12 5 5 7 21 10 19 8 18 10 15 4 7 11 15 16 13 
14 14 16 2 2 19 19 13 5 17 13 18 13 13 19 9 5 8 2 10 17 12 18 15 7 10000 8 16 18 20 12 19 18 14 10 12 20 10 8 3 19 13 15 10 18 8 5 12 25 17 23 1 18 14 15 6 12 18 20 19 14 
8 8 9 9 9 13 13 8 5 9 6 12 8 6 11 3 5 6 9 5 11 9 14 9 7 8 10000 11 10 13 7 16 11 7 4 10 15 2 6 5 12 8 9 3 12 3 4 5 17 13 15 8 12 6 9 4 6 14 12 11 7 
16 16 14 18 17 3 4 16 13 8 12 2 3 13 15 13 12 9 17 15 2 19 22 17 17 16 11 10000 12 16 16 24 17 8 8 20 22 11 16 14 18 17 2 8 19 13 13 14 16 22 15 16 2 11 3 14 14 22 16 9 7 
8 8 4 18 18 13 12 8 14 5 5 13 11 5 4 10 14 14 18 10 12 12 12 7 14 18 10 12 10000 4 9 15 6 5 10 13 12 9 12 15 6 9 11 9 8 11 13 8 8 12 6 18 13 4 10 12 7 12 4 4 6 
8 9 5 21 20 16 15 9 17 9 8 16 15 8 2 12 17 17 20 12 15 13 11 7 16 20 13 16 4 10000 10 13 5 9 14 14 10 12 14 18 4 10 15 13 7 13 15 10 7 11 5 21 16 7 14 15 9 11 1 7 9 
3 2 6 12 12 17 17 2 9 11 4 17 13 4 8 4 10 12 11 3 16 4 8 4 6 12 7 16 9 10 10000 9 6 9 9 6 9 5 5 10 7 2 14 9 7 6 8 2 16 7 13 12 17 6 13 7 2 8 9 12 9 
8 8 12 19 18 26 25 8 18 18 13 25 22 12 12 13 19 21 18 11 24 8 3 8 12 19 16 24 15 13 9 10000 9 17 18 7 4 14 12 17 9 8 23 18 7 14 16 11 19 3 17 20 25 14 22 15 11 3 13 18 18 
4 5 4 18 17 18 17 5 15 11 6 18 16 6 4 10 15 17 17 9 17 8 6 3 12 18 11 17 6 5 6 9 10000 10 13 9 6 10 11 15 2 6 16 12 2 11 13 7 12 6 9 18 18 7 15 12 6 7 5 10 10 
9 9 6 15 15 9 8 9 10 3 5 9 7 5 8 8 10 9 15 9 8 12 15 9 12 14 7 8 5 9 9 17 10 10000 6 14 15 6 11 11 10 10 7 5 11 8 10 7 12 14 9 14 9 4 6 10 7 15 9 5 1 
11 11 10 11 10 10 10 11 6 8 7 9 5 8 13 6 5 4 11 9 8 12 17 12 10 10 4 8 10 14 9 18 13 6 10000 13 17 5 9 7 14 11 6 1 15 6 6 8 17 16 15 9 9 7 6 7 8 17 13 10 6 
6 6 10 12 11 22 22 6 11 16 10 22 18 9 12 8 13 15 11 5 20 2 7 7 6 12 10 20 13 14 6 7 9 14 13 10000 9 9 5 11 11 5 18 13 9 8 10 7 20 6 18 13 21 11 18 9 7 6 13 17 14 
7 7 9 20 19 23 22 7 18 16 11 23 21 10 9 13 18 20 19 11 22 8 3 6 13 20 15 22 12 10 9 4 6 15 17 9 10000 13 12 18 6 7 21 17 4 14 16 10 16 3 14 20 23 12 20 15 9 3 9 15 15 
7 7 7 10 10 13 13 7 6 8 4 13 9 4 10 2 6 8 10 5 12 8 12 8 7 10 2 11 9 12 5 14 10 6 5 9 13 10000 6 7 11 7 9 4 11 3 5 4 16 12 14 10 13 5 9 4 4 13 11 10 6 
7 6 10 8 7 19 18 6 7 13 8 18 14 8 12 4 8 11 7 3 17 5 10 8 2 8 6 16 12 14 5 12 11 11 9 5 12 6 10000 6 12 6 14 9 11 4 5 5 20 10 17 9 18 9 14 4 6 10 14 15 11 
12 11 13 5 4 17 16 11 2 14 10 16 11 10 16 6 3 6 4 7 15 10 16 13 6 3 5 14 15 18 10 17 15 11 7 11 18 7 6 10000 16 11 12 7 16 5 3 9 22 15 20 4 15 11 13 3 10 16 17 16 12 
6 6 4 19 18 18 17 6 16 11 7 18 16 7 3 11 16 17 18 10 17 9 7 4 13 19 12 18 6 4 7 9 2 10 14 11 6 11 12 16 10000 7 16 13 3 12 14 8 11 7 8 19 18 7 15 13 7 7 4 10 11 
2 2 6 14 13 19 18 2 11 12 6 18 15 5 8 6 12 14 12 4 17 3 6 3 7 13 8 17 9 10 2 8 6 10 11 5 7 7 6 11 7 10000 15 11 6 7 9 4 16 5 14 14 18 7 15 8 4 6 9 13 11 
15 15 13 16 15 5 5 15 11 7 11 4 2 11 14 11 10 7 16 13 3 17 20 15 15 15 9 2 11 15 14 23 16 7 6 18 21 9 14 12 16 15 10000 6 18 11 11 12 16 20 14 14 4 10 2 12 12 21 15 9 6 
10 10 9 11 11 10 10 10 6 7 7 9 5 7 12 6 6 5 11 8 8 12 16 11 10 10 3 8 9 13 9 18 12 5 1 13 17 4 9 7 13 11 6 10000 14 6 6 7 16 15 14 10 9 6 6 7 8 16 13 9 5 
5 5 6 19 18 20 19 5 16 12 8 20 18 7 5 11 16 18 18 9 19 8 5 4 12 18 12 19 8 7 7 7 2 11 15 9 4 11 11 16 3 6 18 14 10000 12 14 8 13 5 11 19 20 8 17 13 7 5 6 12 12 
7 7 9 8 7 15 15 7 4 11 6 14 10 6 12 2 5 8 8 4 13 7 12 9 5 8 3 13 11 13 6 14 11 8 6 8 14 3 4 5 12 7 11 6 12 10000 3 5 18 12 16 8 14 7 11 2 5 13 13 13 9 
10 9 11 6 6 16 15 9 2 12 8 15 10 8 14 4 3 6 6 6 14 9 14 11 5 5 4 13 13 15 8 16 13 10 6 10 16 5 5 3 14 9 11 6 14 3 10000 7 20 14 18 6 14 9 11 2 8 14 15 14 10 
3 3 5 12 11 16 15 3 9 9 3 15 12 3 8 4 9 11 11 3 14 5 9 5 7 12 5 14 8 10 2 11 7 7 8 7 10 4 5 9 8 4 12 7 8 5 7 10000 15 8 12 12 15 4 12 6 1 9 9 10 8 
14 15 11 26 25 15 14 15 21 10 13 16 17 13 9 17 21 20 25 18 15 19 17 14 21 25 17 16 8 7 16 19 12 12 17 20 16 16 20 22 11 16 16 16 13 18 20 15 10000 17 3 25 16 12 14 20 14 17 7 7 12 
6 6 9 17 16 23 22 6 15 16 10 23 20 9 9 11 16 19 16 8 21 6 1 5 10 17 13 22 12 11 7 3 6 14 16 6 3 12 10 15 7 5 20 15 5 12 14 8 17 10000 15 18 22 11 19 13 8 1 11 16 15 
12 12 8 23 23 14 13 13 19 8 10 15 15 10 6 15 19 18 23 15 14 16 15 11 19 23 15 15 6 5 13 17 9 9 15 18 14 14 17 20 8 14 14 14 11 16 18 12 3 15 10000 23 14 9 13 17 12 15 5 6 10 
14 14 16 3 3 18 18 14 4 16 13 17 13 13 19 9 5 7 3 10 16 13 19 16 8 1 8 16 18 21 12 20 18 14 9 13 20 10 9 4 19 14 14 10 19 8 6 12 25 18 23 10000 17 14 15 6 13 19 20 19 14 
17 17 15 19 18 2 3 17 14 8 13 1 5 13 16 14 13 10 19 16 1 20 23 18 18 18 12 2 13 16 17 25 18 9 9 21 23 13 18 15 18 18 4 9 20 14 14 15 16 22 14 17 10000 12 4 15 15 23 16 9 8 
6 6 4 15 14 12 12 6 10 5 2 12 10 2 6 6 10 11 14 7 11 9 12 6 10 14 6 11 4 7 6 14 7 4 7 11 12 5 9 11 7 7 10 6 8 7 9 4 12 11 9 14 12 10000 9 9 4 12 7 6 4 
14 14 12 16 16 5 4 14 11 5 10 4 3 10 13 11 10 8 16 13 3 16 20 14 15 15 9 3 10 14 13 22 15 6 6 18 20 9 14 13 15 15 2 6 17 11 11 12 14 19 13 15 4 9 10000 12 12 20 13 8 5 
9 9 11 7 6 16 16 8 3 12 8 15 11 8 13 3 4 7 6 5 14 8 13 10 4 6 4 14 12 15 7 15 12 10 7 9 15 4 4 3 13 8 12 7 13 2 2 6 20 13 17 6 15 9 12 10000 7 13 15 14 10 
3 3 4 13 12 16 15 3 9 9 3 15 12 2 7 4 10 11 12 4 14 6 9 4 7 12 6 14 7 9 2 11 6 7 8 7 9 4 6 10 7 4 12 8 7 5 8 1 14 8 12 13 15 4 12 7 10000 9 8 10 8 
6 6 9 18 17 24 23 7 16 16 11 23 20 10 10 12 17 19 17 9 22 6 1 6 11 18 14 22 12 11 8 3 7 15 17 6 3 13 10 16 7 6 21 16 5 13 14 9 17 1 15 19 23 12 20 13 9 10000 11 16 16 
8 8 4 21 20 16 15 8 16 9 7 16 15 7 2 12 17 17 20 11 15 12 11 7 15 20 12 16 4 1 9 13 5 9 13 13 9 11 14 17 4 9 15 13 6 13 15 9 7 11 5 20 16 7 13 15 8 11 10000 7 9 
11 12 7 20 19 9 8 12 15 3 8 10 10 8 8 12 14 14 19 13 9 15 16 11 16 19 11 9 4 7 12 18 10 5 10 17 15 10 15 16 10 13 9 9 12 13 14 10 7 16 6 19 9 6 8 14 10 16 7 10000 5 
10 10 7 16 15 9 8 10 10 3 6 8 6 6 9 8 10 9 15 10 7 13 15 10 13 14 7 7 6 9 9 18 10 1 6 14 15 6 11 12 11 11 6 5 12 9 10 8 12 15 10 14 8 4 5 10 8 16 9 5 10000 
