60
10
1000	500	0	1000	5167.000000	7730.000000
8	0	8	8	7073.000000	6665.000000
7	5	1	1	9313.000000	2308.000000
7	0	2	4	5082.000000	7965.000000
10	7	8	8	8580.000000	2222.000000
9	6	1	1	3069.000000	3037.000000
9	8	8	8	2565.000000	381.000000
6	3	6	6	9373.000000	8664.000000
10	1	7	9	1460.000000	8399.000000
10	1	1	3	5949.000000	470.000000
9	0	0	8	1800.000000	929.000000
8	5	7	7	2688.000000	2561.000000
7	2	2	5	4403.000000	5693.000000
8	1	3	8	6513.000000	5189.000000
7	7	7	7	1410.000000	7761.000000
6	6	1	2	6466.000000	7828.000000
6	3	6	6	973.000000	8929.000000
10	4	2	5	8608.000000	1993.000000
10	2	5	7	6913.000000	6261.000000
7	4	5	7	4911.000000	340.000000
7	0	7	7	838.000000	9165.000000
6	0	6	6	820.000000	9173.000000
7	2	2	3	8522.000000	2673.000000
6	5	4	6	8639.000000	7869.000000
8	3	5	5	3136.000000	991.000000
6	2	6	6	6953.000000	8148.000000
7	7	5	7	9025.000000	8762.000000
6	3	3	6	8147.000000	3891.000000
8	3	6	7	2271.000000	505.000000
8	0	6	8	7612.000000	398.000000
8	1	1	8	5549.000000	2045.000000
9	1	0	2	2889.000000	6152.000000
7	6	2	6	2886.000000	7386.000000
6	2	1	6	7817.000000	7005.000000
8	8	7	8	9042.000000	4182.000000
6	0	6	6	4640.000000	3135.000000
9	3	1	1	5966.000000	8944.000000
6	1	2	3	3368.000000	9293.000000
6	3	1	5	8047.000000	3860.000000
10	5	10	10	5819.000000	171.000000
6	0	0	3	8179.000000	9742.000000
6	2	1	4	9409.000000	3800.000000
7	6	4	5	6380.000000	618.000000
7	2	4	4	5521.000000	1983.000000
10	10	2	2	6165.000000	2780.000000
9	4	9	9	2874.000000	61.000000
7	7	0	7	9567.000000	7630.000000
9	0	6	6	495.000000	800.000000
9	5	5	7	9608.000000	1771.000000
9	2	9	9	293.000000	349.000000
7	0	0	5	5179.000000	8591.000000
6	0	4	6	431.000000	4341.000000
7	6	6	7	5414.000000	9871.000000
9	2	8	8	6731.000000	4589.000000
10	4	5	7	2992.000000	3818.000000
8	7	8	8	541.000000	8291.000000
7	3	7	7	4505.000000	9738.000000
8	3	2	4	9662.000000	3825.000000
10	7	7	8	9044.000000	3626.000000
10	5	2	10	1621.000000	6295.000000
10	6	2	8	1427.000000	5334.000000
10000 5 14 1 13 11 16 9 8 15 16 12 5 6 8 3 9 14 5 15 10 10 13 7 15 4 8 10 16 16 12 6 5 6 11 10 3 5 10 16 8 12 15 12 11 17 9 17 15 18 2 12 5 8 9 10 5 12 12 8 9 
5 10000 10 5 10 11 16 7 12 13 16 13 6 4 12 3 14 10 1 14 14 14 9 4 14 3 6 6 16 13 10 9 9 2 7 9 6 10 6 14 7 8 13 10 8 16 6 18 12 19 6 15 8 5 10 14 9 8 8 11 12 
14 10 10000 15 2 13 15 13 20 8 16 14 12 9 20 13 22 2 10 10 22 22 2 12 13 13 13 4 15 6 8 15 17 10 4 10 15 19 5 9 16 3 7 8 7 14 11 18 2 19 16 19 18 7 13 22 18 4 3 18 17 
1 5 15 10000 14 11 16 9 8 16 16 12 5 7 8 3 9 14 6 16 9 9 13 8 15 4 9 11 16 16 12 6 5 6 11 10 3 5 11 16 8 13 15 12 11 17 9 18 16 18 2 12 4 8 10 10 4 13 12 8 10 
13 10 2 14 10000 12 13 13 19 7 14 12 11 8 19 12 21 1 9 9 21 21 1 12 12 13 14 4 14 5 7 14 16 10 5 9 15 18 4 7 16 4 6 7 5 13 11 17 3 17 15 17 17 7 12 21 18 4 3 17 16 
11 11 13 11 12 10000 6 17 12 8 5 2 6 9 11 12 13 12 11 7 14 14 11 15 5 13 17 11 6 11 6 7 9 13 13 4 14 13 11 8 17 13 9 6 7 6 16 7 14 8 12 6 15 8 2 12 14 14 13 8 6 
16 16 15 16 13 6 10000 22 17 7 2 5 12 13 15 17 18 13 15 5 18 18 13 20 2 18 22 14 1 11 7 12 15 17 16 7 19 18 13 7 22 16 8 7 9 1 21 5 15 5 18 9 20 12 7 17 20 16 15 12 11 
9 7 13 9 13 17 22 10000 16 18 22 19 12 10 17 7 17 14 7 19 18 18 13 3 20 5 1 10 22 17 16 14 14 5 9 15 7 13 10 19 4 10 18 16 14 22 3 24 14 25 9 20 9 10 17 18 10 10 11 17 18 
8 12 20 8 19 12 17 16 10000 19 15 12 8 12 2 11 2 20 12 18 2 3 19 15 16 11 16 17 16 21 16 6 4 14 18 13 10 5 16 19 14 19 19 16 15 17 17 16 22 17 8 9 9 14 10 2 7 19 18 5 7 
15 13 8 16 7 8 7 18 19 10000 9 8 11 10 18 15 20 7 12 3 21 21 7 16 6 16 18 9 8 4 4 13 16 14 10 6 17 19 8 1 20 10 1 4 5 7 17 11 8 12 17 14 19 9 9 20 19 11 9 15 14 
16 16 16 16 14 5 2 22 15 9 10000 4 11 13 14 17 17 14 15 7 17 17 14 20 3 18 22 15 2 12 8 11 14 18 16 8 19 18 14 9 22 17 10 8 10 3 21 3 16 4 17 8 20 13 7 15 19 17 16 11 9 
12 13 14 12 12 2 5 19 12 8 4 10000 8 10 11 13 14 12 12 7 14 14 12 16 4 15 18 12 5 11 6 8 10 14 14 5 15 14 12 8 19 14 9 6 7 6 18 6 14 7 14 6 16 10 3 13 15 15 13 8 7 
5 6 12 5 11 6 12 12 8 11 11 8 10000 5 8 6 10 12 6 11 10 10 11 10 10 8 12 9 12 13 8 4 5 8 10 6 8 8 9 12 12 11 11 8 7 12 12 13 14 14 7 9 9 6 5 10 9 12 11 6 6 
6 4 9 7 8 9 13 10 12 10 13 10 5 10000 12 6 14 8 3 11 14 14 7 7 11 6 9 5 13 10 7 8 9 5 6 6 8 11 5 11 10 7 10 7 5 13 8 15 10 16 8 13 10 2 8 14 10 7 6 11 11 
8 12 20 8 19 11 15 17 2 18 14 11 8 12 10000 11 3 19 12 17 4 4 18 15 14 12 16 16 15 20 15 5 4 13 17 12 10 5 16 18 15 18 18 15 14 16 17 15 21 15 8 8 10 13 9 3 8 19 18 3 5 
3 3 13 3 12 12 17 7 11 15 17 13 6 6 11 10000 12 13 4 16 12 12 12 5 16 2 6 9 17 16 12 8 8 4 9 11 3 7 9 16 6 10 15 12 11 18 7 19 14 20 3 14 5 7 11 12 6 11 10 11 12 
9 14 22 9 21 13 18 17 2 20 17 14 10 14 3 12 10000 21 14 19 1 1 20 16 17 13 17 18 18 22 17 7 5 15 19 14 10 5 18 21 15 20 20 17 17 19 18 17 23 18 9 10 10 15 11 2 8 21 20 6 8 
14 10 2 14 1 12 13 14 20 7 14 12 12 8 19 13 21 10000 10 9 22 22 2 12 12 13 14 4 14 4 7 15 16 11 5 9 15 18 4 7 16 4 6 7 6 13 12 17 3 17 15 18 18 7 12 21 18 5 4 17 16 
5 1 10 6 9 11 15 7 12 12 15 12 6 3 12 4 14 10 10000 13 14 14 8 5 13 4 7 6 15 12 9 9 9 3 6 8 6 10 6 13 8 8 12 9 8 15 6 17 11 18 6 14 8 4 10 14 9 8 7 11 12 
15 14 10 16 9 7 5 19 18 3 7 7 11 11 17 16 19 9 13 10000 20 20 9 17 4 17 19 10 6 6 4 13 15 15 12 6 18 19 10 2 20 12 3 4 6 5 18 9 10 10 17 13 20 10 8 19 19 12 11 14 13 
10 14 22 9 21 14 18 18 2 21 17 14 10 14 4 12 1 22 14 20 10000 1 21 16 17 13 17 19 18 23 18 8 6 15 20 15 11 6 18 21 15 21 21 18 17 19 18 17 23 18 9 10 10 15 12 2 8 21 20 6 8 
10 14 22 9 21 14 18 18 3 21 17 14 10 14 4 12 1 22 14 20 1 10000 21 16 18 13 17 19 18 23 18 8 6 15 20 15 11 6 18 21 15 21 21 18 17 19 18 17 23 18 9 10 10 15 12 2 8 21 20 6 8 
13 9 2 13 1 11 13 13 19 7 14 12 11 7 18 12 20 2 8 9 21 21 10000 11 12 12 13 3 14 5 7 14 15 9 4 8 14 17 3 8 15 3 6 7 5 13 11 17 3 18 14 17 16 6 12 20 17 4 3 16 16 
7 4 12 8 12 15 20 3 15 16 20 16 10 7 15 5 16 12 5 17 16 16 11 10000 18 4 2 9 20 16 14 13 12 3 8 13 6 11 9 17 4 9 16 14 12 20 2 22 13 23 8 18 8 8 14 17 10 9 9 15 16 
15 14 13 15 12 5 2 20 16 6 3 4 10 11 14 16 17 12 13 4 17 18 12 18 10000 17 20 12 2 10 6 11 13 16 14 6 17 17 12 6 21 14 7 6 8 2 19 6 14 6 16 9 19 11 6 16 18 15 13 12 10 
4 3 13 4 13 13 18 5 11 16 18 15 8 6 12 2 13 13 4 17 13 13 12 4 17 10000 5 9 18 16 13 10 9 3 9 12 3 8 9 17 5 10 16 13 11 19 6 20 14 21 4 16 5 8 12 13 6 11 10 12 13 
8 6 13 9 14 17 22 1 16 18 22 18 12 9 16 6 17 14 7 19 17 17 13 2 20 5 10000 10 22 17 16 14 13 5 10 15 7 12 10 19 3 10 18 16 14 22 3 24 15 25 8 20 8 10 16 17 10 10 11 16 17 
10 6 4 11 4 11 14 10 17 9 15 12 9 5 16 9 18 4 6 10 19 19 3 9 12 9 10 10000 14 8 7 12 13 7 2 8 12 15 1 9 12 3 8 7 5 14 8 17 6 18 12 16 14 4 11 18 14 4 2 14 14 
16 16 15 16 14 6 1 22 16 8 2 5 12 13 15 17 18 14 15 6 18 18 14 20 2 18 22 14 10000 11 8 12 14 18 16 8 19 18 14 8 22 16 9 8 10 2 21 4 15 4 18 9 20 13 7 16 19 17 15 12 10 
16 13 6 16 5 11 11 17 21 4 12 11 13 10 20 16 22 4 12 6 23 23 5 16 10 16 17 8 11 10000 6 15 17 14 9 9 18 20 7 4 19 8 3 6 6 10 15 15 5 15 18 17 20 9 12 22 20 8 8 17 16 
12 10 8 12 7 6 7 16 16 4 8 6 8 7 15 12 17 7 9 4 18 18 7 14 6 13 16 7 8 6 10000 10 12 11 9 3 14 16 7 4 17 9 4 1 2 7 14 11 9 12 14 12 16 6 7 17 16 9 8 12 11 
6 9 15 6 14 7 12 14 6 13 11 8 4 8 5 8 7 15 9 13 8 8 14 13 11 10 14 12 12 15 10 10000 3 11 13 7 9 7 12 14 13 14 14 10 10 13 14 12 17 13 7 7 9 9 5 7 8 15 14 3 4 
5 9 17 5 16 9 15 14 4 16 14 10 5 9 4 8 5 16 9 15 6 6 15 12 13 9 13 13 14 17 12 3 10000 10 14 10 7 4 13 16 12 15 16 13 12 15 14 15 18 15 6 8 8 10 8 6 6 16 15 4 6 
6 2 10 6 10 13 17 5 14 14 18 14 8 5 13 4 15 11 3 15 15 15 9 3 16 3 5 7 18 14 11 11 10 10000 7 11 6 11 7 15 6 8 14 12 10 18 4 20 12 21 7 16 8 6 12 15 9 8 8 13 14 
11 7 4 11 5 13 16 9 18 10 16 14 10 6 17 9 19 5 6 12 20 20 4 8 14 9 10 2 16 9 9 13 14 7 10000 10 12 16 3 11 12 2 9 9 7 15 7 19 5 20 12 18 14 5 13 19 15 2 2 16 16 
10 9 10 10 9 4 7 15 13 6 8 5 6 6 12 11 14 9 8 6 15 15 8 13 6 12 15 8 8 9 3 7 10 11 10 10000 12 13 7 7 15 10 7 3 4 8 14 10 11 11 11 9 14 6 4 14 14 11 9 9 8 
3 6 15 3 15 14 19 7 10 17 19 15 8 8 10 3 10 15 6 18 11 11 14 6 17 3 7 12 19 18 14 9 7 6 12 12 10000 6 11 18 5 13 17 14 13 19 8 20 17 21 2 15 3 9 12 11 4 13 13 11 12 
5 10 19 5 18 13 18 13 5 19 18 14 8 11 5 7 5 18 10 19 6 6 17 11 17 8 12 15 18 20 16 7 4 11 16 13 6 10000 15 19 10 17 19 16 15 19 13 18 20 19 4 12 5 12 11 6 3 17 17 7 9 
10 6 5 11 4 11 13 10 16 8 14 12 9 5 16 9 18 4 6 10 18 18 3 9 12 9 10 1 14 7 7 12 13 7 3 7 11 15 10000 9 12 3 8 7 5 13 9 17 6 18 12 16 14 4 11 18 14 4 3 14 14 
16 14 9 16 7 8 7 19 19 1 9 8 12 11 18 16 21 7 13 2 21 21 8 17 6 17 19 9 8 4 4 14 16 15 11 7 18 19 9 10000 20 11 2 4 6 6 17 11 9 12 17 14 20 10 10 20 20 11 10 15 14 
8 7 16 8 16 17 22 4 14 20 22 19 12 10 15 6 15 16 8 20 15 15 15 4 21 5 3 12 22 19 17 13 12 6 12 15 5 10 12 20 10000 13 19 17 15 23 6 24 17 25 7 19 6 11 16 16 8 13 13 15 17 
12 8 3 13 4 13 16 10 19 10 17 14 11 7 18 10 20 4 8 12 21 21 3 9 14 10 10 3 16 8 9 14 15 8 2 10 13 17 3 11 13 10000 9 9 7 16 8 19 5 20 13 18 15 6 13 20 16 1 1 17 17 
15 13 7 15 6 9 8 18 19 1 10 9 11 10 18 15 20 6 12 3 21 21 6 16 7 16 18 8 9 3 4 14 16 14 9 7 17 19 8 2 19 9 10000 4 5 8 16 12 7 13 17 15 19 8 10 20 19 10 9 15 14 
12 10 8 12 7 6 7 16 16 4 8 6 8 7 15 12 17 7 9 4 18 18 7 14 6 13 16 7 8 6 1 10 13 12 9 3 14 16 7 4 17 9 4 10000 3 7 14 11 9 11 14 12 16 6 7 17 16 10 8 12 11 
11 8 7 11 5 7 9 14 15 5 10 7 7 5 14 11 17 6 8 6 17 17 5 12 8 11 14 5 10 6 2 10 12 10 7 4 13 15 5 6 15 7 5 3 10000 9 12 13 8 13 12 12 15 4 7 16 15 8 7 12 11 
17 16 14 17 13 6 1 22 17 7 3 6 12 13 16 18 19 13 15 5 19 19 13 20 2 19 22 14 2 10 7 13 15 18 15 8 19 19 13 6 23 16 8 7 9 10000 21 5 14 6 18 10 21 12 8 18 20 16 15 13 11 
9 6 11 9 11 16 21 3 17 17 21 18 12 8 17 7 18 12 6 18 18 18 11 2 19 6 3 8 21 15 14 14 14 4 7 14 8 13 9 17 6 8 16 14 12 21 10000 23 12 24 9 20 10 9 16 19 11 8 9 17 17 
17 18 18 18 17 7 5 24 16 11 3 6 13 15 15 19 17 17 17 9 17 17 17 22 6 20 24 17 4 15 11 12 15 20 19 10 20 18 17 11 24 19 12 11 13 5 23 10000 19 1 19 8 21 15 8 15 20 20 19 12 10 
15 12 2 16 3 14 15 14 22 8 16 14 14 10 21 14 23 3 11 10 23 23 3 13 14 14 15 6 15 5 9 17 18 12 5 11 17 20 6 9 17 5 7 9 8 14 12 19 10000 19 17 20 19 9 14 23 19 5 4 19 18 
18 19 19 18 17 8 5 25 17 12 4 7 14 16 15 20 18 17 18 10 18 18 18 23 6 21 25 18 4 15 12 13 15 21 20 11 21 19 18 12 25 20 13 11 13 6 24 1 19 10000 20 8 22 16 9 16 21 20 19 13 11 
2 6 16 2 15 12 18 9 8 17 17 14 7 8 8 3 9 15 6 17 9 9 14 8 16 4 8 12 18 18 14 7 6 7 12 11 2 4 12 17 7 13 17 14 12 18 9 19 17 20 10000 13 3 9 11 10 3 14 13 9 10 
12 15 19 12 17 6 9 20 9 14 8 6 9 13 8 14 10 18 14 13 10 10 17 18 9 16 20 16 9 17 12 7 8 16 18 9 15 12 16 14 19 18 15 12 12 10 20 8 20 8 13 10000 15 13 6 8 14 19 18 5 3 
5 8 18 4 17 15 20 9 9 19 20 16 9 10 10 5 10 18 8 20 10 10 16 8 19 5 8 14 20 20 16 9 8 8 14 14 3 5 14 20 6 15 19 16 15 21 10 21 19 22 3 15 10000 11 14 11 2 15 15 11 13 
8 5 7 8 7 8 12 10 14 9 13 10 6 2 13 7 15 7 4 10 15 15 6 8 11 8 10 4 13 9 6 9 10 6 5 6 9 12 4 10 11 6 8 6 4 12 9 15 9 16 9 13 11 10000 8 15 12 7 6 11 11 
9 10 13 10 12 2 7 17 10 9 7 3 5 8 9 11 11 12 10 8 12 12 12 14 6 12 16 11 7 12 7 5 8 12 13 4 12 11 11 10 16 13 10 7 7 8 16 8 14 9 11 6 14 8 10000 11 13 14 13 6 5 
10 14 22 10 21 12 17 18 2 20 15 13 10 14 3 12 2 21 14 19 2 2 20 17 16 13 17 18 16 22 17 7 6 15 19 14 11 6 18 20 16 20 20 17 16 18 19 15 23 16 10 8 11 15 11 10000 9 21 20 5 7 
5 9 18 4 18 14 20 10 7 19 19 15 9 10 8 6 8 18 9 19 8 8 17 10 18 6 10 14 19 20 16 8 6 9 15 14 4 3 14 20 8 16 19 16 15 20 11 20 19 21 3 14 2 12 13 9 10000 16 16 9 11 
12 8 4 13 4 14 16 10 19 11 17 15 12 7 19 11 21 5 8 12 21 21 4 9 15 11 10 4 17 8 9 15 16 8 2 11 13 17 4 11 13 1 10 10 8 16 8 20 5 20 14 19 15 7 14 21 16 10000 2 17 17 
12 8 3 12 3 13 15 11 18 9 16 13 11 6 18 10 20 4 7 11 20 20 3 9 13 10 11 2 15 8 8 14 15 8 2 9 13 17 3 10 13 1 9 8 7 15 9 19 4 19 13 18 15 6 13 20 16 2 10000 16 16 
8 11 18 8 17 8 12 17 5 15 11 8 6 11 3 11 6 17 11 14 6 6 16 15 12 12 16 14 12 17 12 3 4 13 16 9 11 7 14 15 15 17 15 12 12 13 17 12 19 13 9 5 11 11 6 5 9 17 16 10000 2 
9 12 17 10 16 6 11 18 7 14 9 7 6 11 5 12 8 16 12 13 8 8 16 16 10 13 17 14 10 16 11 4 6 14 16 8 12 9 14 14 17 17 14 11 11 11 17 10 18 11 10 3 13 11 5 7 11 17 16 2 10000 
