60
10
1000	500	0	1000	8837.000000	4484.000000
10	4	5	5	644.000000	5412.000000
9	8	4	8	1371.000000	2474.000000
9	0	7	9	9715.000000	7895.000000
10	0	7	8	9853.000000	7379.000000
9	0	8	9	9964.000000	1252.000000
10	1	8	9	6854.000000	3356.000000
9	4	7	9	3705.000000	2907.000000
10	5	2	10	1918.000000	8260.000000
7	2	0	1	9623.000000	6857.000000
9	5	1	4	5226.000000	356.000000
6	3	1	2	5459.000000	3769.000000
8	0	8	8	8426.000000	120.000000
7	6	0	3	6269.000000	8593.000000
9	7	9	9	1643.000000	2469.000000
10	9	4	8	5671.000000	4740.000000
7	1	4	5	6517.000000	2822.000000
9	2	8	8	8974.000000	2203.000000
9	4	7	9	2756.000000	3623.000000
8	4	2	5	492.000000	2475.000000
8	3	1	5	4071.000000	8550.000000
8	5	7	7	9467.000000	8707.000000
8	8	7	8	2435.000000	2099.000000
7	4	0	1	6477.000000	141.000000
8	2	0	7	5879.000000	8597.000000
7	7	2	3	6254.000000	5440.000000
8	5	5	7	736.000000	1916.000000
7	6	2	4	6642.000000	7106.000000
8	3	4	4	2637.000000	8709.000000
7	6	7	7	3040.000000	8447.000000
9	0	9	9	8469.000000	7672.000000
6	6	1	6	5720.000000	1244.000000
9	0	6	8	1492.000000	6828.000000
8	2	2	3	3809.000000	2359.000000
8	4	6	7	9880.000000	7945.000000
8	4	8	8	591.000000	5762.000000
6	5	6	6	4933.000000	2161.000000
8	2	4	6	5606.000000	4797.000000
6	2	5	5	3706.000000	1738.000000
9	6	7	8	960.000000	9049.000000
6	1	4	5	8881.000000	4522.000000
6	6	5	6	8402.000000	7212.000000
10	3	9	9	4051.000000	7314.000000
9	4	5	5	9038.000000	7568.000000
9	3	4	8	8710.000000	3710.000000
8	1	6	6	2243.000000	3647.000000
8	5	7	7	5805.000000	638.000000
8	1	7	7	1820.000000	4964.000000
8	1	0	6	2764.000000	7691.000000
6	4	1	2	8071.000000	2540.000000
10	6	8	10	9244.000000	6889.000000
8	5	4	5	22.000000	7616.000000
8	5	5	5	9341.000000	2932.000000
7	1	7	7	5826.000000	3677.000000
10	10	7	8	3635.000000	6030.000000
7	6	6	7	8549.000000	4694.000000
9	1	4	8	5623.000000	9067.000000
6	1	3	5	7931.000000	2007.000000
8	4	0	8	5561.000000	3564.000000
10	6	4	10	9792.000000	1912.000000
10	8	3	7	5626.000000	832.000000
10000 17 16 8 7 7 5 11 16 5 11 7 9 10 15 7 6 5 13 18 13 9 14 10 11 6 17 7 16 15 7 9 16 11 8 17 10 7 12 19 1 6 12 7 2 14 10 15 14 5 5 19 4 7 11 1 12 6 7 6 10 
17 10000 7 19 19 21 14 8 7 19 14 11 19 13 7 11 13 18 6 6 10 19 8 16 13 12 7 13 8 8 17 14 4 9 20 1 11 10 10 8 17 16 8 18 17 5 15 3 7 16 18 5 19 11 7 16 13 17 11 20 14 
16 7 10000 20 20 18 12 5 12 19 9 9 15 16 1 10 11 16 4 2 14 21 3 12 16 12 2 15 13 13 18 10 9 5 21 7 8 10 5 14 16 17 12 19 15 3 10 6 11 14 19 11 16 10 9 16 16 14 9 17 10 
8 19 20 10000 2 14 11 16 16 3 18 12 16 8 20 11 12 12 17 22 12 2 19 17 8 9 22 7 15 14 3 16 17 17 1 19 15 11 18 18 7 3 12 2 9 18 17 17 14 12 3 20 10 12 13 7 9 13 13 12 17 
7 19 20 2 10000 13 11 16 16 2 17 12 15 8 20 10 12 11 17 22 12 3 19 16 9 9 22 7 15 14 3 15 17 16 2 19 15 10 17 19 7 3 12 2 8 17 16 17 15 11 2 20 9 11 13 6 10 12 12 11 16 
7 21 18 14 13 10000 8 13 22 12 10 11 4 17 17 12 8 3 16 20 19 15 16 8 17 12 19 14 21 20 14 9 21 13 14 21 11 12 13 24 7 13 17 13 6 17 9 18 20 5 12 24 4 10 16 8 18 5 10 2 9 
5 14 12 11 11 8 10000 7 14 9 7 3 8 11 11 4 2 5 9 13 12 12 10 7 11 5 13 8 14 13 10 5 13 7 11 14 5 4 8 17 5 9 10 10 4 10 6 11 12 3 9 17 6 3 9 5 12 4 3 7 6 
11 8 5 16 16 13 7 10000 12 15 6 4 11 13 5 6 6 11 3 7 12 17 4 8 13 8 7 11 12 12 14 6 10 2 16 9 3 6 3 14 11 13 9 15 11 4 7 6 10 9 14 12 12 5 7 11 13 9 4 13 6 
16 7 12 16 16 22 14 12 10000 16 18 12 21 9 12 11 15 19 10 12 5 16 13 19 8 11 13 10 2 3 14 16 3 13 16 6 14 11 14 3 16 14 5 15 17 10 18 7 3 17 15 5 19 13 6 16 8 18 12 21 17 
5 19 19 3 2 12 9 15 16 10000 16 11 14 8 19 9 11 10 16 21 12 4 18 15 9 8 21 6 15 14 3 14 17 15 3 19 14 10 16 18 5 3 12 2 7 17 15 17 14 10 1 20 8 10 13 5 10 11 11 10 15 
11 14 9 18 17 10 7 6 18 16 10000 7 7 17 9 9 6 9 9 11 17 19 7 3 17 11 10 14 18 17 17 3 15 5 18 15 4 9 5 20 12 16 15 17 10 9 2 12 16 8 16 18 10 7 12 11 18 7 7 10 2 
7 11 9 12 12 11 3 4 12 11 7 10000 10 10 9 2 3 8 6 11 10 13 7 8 10 4 11 8 12 11 10 6 11 5 13 11 4 3 6 14 8 10 8 11 7 7 7 8 10 6 10 14 8 1 6 7 11 7 1 10 6 
9 19 15 16 15 4 8 11 21 14 7 10 10000 18 15 11 7 5 14 17 19 18 13 4 18 12 16 15 21 20 16 6 20 11 16 20 9 11 10 24 9 15 17 15 8 15 6 17 19 5 14 23 6 9 16 10 19 4 9 5 6 
10 13 16 8 8 17 11 13 9 8 17 10 18 10000 16 8 12 14 13 17 5 7 16 17 1 7 18 4 8 7 5 15 11 14 8 13 14 8 15 11 10 6 6 6 11 13 16 12 8 13 7 13 13 10 8 10 2 14 11 16 16 
15 7 1 20 20 17 11 5 12 19 9 9 15 16 10000 10 10 15 4 3 14 21 2 11 15 11 3 14 13 13 18 9 9 5 20 7 7 10 5 14 16 17 11 18 15 3 10 6 11 13 18 11 16 9 9 15 16 13 9 17 9 
7 11 10 11 10 12 4 6 11 9 9 2 11 8 10 10000 5 9 7 12 9 11 9 10 8 2 12 6 10 10 9 7 10 7 11 11 6 1 8 13 7 8 7 9 7 8 9 8 9 7 9 13 9 3 5 6 9 8 3 10 8 
6 13 11 12 12 8 2 6 15 11 6 3 7 12 10 5 10000 6 8 13 13 14 9 6 12 6 12 9 15 14 11 4 13 6 13 14 4 5 7 17 6 10 11 11 5 9 5 11 13 4 10 17 6 3 9 6 13 4 3 7 5 
5 18 16 12 11 3 5 11 19 10 9 8 5 14 15 9 6 10000 13 17 17 14 14 7 15 9 17 11 19 18 11 7 18 11 12 19 9 9 11 22 5 11 15 11 4 14 8 16 17 2 10 21 2 7 14 6 16 3 8 2 8 
13 6 4 17 17 16 9 3 10 16 9 6 14 13 4 7 8 13 10000 6 11 17 4 11 12 8 6 11 11 10 15 8 7 4 17 7 6 7 5 12 13 14 8 15 12 2 9 4 9 11 15 10 14 7 6 12 13 11 6 15 9 
18 6 2 22 22 20 13 7 12 21 11 11 17 17 3 12 13 17 6 10000 15 22 4 13 17 13 2 16 14 13 20 11 9 7 22 7 9 12 7 14 18 19 13 20 17 5 12 6 12 16 20 11 18 11 10 17 17 15 11 19 11 
13 10 14 12 12 19 12 12 5 12 17 10 19 5 14 9 13 17 11 15 10000 11 14 18 4 8 15 6 3 3 9 15 7 13 12 9 13 9 14 7 13 10 3 11 14 11 17 9 4 15 11 9 16 11 6 12 4 16 11 18 16 
9 19 21 2 3 15 12 17 16 4 19 13 18 7 21 11 14 14 17 22 11 10000 20 19 8 10 23 7 14 13 3 17 17 18 2 19 16 11 19 18 9 4 12 3 11 18 18 18 14 13 4 20 12 13 13 9 8 14 13 14 18 
14 8 3 19 19 16 10 4 13 18 7 7 13 16 2 9 9 14 4 4 14 20 10000 9 15 11 4 14 14 13 17 7 10 3 19 9 5 9 3 15 14 16 11 18 13 4 8 6 12 12 17 13 14 8 9 14 16 11 7 15 7 
10 16 12 17 16 8 7 8 19 15 3 8 4 17 11 10 6 7 11 13 18 19 9 10000 17 11 13 14 19 18 16 3 17 7 18 17 6 10 7 21 10 15 16 16 9 11 2 14 17 6 15 20 8 8 14 11 18 5 8 8 3 
11 13 16 8 9 17 11 13 8 9 17 10 18 1 15 8 12 15 12 17 4 8 15 17 10000 7 17 4 7 6 6 15 10 14 9 13 14 8 15 10 11 6 5 7 12 13 16 11 7 13 8 12 14 10 7 10 2 14 11 16 16 
6 12 12 9 9 12 5 8 11 8 11 4 12 7 11 2 6 9 8 13 8 10 11 11 7 10000 14 4 10 9 7 9 10 8 9 12 8 2 9 13 6 6 6 8 7 9 10 9 9 7 7 14 8 4 6 5 8 8 4 10 10 
17 7 2 22 22 19 13 7 13 21 10 11 16 18 3 12 12 17 6 2 15 23 4 13 17 14 10000 16 15 14 20 11 10 7 22 8 9 12 6 15 18 19 13 21 17 5 11 7 13 15 20 12 18 11 11 17 18 15 11 19 11 
7 13 15 7 7 14 8 11 10 6 14 8 15 4 14 6 9 11 11 16 6 7 14 14 4 4 16 10000 9 8 4 12 11 12 7 13 11 6 13 13 7 4 6 5 8 12 14 11 8 10 6 14 10 8 7 7 5 11 8 13 13 
16 8 13 15 15 21 14 12 2 15 18 12 21 8 13 10 15 19 11 14 3 14 14 19 7 10 15 9 10000 1 12 17 5 13 15 8 14 10 15 4 16 12 4 14 16 11 18 8 3 17 14 6 18 12 6 15 7 18 12 20 17 
15 8 13 14 14 20 13 12 3 14 17 11 20 7 13 10 14 18 10 13 3 13 13 18 6 9 14 8 1 10000 11 16 5 13 14 8 14 9 14 5 15 12 4 13 15 10 17 8 2 16 13 7 17 12 5 14 6 17 11 19 17 
7 17 18 3 3 14 10 14 14 3 17 10 16 5 18 9 11 11 15 20 9 3 17 16 6 7 20 4 12 11 10000 14 15 15 3 17 14 9 16 16 7 1 9 2 8 15 16 15 12 11 3 17 10 10 11 6 7 12 11 12 15 
9 14 10 16 15 9 5 6 16 14 3 6 6 15 9 7 4 7 8 11 15 17 7 3 15 9 11 12 17 16 14 10000 15 5 16 14 3 8 5 19 10 14 13 15 8 9 2 11 15 6 14 18 8 5 11 9 16 5 5 9 1 
16 4 9 17 17 21 13 10 3 17 15 11 20 11 9 10 13 18 7 9 7 17 10 17 10 10 10 11 5 5 15 15 10000 11 17 3 12 10 12 5 16 14 6 16 16 7 16 4 4 16 16 4 18 11 5 15 10 17 11 20 15 
11 9 5 17 16 13 7 2 13 15 5 5 11 14 5 7 6 11 4 7 13 18 3 7 14 8 7 12 13 13 15 5 11 10000 17 10 3 7 2 15 12 14 10 15 11 5 6 7 11 9 15 13 12 5 8 11 14 9 5 12 5 
8 20 21 1 2 14 11 16 16 3 18 13 16 8 20 11 13 12 17 22 12 2 19 18 9 9 22 7 15 14 3 16 17 17 10000 20 16 11 18 18 8 4 12 2 9 18 17 18 15 12 3 20 11 12 14 8 9 13 13 13 17 
17 1 7 19 19 21 14 9 6 19 15 11 20 13 7 11 14 19 7 7 9 19 9 17 13 12 8 13 8 8 17 14 3 10 20 10000 12 11 11 7 17 16 8 18 17 6 15 3 6 17 18 4 19 12 7 17 13 17 11 20 15 
10 11 8 15 15 11 5 3 14 14 4 4 9 14 7 6 4 9 6 9 13 16 5 6 14 8 9 11 14 14 14 3 12 3 16 12 10000 6 3 16 10 13 11 14 9 7 4 9 12 7 13 15 9 4 9 9 14 7 4 10 3 
7 10 10 11 10 12 4 6 11 10 9 3 11 8 10 1 5 9 7 12 9 11 9 10 8 2 12 6 10 9 9 8 10 7 11 11 6 10000 8 13 7 8 6 9 7 8 9 8 9 7 9 13 9 3 5 6 9 8 3 11 8 
12 10 5 18 17 13 8 3 14 16 5 6 10 15 5 8 7 11 5 7 14 19 3 7 15 9 6 13 15 14 16 5 12 2 18 11 3 8 10000 16 12 15 12 16 11 5 5 8 13 9 16 14 12 6 9 12 16 9 6 13 5 
19 8 14 18 19 24 17 14 3 18 20 14 24 11 14 13 17 22 12 14 7 18 15 21 10 13 15 13 4 5 16 19 5 15 18 7 16 13 16 10000 19 16 8 17 19 12 20 9 5 20 18 4 21 15 9 18 10 20 15 23 19 
1 17 16 7 7 7 5 11 16 5 12 8 9 10 16 7 6 5 13 18 13 9 14 10 11 6 18 7 16 15 7 10 16 12 8 17 10 7 12 19 10000 6 12 7 2 14 10 15 14 5 5 19 4 7 11 1 12 6 7 6 10 
6 16 17 3 3 13 9 13 14 3 16 10 15 6 17 8 10 11 14 19 10 4 16 15 6 6 19 4 12 12 1 14 14 14 4 16 13 8 15 16 6 10000 9 2 8 15 15 14 12 10 2 17 9 9 10 6 7 11 10 11 14 
12 8 12 12 12 17 10 9 5 12 15 8 17 6 11 7 11 15 8 13 3 12 11 16 5 6 13 6 4 4 9 13 6 10 12 8 11 6 12 8 12 9 10000 10 12 9 14 7 3 13 11 9 14 9 3 11 5 14 9 16 14 
7 18 19 2 2 13 10 15 15 2 17 11 15 6 18 9 11 11 15 20 11 3 18 16 7 8 21 5 14 13 2 15 16 15 2 18 14 9 16 17 7 2 10 10000 8 16 16 16 13 11 2 19 10 11 12 6 8 12 11 12 16 
2 17 15 9 8 6 4 11 17 7 10 7 8 11 15 7 5 4 12 17 14 11 13 9 12 7 17 8 16 15 8 8 16 11 9 17 9 7 11 19 2 8 12 8 10000 13 9 15 15 3 7 20 3 6 12 2 13 4 7 5 9 
14 5 3 18 17 17 10 4 10 17 9 7 15 13 3 8 9 14 2 5 11 18 4 11 13 9 5 12 11 10 15 9 7 5 18 6 7 8 5 12 14 15 9 16 13 10000 10 3 9 12 16 10 15 8 6 13 13 12 7 16 9 
10 15 10 17 16 9 6 7 18 15 2 7 6 16 10 9 5 8 9 12 17 18 8 2 16 10 11 14 18 17 16 2 16 6 17 15 4 9 5 20 10 15 14 16 9 10 10000 12 16 6 15 19 9 7 12 10 17 6 6 9 1 
15 3 6 17 17 18 11 6 7 17 12 8 17 12 6 8 11 16 4 6 9 18 6 14 11 9 7 11 8 8 15 11 4 7 18 3 9 8 8 9 15 14 7 16 15 3 12 10000 6 14 16 7 16 9 5 14 12 14 8 18 12 
14 7 11 14 15 20 12 10 3 14 16 10 19 8 11 9 13 17 9 12 4 14 12 17 7 9 13 8 3 2 12 15 4 11 15 6 12 9 13 5 14 12 3 13 15 9 16 6 10000 15 14 6 17 11 4 14 7 16 10 19 15 
5 16 14 12 11 5 3 9 17 10 8 6 5 13 13 7 4 2 11 16 15 13 12 6 13 7 15 10 17 16 11 6 16 9 12 17 7 7 9 20 5 10 13 11 3 12 6 14 15 10000 10 20 3 6 12 5 14 2 6 4 6 
5 18 19 3 2 12 9 14 15 1 16 10 14 7 18 9 10 10 15 20 11 4 17 15 8 7 20 6 14 13 3 14 16 15 3 18 13 9 16 18 5 2 11 2 7 16 15 16 14 10 10000 19 8 10 12 5 9 11 10 11 15 
19 5 11 20 20 24 17 12 5 20 18 14 23 13 11 13 17 21 10 11 9 20 13 20 12 14 12 14 6 7 17 18 4 13 20 4 15 13 14 4 19 17 9 19 20 10 19 7 6 20 19 10000 21 15 8 19 12 20 14 23 18 
4 19 16 10 9 4 6 12 19 8 10 8 6 13 16 9 6 2 14 18 16 12 14 8 14 8 18 10 18 17 10 8 18 12 11 19 9 9 12 21 4 9 14 10 3 15 9 16 17 3 8 21 10000 8 13 4 15 4 8 3 9 
7 11 10 12 11 10 3 5 13 10 7 1 9 10 9 3 3 7 7 11 11 13 8 8 10 4 11 8 12 12 10 5 11 5 12 12 4 3 6 15 7 9 9 11 6 8 7 9 11 6 10 15 8 10000 7 6 11 6 1 9 6 
11 7 9 13 13 16 9 7 6 13 12 6 16 8 9 5 9 14 6 10 6 13 9 14 7 6 11 7 6 5 11 11 5 8 14 7 9 5 9 9 11 10 3 12 12 6 12 5 4 12 12 8 13 7 10000 11 8 12 7 15 12 
1 16 16 7 6 8 5 11 16 5 11 7 10 10 15 6 6 6 12 17 12 9 14 11 10 5 17 7 15 14 6 9 15 11 8 17 9 6 12 18 1 6 11 6 2 13 10 14 14 5 5 19 4 6 11 10000 11 6 7 7 10 
12 13 16 9 10 18 12 13 8 10 18 11 19 2 16 9 13 16 13 17 4 8 16 18 2 8 18 5 7 6 7 16 10 14 9 13 14 9 16 10 12 7 5 8 13 13 17 12 7 14 9 12 15 11 8 11 10000 15 12 17 17 
6 17 14 13 12 5 4 9 18 11 7 7 4 14 13 8 4 3 11 15 16 14 11 5 14 8 15 11 18 17 12 5 17 9 13 17 7 8 9 20 6 11 14 12 4 12 6 14 16 2 11 20 4 6 12 6 15 10000 6 4 6 
7 11 9 13 12 10 3 4 12 11 7 1 9 11 9 3 3 8 6 11 11 13 7 8 11 4 11 8 12 11 11 5 11 5 13 11 4 3 6 15 7 10 9 11 7 7 6 8 10 6 10 14 8 1 7 7 12 6 10000 10 6 
6 20 17 12 11 2 7 13 21 10 10 10 5 16 17 10 7 2 15 19 18 14 15 8 16 10 19 13 20 19 12 9 20 12 13 20 10 11 13 23 6 11 16 12 5 16 9 18 19 4 11 23 3 9 15 7 17 4 10 10000 9 
10 14 10 17 16 9 6 6 17 15 2 6 6 16 9 8 5 8 9 11 16 18 7 3 16 10 11 13 17 17 15 1 15 5 17 15 3 8 5 19 10 14 14 16 9 9 1 12 15 6 15 18 9 6 12 10 17 6 6 9 10000 
