40
10
1000	500	0	1000	5416.000000	3878.000000
6	6	1	5	71.000000	9490.000000
7	5	7	7	3701.000000	3212.000000
9	5	4	8	9413.000000	118.000000
6	0	2	5	9356.000000	9558.000000
10	3	6	10	5001.000000	2409.000000
9	1	1	3	9926.000000	4008.000000
8	6	1	8	447.000000	2299.000000
7	7	5	7	7527.000000	8541.000000
7	2	3	4	2944.000000	8635.000000
9	8	7	8	3708.000000	191.000000
7	0	0	0	3123.000000	4507.000000
8	6	4	6	1036.000000	6373.000000
6	6	3	3	435.000000	9471.000000
8	8	2	8	9693.000000	5973.000000
6	4	5	6	4596.000000	1205.000000
8	6	8	8	822.000000	6611.000000
10	4	4	4	1094.000000	1185.000000
7	0	7	7	9812.000000	6747.000000
9	4	4	7	5772.000000	1409.000000
6	4	1	6	3585.000000	5152.000000
6	4	1	2	936.000000	7603.000000
10	4	0	4	6580.000000	1952.000000
9	0	4	9	8021.000000	7893.000000
9	6	3	9	3519.000000	5043.000000
10	7	3	9	8194.000000	9339.000000
7	7	0	7	9851.000000	5230.000000
7	5	4	5	164.000000	7523.000000
10	3	4	5	8137.000000	8577.000000
6	3	4	4	6826.000000	105.000000
8	8	6	7	1717.000000	5481.000000
6	1	3	3	7210.000000	1420.000000
6	5	5	6	2019.000000	4118.000000
9	9	7	8	8999.000000	323.000000
10	7	1	9	4220.000000	2444.000000
7	0	0	0	1698.000000	9014.000000
9	0	8	8	7011.000000	9166.000000
10	5	3	7	7843.000000	2677.000000
8	2	4	7	737.000000	6594.000000
6	6	6	6	631.000000	9804.000000
10	4	4	9	2448.000000	8771.000000
10000 16 4 11 14 4 10 11 11 11 9 5 11 15 10 6 11 11 11 5 5 12 5 10 5 13 10 13 11 9 9 7 7 11 4 13 12 6 11 16 12 
16 10000 15 27 19 18 23 15 16 6 20 12 7 1 21 19 6 17 21 20 12 5 20 17 12 17 22 4 17 24 9 22 12 26 17 4 14 21 6 2 5 
4 15 10000 13 18 4 13 7 14 11 7 3 9 15 14 5 9 7 15 6 4 11 7 13 4 16 13 12 14 9 7 8 4 13 2 13 14 9 9 15 12 
11 27 13 10000 19 10 8 19 18 22 12 16 21 26 12 10 22 17 14 8 16 23 7 16 16 19 11 24 18 6 19 6 17 1 12 24 19 7 22 27 23 
14 19 18 19 10000 17 12 23 5 13 22 17 18 18 8 20 19 24 6 18 15 18 17 5 15 3 9 19 4 20 18 17 19 19 18 16 5 15 19 18 14 
4 18 4 10 17 10000 11 10 14 14 6 6 12 17 12 3 12 9 13 3 7 14 4 13 7 16 12 15 14 6 9 5 7 10 2 15 15 6 12 18 14 
10 23 13 8 12 11 10000 20 11 17 15 14 19 22 4 13 19 19 6 10 13 20 8 9 13 12 3 21 10 10 17 8 16 8 12 20 12 5 20 22 18 
11 15 7 19 23 10 20 10000 19 14 8 7 9 15 20 9 9 3 21 11 9 11 13 19 9 21 20 11 20 14 7 14 5 18 8 14 19 15 9 16 14 
11 16 14 18 5 14 11 19 10000 10 19 12 14 15 7 16 14 20 6 15 11 14 14 2 11 3 9 15 2 17 14 15 15 17 14 12 2 12 15 15 11 
11 6 11 22 13 14 17 14 10 10000 17 9 6 6 15 16 6 16 15 16 8 5 16 11 8 11 16 6 11 19 7 17 10 21 13 3 9 16 7 6 2 
9 20 7 12 22 6 15 8 19 17 10000 9 14 20 17 3 15 6 18 5 10 16 7 18 10 21 16 17 19 7 12 8 9 11 5 19 20 10 15 21 18 
5 12 3 16 17 6 14 7 12 9 9 10000 6 12 14 8 7 8 15 9 2 8 9 12 2 15 14 9 13 12 4 11 3 15 5 10 13 11 7 12 9 
11 7 9 21 18 12 19 9 14 6 14 6 10000 7 18 13 1 11 18 14 6 3 15 15 6 16 18 3 15 18 3 16 5 21 11 6 14 16 1 7 6 
15 1 15 26 18 17 22 15 15 6 20 12 7 10000 20 19 6 17 20 20 11 4 20 16 11 16 21 4 16 23 9 22 12 26 16 3 14 21 6 1 5 
10 21 14 12 8 12 4 20 7 15 17 14 18 20 10000 14 18 20 2 13 13 18 11 6 13 8 2 20 7 14 16 11 16 12 14 18 9 8 18 20 16 
6 19 5 10 20 3 13 9 16 16 3 8 13 19 14 10000 14 8 16 3 9 15 5 16 8 18 14 16 17 5 11 6 8 9 3 17 17 8 14 19 16 
11 6 9 22 19 12 19 9 14 6 15 7 1 6 18 14 10000 11 18 15 7 2 15 15 7 16 19 3 16 18 3 17 6 21 11 6 14 17 1 7 6 
11 17 7 17 24 9 19 3 20 16 6 8 11 17 20 8 11 10000 21 10 10 13 12 20 10 22 20 13 21 12 9 13 7 16 7 16 20 14 11 18 16 
11 21 15 14 6 13 6 21 6 15 18 15 18 20 2 16 18 21 10000 14 13 18 12 5 14 7 4 20 5 15 17 12 17 13 15 17 8 10 19 20 16 
5 20 6 8 18 3 10 11 15 16 5 9 14 20 13 3 15 10 14 10000 9 16 2 14 9 17 12 17 16 4 12 3 10 7 4 18 16 5 15 20 17 
5 12 4 16 15 7 13 9 11 8 10 2 6 11 13 9 7 10 13 9 10000 8 9 11 1 13 13 9 12 12 4 11 4 15 6 9 11 10 7 12 8 
12 5 11 23 18 14 20 11 14 5 16 8 3 4 18 15 2 13 18 16 8 10000 16 15 8 15 19 2 15 20 5 18 8 22 13 4 13 17 3 5 4 
5 20 7 7 17 4 8 13 14 16 7 9 15 20 11 5 15 12 12 2 9 16 10000 13 9 16 10 17 14 4 13 2 11 6 5 18 15 3 15 20 16 
10 17 13 16 5 13 9 19 2 11 18 12 15 16 6 16 15 20 5 14 11 15 13 10000 11 3 7 16 2 16 14 14 15 16 14 13 4 11 15 16 12 
5 12 4 16 15 7 13 9 11 8 10 2 6 11 13 8 7 10 14 9 1 8 9 11 10000 13 13 9 12 12 4 11 4 15 6 9 11 10 7 12 8 
13 17 16 19 3 16 12 21 3 11 21 15 16 16 8 18 16 22 7 17 13 15 16 3 13 10000 9 17 2 19 16 16 17 19 16 14 3 14 16 16 12 
10 22 13 11 9 12 3 20 9 16 16 14 18 21 2 14 19 20 4 12 13 19 10 7 13 9 10000 20 8 12 17 10 16 10 13 18 10 7 19 21 17 
13 4 12 24 19 15 21 11 15 6 17 9 3 4 20 16 3 13 20 17 9 2 17 16 9 17 20 10000 17 20 6 19 8 23 13 5 15 19 3 5 6 
11 17 14 18 4 14 10 20 2 11 19 13 15 16 7 17 16 21 5 16 12 15 14 2 12 2 8 17 10000 18 15 15 16 17 15 13 3 12 16 16 12 
9 24 9 6 20 6 10 14 17 19 7 12 18 23 14 5 18 12 15 4 12 20 4 16 12 19 12 20 18 10000 15 3 13 5 8 21 19 6 18 24 20 
9 9 7 19 18 9 17 7 14 7 12 4 3 9 16 11 3 9 17 12 4 5 13 14 4 16 17 6 15 15 10000 14 3 18 8 8 13 14 3 9 7 
7 22 8 6 17 5 8 14 15 17 8 11 16 22 11 6 17 13 12 3 11 18 2 14 11 16 10 19 15 3 14 10000 12 5 7 19 16 3 17 22 18 
7 12 4 17 19 7 16 5 15 10 9 3 5 12 16 8 6 7 17 10 4 8 11 15 4 17 16 8 16 13 3 12 10000 16 6 10 15 12 6 12 10 
11 26 13 1 19 10 8 18 17 21 11 15 21 26 12 9 21 16 13 7 15 22 6 16 15 19 10 23 17 5 18 5 16 10000 11 23 19 6 21 26 22 
4 17 2 12 18 2 12 8 14 13 5 5 11 16 14 3 11 7 15 4 6 13 5 14 6 16 13 13 15 8 8 7 6 11 10000 15 15 8 11 17 14 
13 4 13 24 16 15 20 14 12 3 19 10 6 3 18 17 6 16 17 18 9 4 18 13 9 14 18 5 13 21 8 19 10 23 15 10000 11 18 6 3 2 
12 14 14 19 5 15 12 19 2 9 20 13 14 14 9 17 14 20 8 16 11 13 15 4 11 3 10 15 3 19 13 16 15 19 15 11 10000 14 14 13 10 
6 21 9 7 15 6 5 15 12 16 10 11 16 21 8 8 17 14 10 5 10 17 3 11 10 14 7 19 12 6 14 3 12 6 8 18 14 10000 17 21 17 
11 6 9 22 19 12 20 9 15 7 15 7 1 6 18 14 1 11 19 15 7 3 15 15 7 16 19 3 16 18 3 17 6 21 11 6 14 17 10000 7 6 
16 2 15 27 18 18 22 16 15 6 21 12 7 1 20 19 7 18 20 20 12 5 20 16 12 16 21 5 16 24 9 22 12 26 17 3 13 21 7 10000 5 
12 5 12 23 14 14 18 14 11 2 18 9 6 5 16 16 6 16 16 17 8 4 16 12 8 12 17 6 12 20 7 18 10 22 14 2 10 17 6 5 10000 
