50
10
1000	500	0	1000	2402.000000	1033.000000
10	3	10	10	300.000000	2186.000000
7	0	1	7	4105.000000	3159.000000
9	8	8	8	7048.000000	2811.000000
6	3	4	5	2748.000000	6317.000000
7	2	0	4	83.000000	8563.000000
7	2	2	4	4005.000000	2878.000000
9	7	3	5	5629.000000	7560.000000
7	6	7	7	7187.000000	1991.000000
6	5	2	4	2426.000000	9703.000000
6	4	1	5	5732.000000	4783.000000
9	7	8	9	8111.000000	2895.000000
6	3	0	4	5394.000000	899.000000
6	1	0	4	7910.000000	852.000000
9	9	2	5	2164.000000	5000.000000
6	0	2	5	3744.000000	2860.000000
10	7	1	3	3255.000000	7931.000000
8	2	5	6	1206.000000	137.000000
9	4	2	7	2512.000000	713.000000
6	0	2	5	2920.000000	474.000000
8	3	0	7	2964.000000	7626.000000
6	3	3	3	9812.000000	9602.000000
6	2	6	6	6803.000000	2027.000000
8	3	2	8	7088.000000	4146.000000
6	3	3	4	6149.000000	3725.000000
6	0	2	2	9630.000000	6983.000000
9	3	3	4	4245.000000	6673.000000
8	1	2	5	5540.000000	1141.000000
10	9	2	6	5982.000000	9842.000000
6	0	6	6	4014.000000	6004.000000
8	6	1	4	5260.000000	472.000000
9	5	3	4	3526.000000	9423.000000
8	1	3	5	2975.000000	9553.000000
6	2	1	4	8190.000000	158.000000
10	1	2	3	9328.000000	1944.000000
8	7	4	4	7229.000000	9958.000000
10	8	0	0	8688.000000	4622.000000
6	0	3	5	2015.000000	6318.000000
8	7	8	8	4564.000000	7136.000000
7	2	3	4	2832.000000	4389.000000
9	0	2	7	4594.000000	7753.000000
9	9	9	9	5361.000000	2227.000000
10	4	7	9	347.000000	4530.000000
8	3	4	4	4158.000000	4486.000000
7	5	6	6	2927.000000	5169.000000
6	2	2	2	8004.000000	6608.000000
7	5	7	7	9146.000000	432.000000
9	1	1	6	7163.000000	1411.000000
7	7	4	5	9914.000000	9688.000000
8	5	4	8	9785.000000	7605.000000
8	2	1	1	3918.000000	9711.000000
10000 5 6 10 11 16 5 15 10 18 11 13 6 12 8 5 14 3 1 2 14 23 10 12 10 19 12 7 20 11 6 17 18 12 14 21 15 11 13 7 15 7 9 8 9 16 14 10 23 20 18 
5 10000 8 14 10 13 8 16 14 16 13 16 11 16 7 8 13 5 6 7 13 25 14 15 13 21 12 11 20 11 11 16 16 17 19 21 18 9 14 7 15 11 5 9 8 18 19 14 25 22 17 
6 8 10000 6 7 14 1 10 7 14 5 9 6 9 6 1 10 9 6 6 10 18 6 7 5 14 8 5 14 6 6 13 13 11 11 15 10 8 9 4 10 4 9 3 5 11 12 8 18 15 14 
10 14 6 10000 12 19 7 10 2 17 5 3 6 5 11 7 13 13 10 10 13 15 2 3 3 10 10 5 15 9 6 15 16 6 5 15 5 13 10 10 12 4 14 7 10 8 7 3 15 12 16 
11 10 7 12 10000 7 8 7 13 7 7 13 13 16 3 8 4 13 12 12 3 16 12 10 9 14 4 12 10 3 13 7 7 17 16 12 13 2 4 4 5 10 6 5 3 11 18 14 16 15 8 
16 13 14 19 7 10000 14 12 20 6 14 20 19 22 9 14 7 18 17 18 7 20 19 17 16 20 10 19 13 10 20 8 7 24 23 15 19 6 10 10 10 17 9 12 9 17 25 21 20 20 9 
5 8 1 7 8 14 10000 10 7 15 6 9 5 9 6 1 11 8 6 6 10 18 6 7 5 14 8 5 15 7 6 14 14 10 11 16 10 8 9 4 10 4 9 4 6 11 12 7 19 15 14 
15 16 10 10 7 12 10 10000 12 8 6 11 14 15 9 11 5 18 16 16 6 10 12 8 8 9 4 13 5 5 15 6 7 16 14 6 9 8 3 9 3 11 13 7 8 6 16 13 10 9 6 
10 14 7 2 13 20 7 12 10000 19 7 3 5 3 12 8 15 13 10 10 15 17 1 5 5 12 12 4 16 11 5 17 18 5 5 16 7 14 12 10 13 4 15 8 11 10 6 2 17 13 17 
18 16 14 17 7 6 15 8 19 10000 12 18 19 21 10 14 4 20 18 19 5 15 18 15 15 16 8 19 8 9 20 3 2 23 21 10 17 7 7 11 6 17 12 11 10 13 23 20 15 16 3 
11 13 5 5 7 14 6 6 7 12 10000 7 8 9 8 6 9 13 11 11 8 13 6 3 3 9 5 8 11 5 9 11 12 11 10 11 6 9 6 6 7 6 11 4 6 6 12 8 13 10 11 
13 16 9 3 13 20 9 11 3 18 7 10000 7 5 13 9 14 15 13 12 14 14 4 4 5 9 11 7 15 11 8 16 17 6 4 15 4 14 12 11 12 6 16 9 12 8 6 4 15 10 17 
6 11 6 6 13 19 5 14 5 19 8 7 10000 6 11 6 15 9 6 6 15 20 4 8 6 15 12 1 18 11 1 18 18 6 9 19 10 13 13 9 14 3 13 8 10 13 8 4 20 17 18 
12 16 9 5 16 22 9 15 3 21 9 5 6 10000 15 10 17 14 11 11 17 18 4 7 7 13 14 5 19 13 6 20 21 2 4 19 8 17 15 13 16 6 17 11 14 12 3 2 19 15 20 
8 7 6 11 3 9 6 9 12 10 8 13 11 15 10000 6 7 10 9 10 6 18 12 10 9 16 6 11 13 5 11 10 10 16 16 15 14 3 7 2 8 9 4 5 2 13 17 13 19 17 11 
5 8 1 7 8 14 1 11 8 14 6 9 6 10 6 10000 11 8 5 6 10 19 7 8 6 15 8 5 15 7 6 14 14 11 12 16 11 8 9 4 10 4 8 4 5 12 12 8 19 16 14 
14 13 10 13 4 7 11 5 15 4 9 14 15 17 7 11 10000 17 15 15 1 14 14 11 11 13 4 15 7 5 16 4 4 19 18 9 13 5 4 8 3 13 9 8 6 10 20 16 14 14 4 
3 5 9 13 13 18 8 18 13 20 13 15 9 14 10 8 17 10000 3 4 16 26 12 15 13 22 15 9 22 14 9 20 20 14 17 24 18 13 16 10 17 10 9 11 11 19 16 13 26 23 20 
1 6 6 10 12 17 6 16 10 18 11 13 6 11 9 5 15 3 10000 1 14 24 9 12 10 19 13 7 20 12 6 18 18 12 14 21 15 12 14 8 15 7 9 9 9 17 14 10 24 21 19 
2 7 6 10 12 18 6 16 10 19 11 12 6 11 10 6 15 4 1 10000 15 23 9 12 10 19 13 6 20 12 5 18 19 11 14 21 15 12 14 8 15 7 10 9 10 16 13 9 24 20 19 
14 13 10 13 3 7 10 6 15 5 8 14 15 17 6 10 1 16 14 15 10000 15 14 11 11 14 4 14 8 4 16 4 4 19 18 10 13 4 4 7 4 12 9 7 5 11 19 16 15 14 5 
23 25 18 15 16 20 18 10 17 15 13 14 20 18 18 19 14 26 24 23 15 10000 17 13 14 6 13 19 8 14 21 13 14 20 16 6 11 17 12 18 12 18 22 16 17 7 19 18 1 4 12 
10 14 6 2 12 19 6 12 1 18 6 4 4 4 12 7 14 12 9 9 14 17 10000 5 4 12 11 4 16 10 5 17 17 5 6 16 7 13 12 10 13 3 14 8 10 10 6 2 17 13 17 
12 15 7 3 10 17 7 8 5 15 3 4 8 7 10 8 11 15 12 12 11 13 5 10000 3 8 8 7 12 8 9 13 14 9 7 12 4 12 8 9 9 6 14 6 9 6 9 6 13 9 13 
10 13 5 3 9 16 5 8 5 15 3 5 6 7 9 6 11 13 10 10 11 14 4 3 10000 10 8 6 13 7 7 13 14 9 8 13 6 10 8 7 9 4 12 5 8 7 9 6 15 11 13 
19 21 14 10 14 20 14 9 12 16 9 9 15 13 16 15 13 22 19 19 14 6 12 8 10 10000 11 15 10 12 16 14 15 14 11 8 6 16 11 15 11 13 20 13 14 4 14 13 6 2 13 
12 12 8 10 4 10 8 4 12 8 5 11 12 14 6 8 4 15 13 13 4 13 11 8 8 11 10000 12 8 2 13 6 7 16 14 9 10 5 2 6 3 10 9 5 4 8 16 13 13 12 7 
7 11 5 5 12 19 5 13 4 19 8 7 1 5 11 5 15 9 7 6 14 19 4 7 6 15 12 10000 18 11 2 18 18 6 8 18 10 13 13 9 14 3 13 8 10 12 8 4 20 16 18 
20 20 14 15 10 13 15 5 16 8 11 15 18 19 13 15 7 22 20 20 8 8 16 12 13 10 8 18 10000 9 19 5 7 20 18 3 12 11 7 13 6 16 16 12 12 8 20 18 8 9 5 
11 11 6 9 3 10 7 5 11 9 5 11 11 13 5 7 5 14 12 12 4 14 10 8 7 12 2 11 9 10000 12 7 8 15 14 11 10 5 3 5 4 9 8 4 3 9 16 12 14 12 8 
6 11 6 6 13 20 6 15 5 20 9 8 1 6 11 6 16 9 6 5 16 21 5 9 7 16 13 2 19 12 10000 19 19 6 9 20 11 14 14 10 15 4 13 9 11 14 8 5 21 17 19 
17 16 13 15 7 8 14 6 17 3 11 16 18 20 10 14 4 20 18 18 4 13 17 13 13 14 6 18 5 7 19 10000 2 21 19 8 15 7 6 11 4 15 12 10 9 11 22 18 13 14 1 
18 16 13 16 7 7 14 7 18 2 12 17 18 21 10 14 4 20 18 19 4 14 17 14 14 15 7 18 7 8 19 2 10000 22 20 9 16 7 6 11 5 16 12 11 9 12 23 19 14 15 2 
12 17 11 6 17 24 10 16 5 23 11 6 6 2 16 11 19 14 12 11 19 20 5 9 9 14 16 6 20 15 6 21 22 10000 5 20 9 18 16 14 17 8 18 12 15 13 2 4 20 16 21 
14 19 11 5 16 23 11 14 5 21 10 4 9 4 16 12 18 17 14 14 18 16 6 7 8 11 14 8 18 14 9 19 20 5 10000 17 6 18 15 14 15 8 19 12 15 10 4 5 16 12 19 
21 21 15 15 12 15 16 6 16 10 11 15 19 19 15 16 9 24 21 21 10 6 16 12 13 8 9 18 3 11 20 8 9 20 17 10000 12 13 8 15 7 16 18 13 13 7 20 18 6 7 7 
15 18 10 5 13 19 10 9 7 17 6 4 10 8 14 11 13 18 15 15 13 11 7 4 6 6 10 10 12 10 11 15 16 9 6 12 10000 14 10 12 11 9 17 10 12 5 9 8 11 7 14 
11 9 8 13 2 6 8 8 14 7 9 14 13 17 3 8 5 13 12 12 4 17 13 12 10 16 5 13 11 5 14 7 7 18 18 13 14 10000 6 5 6 11 5 6 3 12 19 15 18 16 8 
13 14 9 10 4 10 9 3 12 7 6 12 13 15 7 9 4 16 14 14 4 12 12 8 8 11 2 13 7 3 14 6 6 16 15 8 10 6 10000 7 2 10 10 6 6 7 17 13 12 11 6 
7 7 4 10 4 10 4 9 10 11 6 11 9 13 2 4 8 10 8 8 7 18 10 9 7 15 6 9 13 5 10 11 11 14 14 15 12 5 7 10000 8 7 5 3 2 12 15 11 18 16 11 
15 15 10 12 5 10 10 3 13 6 7 12 14 16 8 10 3 17 15 15 4 12 13 9 9 11 3 14 6 4 15 4 5 17 15 7 11 6 2 8 10000 12 11 7 7 8 18 14 12 11 5 
7 11 4 4 10 17 4 11 4 17 6 6 3 6 9 4 13 10 7 7 12 18 3 6 4 13 10 3 16 9 4 15 16 8 8 16 9 11 10 7 12 10000 12 6 8 11 9 4 18 14 16 
9 5 9 14 6 9 9 13 15 12 11 16 13 17 4 8 9 9 9 10 9 22 14 14 12 20 9 13 16 8 13 12 12 18 19 18 17 5 10 5 11 12 10000 8 6 16 20 15 22 20 13 
8 9 3 7 5 12 4 7 8 11 4 9 8 11 5 4 8 11 9 9 7 16 8 6 5 13 5 8 12 4 9 10 11 12 12 13 10 6 6 3 7 6 8 10000 3 9 13 9 16 13 11 
9 8 5 10 3 9 6 8 11 10 6 12 10 14 2 5 6 11 9 10 5 17 10 9 8 14 4 10 12 3 11 9 9 15 15 13 12 3 6 2 7 8 6 3 10000 11 16 12 17 15 10 
16 18 11 8 11 17 11 6 10 13 6 8 13 12 13 12 10 19 17 16 11 7 10 6 7 4 8 12 8 9 14 11 12 13 10 7 5 12 7 12 8 11 16 9 11 10000 13 11 8 5 11 
14 19 12 7 18 25 12 16 6 23 12 6 8 3 17 12 20 16 14 13 19 19 6 9 9 14 16 8 20 16 8 22 23 2 4 20 9 19 17 15 18 9 20 13 16 13 10000 5 19 15 22 
10 14 8 3 14 21 7 13 2 20 8 4 4 2 13 8 16 13 10 9 16 18 2 6 6 13 13 4 18 12 5 18 19 4 5 18 8 15 13 11 14 4 15 9 12 11 5 10000 18 14 18 
23 25 18 15 16 20 19 10 17 15 13 15 20 19 19 19 14 26 24 24 15 1 17 13 15 6 13 20 8 14 21 13 14 20 16 6 11 18 12 18 12 18 22 16 17 8 19 18 10000 5 12 
20 22 15 12 15 20 15 9 13 16 10 10 17 15 17 16 14 23 21 20 14 4 13 9 11 2 12 16 9 12 17 14 15 16 12 7 7 16 11 16 11 14 20 13 15 5 15 14 5 10000 13 
18 17 14 16 8 9 14 6 17 3 11 17 18 20 11 14 4 20 19 19 5 12 17 13 13 13 7 18 5 8 19 1 2 21 19 7 14 8 6 11 5 16 13 11 10 11 22 18 12 13 10000 
