50
10
1000	500	0	1000	3485.000000	1589.000000
6	1	2	2	1069.000000	7874.000000
6	2	3	6	2470.000000	1610.000000
6	2	0	5	664.000000	7675.000000
7	3	1	5	9297.000000	3296.000000
7	7	6	7	2335.000000	50.000000
8	5	6	6	2167.000000	7142.000000
9	7	8	8	7778.000000	812.000000
7	1	7	7	6278.000000	5002.000000
7	4	1	6	9943.000000	8505.000000
8	8	2	3	2291.000000	6206.000000
8	1	1	2	3927.000000	101.000000
6	6	3	5	2934.000000	6541.000000
8	0	1	2	688.000000	6925.000000
10	4	4	7	4633.000000	7220.000000
9	3	1	9	7004.000000	773.000000
9	6	4	4	1341.000000	2190.000000
8	5	3	7	6171.000000	5293.000000
7	7	5	6	5348.000000	5115.000000
9	8	8	9	4756.000000	4280.000000
8	4	3	6	6044.000000	4621.000000
8	2	6	8	1169.000000	3252.000000
10	7	9	10	3144.000000	8505.000000
6	0	0	6	3730.000000	2960.000000
8	7	6	7	2581.000000	379.000000
8	5	8	8	2071.000000	7368.000000
8	8	2	7	9853.000000	7964.000000
6	3	2	6	4648.000000	3712.000000
6	3	0	0	1811.000000	5860.000000
10	4	3	9	5153.000000	2689.000000
7	1	4	4	2328.000000	1381.000000
8	2	5	7	593.000000	9155.000000
6	5	3	4	6629.000000	3737.000000
10	1	3	7	5960.000000	4791.000000
7	0	3	3	7393.000000	5962.000000
9	1	5	8	8882.000000	3958.000000
6	3	4	6	6.000000	7777.000000
9	2	2	4	3018.000000	169.000000
6	1	0	2	8515.000000	1773.000000
10	10	2	3	2547.000000	9720.000000
7	2	0	2	1613.000000	1288.000000
6	2	5	5	2637.000000	6478.000000
9	0	1	5	7881.000000	878.000000
10	7	9	10	2526.000000	3968.000000
8	6	2	4	1281.000000	2885.000000
10	9	7	8	1868.000000	4937.000000
6	3	6	6	8506.000000	9069.000000
7	3	5	5	6280.000000	456.000000
6	4	5	6	6580.000000	3779.000000
10	3	1	6	6623.000000	7704.000000
9	0	4	9	2791.000000	4254.000000
10000 14 3 14 13 4 12 9 9 19 10 4 10 13 12 8 5 10 8 6 8 6 14 3 4 12 19 5 10 4 3 17 8 9 12 12 15 3 11 17 4 10 9 6 6 8 19 7 8 14 6 
14 10000 13 1 19 16 3 20 12 18 5 17 5 3 8 19 12 12 11 11 12 10 5 12 16 3 18 11 5 14 14 3 14 12 14 18 3 16 20 5 14 5 20 9 10 7 16 19 14 12 9 
3 13 10000 13 15 4 12 11 11 21 10 5 10 12 13 10 3 11 10 8 10 5 14 4 3 12 20 7 9 6 1 16 10 10 14 14 14 4 13 17 2 10 11 5 4 7 20 8 10 15 6 
14 1 13 10000 20 16 4 20 13 19 5 17 6 2 8 19 12 13 11 11 13 9 6 12 16 3 19 12 5 14 14 3 15 13 14 19 2 16 20 6 13 5 20 9 10 6 16 19 15 12 9 
13 19 15 20 10000 16 17 6 7 11 16 13 15 19 13 7 17 8 9 10 8 17 17 12 15 17 10 10 16 9 15 21 6 8 7 2 21 15 4 19 16 15 6 14 17 16 12 9 6 11 14 
4 16 4 16 16 10000 15 11 13 23 13 4 14 15 16 10 5 13 12 10 12 7 17 7 1 15 22 9 12 8 3 19 12 12 16 16 17 2 13 20 3 13 12 8 7 10 22 8 12 18 9 
12 3 12 4 17 15 10000 17 10 16 2 15 2 3 5 16 11 9 8 8 10 9 4 9 14 1 16 9 3 11 12 6 12 9 11 15 5 15 17 6 12 2 17 7 9 5 14 16 12 9 6 
9 20 11 20 6 11 17 10000 9 16 16 8 16 19 15 2 14 10 10 10 9 15 18 10 11 18 15 9 16 7 11 23 7 9 11 7 21 10 3 21 13 16 1 13 14 15 17 4 7 14 13 
9 12 11 13 7 13 10 9 10000 11 9 11 8 12 6 9 12 1 2 4 1 11 10 7 12 10 10 5 10 6 11 15 3 1 3 6 14 12 8 13 12 8 9 8 11 9 10 10 3 6 8 
19 18 21 19 11 23 16 16 11 10000 16 21 15 19 11 17 22 10 12 14 12 21 14 17 22 16 2 15 18 16 21 19 12 11 8 10 20 22 14 15 23 16 16 18 21 18 4 18 12 7 17 
10 5 10 5 16 13 2 16 9 16 10000 13 2 4 6 15 9 8 7 7 9 7 5 8 12 3 16 7 2 10 10 7 10 8 11 14 6 13 16 8 10 1 16 5 7 3 14 14 10 10 5 
4 17 5 17 13 4 15 8 11 21 13 10000 14 16 15 7 7 12 11 9 10 9 17 6 3 16 20 8 13 6 5 20 10 11 14 13 18 2 10 20 6 14 9 9 8 11 21 5 10 17 9 
10 5 10 6 15 14 2 16 8 15 2 14 10000 5 4 15 10 7 6 6 8 8 4 8 13 3 15 7 3 9 11 8 10 7 9 13 7 13 15 7 11 1 16 6 9 4 13 14 10 8 5 
13 3 12 2 19 15 3 19 12 19 4 16 5 10000 8 18 10 12 10 10 12 8 6 10 14 3 19 11 4 13 12 5 14 12 14 18 3 15 19 7 12 4 19 7 9 5 17 18 14 12 7 
12 8 13 8 13 16 5 15 6 11 6 15 4 8 10000 14 13 5 5 6 6 11 4 9 15 6 11 8 7 10 13 9 9 6 7 11 10 15 14 7 14 5 15 8 11 8 9 14 8 5 7 
8 19 10 19 7 10 16 2 9 17 15 7 15 18 14 10000 12 10 10 9 8 13 18 8 9 17 16 8 15 6 10 22 6 9 11 8 20 9 4 20 11 15 2 12 13 14 17 2 7 14 11 
5 12 3 12 17 5 11 14 12 22 9 7 10 10 13 12 10000 12 10 9 11 3 14 6 5 11 21 8 8 8 3 15 12 11 15 16 12 6 15 16 2 9 14 5 2 6 20 11 11 16 6 
10 12 11 13 8 13 9 10 1 10 8 12 7 12 5 10 12 10000 2 4 2 11 9 7 13 10 10 5 9 6 11 14 4 2 3 7 14 13 9 12 13 8 10 8 11 9 9 10 4 5 8 
8 11 10 11 9 12 8 10 2 12 7 11 6 10 5 10 10 2 10000 3 2 10 9 6 11 8 11 4 8 5 10 13 4 2 5 8 12 11 10 11 11 7 10 7 10 7 11 10 4 6 6 
6 11 8 11 10 10 8 10 4 14 7 9 6 10 6 9 9 4 3 10000 3 8 10 4 9 9 13 2 7 4 8 13 4 3 7 9 12 9 10 12 9 7 10 5 8 6 13 9 4 8 4 
8 12 10 13 8 12 10 9 1 12 9 10 8 12 6 8 11 2 2 3 10000 11 10 6 11 10 11 4 9 5 10 15 3 1 4 6 14 11 8 13 12 8 9 8 11 9 11 9 2 7 7 
6 10 5 9 17 7 9 15 11 21 7 9 8 8 11 13 3 11 10 8 11 10000 12 6 7 9 20 8 6 9 5 12 11 11 14 16 10 8 15 14 5 8 15 4 1 4 19 12 11 15 4 
14 5 14 6 17 17 4 18 10 14 5 17 4 6 4 18 14 9 9 10 10 12 10000 12 17 4 14 11 6 13 15 6 12 10 10 15 7 17 18 3 15 5 18 10 12 8 11 18 12 8 9 
3 12 4 12 12 7 9 10 7 17 8 6 8 10 9 8 6 7 6 4 6 6 12 10000 6 10 16 3 7 3 5 14 7 6 10 11 13 6 10 14 6 8 10 4 5 6 16 8 6 12 4 
4 16 3 16 15 1 14 11 12 22 12 3 13 14 15 9 5 13 11 9 11 7 17 6 10000 15 22 8 12 7 3 18 11 12 15 15 16 1 13 19 3 13 11 8 6 10 22 8 11 17 8 
12 3 12 3 17 15 1 18 10 16 3 16 3 3 6 17 11 10 8 9 10 9 4 10 15 10000 16 9 4 12 12 5 12 10 12 16 5 15 18 5 13 3 18 7 10 5 14 17 12 10 7 
19 18 20 19 10 22 16 15 10 2 16 20 15 19 11 16 21 10 11 13 11 20 14 16 22 16 10000 14 17 15 20 19 11 11 7 9 20 21 13 16 22 15 15 17 20 18 4 17 11 7 16 
5 11 7 12 10 9 9 9 5 15 7 8 7 11 8 8 8 5 4 2 4 8 11 3 8 9 14 10000 8 3 7 14 4 4 8 9 13 8 9 13 8 7 9 5 7 7 14 8 4 9 4 
10 5 9 5 16 12 3 16 10 18 2 13 3 4 7 15 8 9 8 7 9 6 6 7 12 4 17 8 10000 10 10 8 11 9 12 15 6 12 16 8 10 3 16 5 7 2 15 15 11 11 4 
4 14 6 14 9 8 11 7 6 16 10 6 9 13 10 6 8 6 5 4 5 9 13 3 7 12 15 3 10 10000 7 16 4 5 8 8 15 7 7 15 8 10 7 6 8 8 15 6 4 11 6 
3 14 1 14 15 3 12 11 11 21 10 5 11 12 13 10 3 11 10 8 10 5 15 5 3 12 20 7 10 7 10000 16 10 10 14 15 14 3 13 17 2 11 12 6 4 8 20 9 10 16 6 
17 3 16 3 21 19 6 23 15 19 7 20 8 5 9 22 15 14 13 13 15 12 6 14 18 5 19 14 8 16 16 10000 17 14 16 20 3 19 22 5 16 7 23 12 13 9 16 21 17 13 11 
8 14 10 15 6 12 12 7 3 12 10 10 10 14 9 6 12 4 4 4 3 11 12 7 11 12 11 4 11 4 10 17 10000 3 5 5 16 11 6 15 12 10 7 9 11 10 12 7 1 8 8 
9 12 10 13 8 12 9 9 1 11 8 11 7 12 6 9 11 2 2 3 1 11 10 6 12 10 11 4 9 5 10 14 3 10000 4 7 14 11 8 12 12 8 9 8 11 9 10 9 3 6 7 
12 14 14 14 7 16 11 11 3 8 11 14 9 14 7 11 15 3 5 7 4 14 10 10 15 12 7 8 12 8 14 16 5 4 10000 5 16 15 9 13 15 10 11 11 14 12 7 12 5 4 10 
12 18 14 19 2 16 15 7 6 10 14 13 13 18 11 8 16 7 8 9 6 16 15 11 15 16 9 9 15 8 15 20 5 7 5 10000 20 14 5 18 16 14 7 13 16 15 11 9 5 9 13 
15 3 14 2 21 17 5 21 14 20 6 18 7 3 10 20 12 14 12 12 14 10 7 13 16 5 20 13 6 15 14 3 16 14 16 20 10000 17 21 7 14 6 21 10 11 7 18 20 16 14 9 
3 16 4 16 15 2 15 10 12 22 13 2 13 15 15 9 6 13 11 9 11 8 17 6 1 15 21 8 12 7 3 19 11 11 15 14 17 10000 12 20 4 13 10 8 7 10 21 7 11 17 9 
11 20 13 20 4 13 17 3 8 14 16 10 15 19 14 4 15 9 10 10 8 15 18 10 13 18 13 9 16 7 13 22 6 8 9 5 21 12 10000 20 14 16 3 13 15 15 15 6 6 13 13 
17 5 17 6 19 20 6 21 13 15 8 20 7 7 7 20 16 12 11 12 13 14 3 14 19 5 16 13 8 15 17 5 15 12 13 18 7 20 20 10000 17 7 21 12 14 10 12 20 15 10 11 
4 14 2 13 16 3 12 13 12 23 10 6 11 12 14 11 2 13 11 9 12 5 15 6 3 13 22 8 10 8 2 16 12 12 15 16 14 4 14 17 10000 11 13 6 4 8 21 10 12 17 7 
10 5 10 5 15 13 2 16 8 16 1 14 1 4 5 15 9 8 7 7 8 8 5 8 13 3 15 7 3 10 11 7 10 8 10 14 6 13 16 7 11 10000 16 6 8 4 13 15 10 9 5 
9 20 11 20 6 12 17 1 9 16 16 9 16 19 15 2 14 10 10 10 9 15 18 10 11 18 15 9 16 7 12 23 7 9 11 7 21 10 3 21 13 16 10000 13 14 15 17 4 7 14 13 
6 9 5 9 14 8 7 13 8 18 5 9 6 7 8 12 5 8 7 5 8 4 10 4 8 7 17 5 5 6 6 12 9 8 11 13 10 8 13 12 6 6 13 10000 4 3 16 11 9 12 1 
6 10 4 10 17 7 9 14 11 21 7 8 9 9 11 13 2 11 10 8 11 1 12 5 6 10 20 7 7 8 4 13 11 11 14 16 11 7 15 14 4 8 14 4 10000 5 20 12 11 15 5 
8 7 7 6 16 10 5 15 9 18 3 11 4 5 8 14 6 9 7 6 9 4 8 6 10 5 18 7 2 8 8 9 10 9 12 15 7 10 15 10 8 4 15 3 5 10000 16 13 10 12 3 
19 16 20 16 12 22 14 17 10 4 14 21 13 17 9 17 20 9 11 13 11 19 11 16 22 14 4 14 15 15 20 16 12 10 7 11 18 21 15 12 21 13 17 16 20 16 10000 18 12 5 15 
7 19 8 19 9 8 16 4 10 18 14 5 14 18 14 2 11 10 10 9 9 12 18 8 8 17 17 8 15 6 9 21 7 9 12 9 20 7 6 20 10 15 4 11 12 13 18 10000 7 15 11 
8 14 10 15 6 12 12 7 3 12 10 10 10 14 8 7 11 4 4 4 2 11 12 6 11 12 11 4 11 4 10 17 1 3 5 5 16 11 6 15 12 10 7 9 11 10 12 7 10000 8 8 
14 12 15 12 11 18 9 14 6 7 10 17 8 12 5 14 16 5 6 8 7 15 8 12 17 10 7 9 11 11 16 13 8 6 4 9 14 17 13 10 17 9 14 12 15 12 5 15 8 10000 11 
6 9 6 9 14 9 6 13 8 17 5 9 5 7 7 11 6 8 6 4 7 4 9 4 8 7 16 4 4 6 6 11 8 7 10 13 9 9 13 11 7 5 13 1 5 3 15 11 8 11 10000 
