60
10
1000	500	0	1000	9849.000000	3013.000000
6	6	1	3	4899.000000	985.000000
8	3	1	7	1751.000000	6627.000000
9	2	6	9	2632.000000	2653.000000
10	2	10	10	5897.000000	8677.000000
8	6	1	5	1489.000000	5452.000000
10	7	1	5	5190.000000	3984.000000
7	3	1	2	4708.000000	3573.000000
8	3	5	7	5957.000000	264.000000
9	0	9	9	3079.000000	9624.000000
9	5	2	7	4164.000000	1459.000000
8	4	7	7	6724.000000	8281.000000
8	8	0	1	9182.000000	6694.000000
8	2	8	8	1450.000000	883.000000
9	8	0	9	1774.000000	5307.000000
6	0	3	5	5614.000000	5967.000000
8	5	4	7	1678.000000	9904.000000
9	4	4	5	6161.000000	9279.000000
7	5	6	6	9335.000000	5911.000000
9	5	6	6	9775.000000	615.000000
10	6	9	9	4146.000000	4070.000000
8	4	2	8	7582.000000	3557.000000
7	5	3	5	2338.000000	540.000000
6	4	1	4	2980.000000	9088.000000
10	3	6	10	3402.000000	2724.000000
10	6	0	0	1455.000000	643.000000
10	5	0	9	3070.000000	8264.000000
10	1	10	10	244.000000	9880.000000
10	10	10	10	2681.000000	7860.000000
6	4	6	6	120.000000	922.000000
8	0	4	7	5832.000000	3649.000000
6	0	4	4	8223.000000	5987.000000
7	1	7	7	4119.000000	3543.000000
8	6	1	3	8677.000000	379.000000
10	1	9	9	4977.000000	6048.000000
6	1	1	4	2678.000000	6325.000000
7	3	4	7	1710.000000	4909.000000
10	10	9	9	8222.000000	8546.000000
6	4	0	2	27.000000	5316.000000
9	6	9	9	2601.000000	5722.000000
10	5	8	8	1986.000000	9971.000000
7	0	1	6	4683.000000	1593.000000
8	3	6	8	9144.000000	5457.000000
8	2	8	8	2454.000000	64.000000
6	5	4	6	7928.000000	9567.000000
9	4	1	9	237.000000	1238.000000
9	2	5	8	3490.000000	5129.000000
10	1	10	10	6841.000000	7242.000000
8	2	5	7	3364.000000	1832.000000
7	6	5	7	3105.000000	6025.000000
7	1	7	7	8890.000000	2886.000000
10	3	1	2	1995.000000	2193.000000
6	1	2	5	1251.000000	1400.000000
9	7	1	7	1630.000000	2888.000000
9	2	1	8	9034.000000	8644.000000
9	2	9	9	4172.000000	9866.000000
9	4	3	5	6265.000000	5469.000000
9	3	0	2	9498.000000	8342.000000
6	5	6	6	4679.000000	7113.000000
9	3	0	8	1037.000000	9097.000000
9	9	1	7	2327.000000	1200.000000
10000 11 18 15 14 18 10 11 10 19 12 13 8 18 17 11 22 15 6 5 12 5 16 19 13 18 18 24 18 20 9 7 12 6 12 16 17 12 21 16 21 11 6 16 14 20 14 11 14 15 2 16 18 17 12 18 9 11 14 22 16 
11 10000 13 6 16 12 7 6 3 18 2 16 15 7 11 11 19 17 14 10 7 8 6 17 5 7 16 21 15 10 6 13 6 8 11 12 11 17 14 11 19 2 13 6 19 10 9 14 4 11 9 7 8 8 18 18 10 18 13 18 6 
18 13 10000 9 10 3 9 9 16 7 12 11 15 12 3 8 7 11 16 21 8 14 13 6 9 12 5 8 4 12 11 14 8 19 7 2 4 14 5 3 7 12 15 14 14 12 5 11 11 3 17 9 11 8 16 9 10 16 6 6 11 
15 6 9 10000 14 7 6 5 9 14 4 14 16 5 6 9 15 16 15 15 5 11 5 13 2 5 12 16 11 7 7 14 4 13 9 8 5 17 8 7 15 5 15 6 18 6 6 13 3 7 13 2 4 3 18 15 10 18 10 14 3 
14 16 10 14 10000 11 10 11 17 6 15 2 8 18 11 6 9 2 9 18 10 11 18 6 13 19 6 12 7 20 11 8 11 18 6 8 12 5 14 9 9 15 10 19 5 19 9 4 15 8 14 16 18 15 7 5 7 8 4 10 17 
18 12 3 7 11 10000 8 8 14 9 10 12 16 10 1 9 9 13 16 20 6 13 10 8 7 10 7 10 6 10 10 14 7 18 8 3 2 15 3 3 10 11 16 11 16 9 5 12 9 4 16 7 9 6 17 11 10 18 8 8 9 
10 7 9 6 10 8 10000 2 8 13 6 10 10 10 8 5 14 11 10 12 3 5 9 12 5 11 10 16 10 12 2 8 3 11 5 7 8 11 11 7 14 5 9 10 13 12 5 8 6 6 8 8 10 8 13 12 4 13 7 14 8 
11 6 9 5 11 8 2 10000 8 13 5 11 11 9 7 6 15 12 11 12 2 6 8 12 4 9 10 16 10 11 3 9 2 11 5 7 7 13 10 7 14 4 10 9 14 11 4 9 5 6 9 7 9 7 14 13 5 14 8 14 7 
10 3 16 9 17 14 8 8 10000 20 5 17 15 10 14 12 22 19 14 8 9 8 8 19 8 10 18 23 17 12 7 13 8 6 12 14 13 18 16 13 21 4 13 8 20 12 11 15 7 13 8 9 10 11 18 20 11 18 14 21 8 
19 18 7 14 6 9 13 13 20 10000 17 8 14 18 10 9 3 7 15 23 12 16 19 2 14 19 3 6 4 19 14 13 13 22 9 7 10 11 11 8 3 17 15 20 10 18 10 9 16 8 18 16 17 14 13 3 11 14 6 5 17 
12 2 12 4 15 10 6 5 5 17 10000 15 15 6 10 10 18 17 14 12 6 9 5 16 3 6 14 19 14 9 6 13 5 10 10 11 9 17 12 10 18 2 13 5 18 8 8 13 2 10 10 5 6 6 18 17 10 18 12 17 4 
13 16 11 14 2 12 10 11 17 8 15 10000 6 19 12 6 11 3 8 17 10 10 18 8 13 19 8 14 9 20 10 6 11 17 6 9 13 4 15 10 11 14 8 19 4 20 10 3 15 9 12 16 18 15 5 7 6 6 5 12 17 
8 15 15 16 8 16 10 11 15 14 15 6 10000 20 16 8 17 8 2 13 12 8 19 14 15 20 13 19 14 22 10 3 12 13 9 14 16 5 19 14 16 14 3 19 7 21 12 5 16 13 8 17 20 17 4 12 7 4 10 17 18 
18 7 12 5 18 10 10 9 10 18 6 19 20 10000 9 14 19 20 19 17 9 14 2 17 6 1 16 19 15 3 11 17 8 15 13 12 9 21 10 10 19 7 18 3 22 3 10 17 5 11 16 3 2 5 22 19 14 22 15 17 2 
17 11 3 6 11 1 8 7 14 10 10 12 16 9 10000 8 10 12 16 19 6 13 10 8 7 10 7 10 6 10 9 13 6 17 7 3 1 15 4 2 10 10 15 11 15 9 4 11 8 4 16 7 8 5 16 11 9 17 7 8 9 
11 11 8 9 6 9 5 6 12 9 10 6 8 14 8 10000 12 7 8 14 5 7 13 9 8 14 7 14 7 15 5 6 6 13 2 6 9 8 12 7 11 9 8 14 9 15 5 4 10 6 9 11 13 11 9 9 2 10 3 12 12 
22 19 7 15 9 9 14 15 22 3 18 11 17 19 10 12 10000 10 18 25 13 18 19 4 15 19 5 3 5 19 16 16 14 24 11 8 10 14 10 9 1 18 18 20 13 18 11 12 17 9 21 16 18 15 15 5 13 16 9 3 18 
15 17 11 16 2 13 11 12 19 7 17 3 8 20 12 7 10 10000 10 19 12 12 20 7 15 20 7 12 8 21 12 8 13 19 7 10 13 5 15 11 9 16 10 20 4 20 10 5 16 9 14 17 19 16 6 5 8 7 6 11 18 
6 14 16 15 9 16 10 11 14 15 14 8 2 19 16 8 18 10 10000 11 12 6 18 15 14 19 14 20 14 21 9 3 12 12 9 14 16 6 19 14 17 13 1 19 8 21 12 6 15 13 7 17 19 17 6 14 7 5 10 18 17 
5 10 21 15 18 20 12 12 8 23 12 17 13 17 19 14 25 19 11 10000 14 8 15 22 14 17 21 27 21 20 10 12 13 3 15 19 19 17 22 18 25 11 10 15 19 20 16 15 14 18 5 16 18 17 17 22 12 16 17 25 15 
12 7 8 5 10 6 3 2 9 12 6 10 12 9 6 5 13 12 12 14 10000 7 8 11 4 9 9 14 9 11 4 10 2 12 5 6 6 13 9 5 13 6 11 9 14 10 3 9 5 5 10 6 8 6 14 12 6 14 7 12 7 
5 8 14 11 11 13 5 6 8 16 9 10 8 14 13 7 18 12 6 8 7 10000 13 15 9 14 14 20 14 16 4 6 7 7 8 12 13 11 16 11 18 8 5 13 13 16 9 8 10 11 3 12 14 12 11 15 5 11 10 18 12 
16 6 13 5 18 10 9 8 8 19 5 18 19 2 10 13 19 20 18 15 8 13 10000 18 5 2 16 20 15 5 10 17 7 13 13 12 9 20 11 11 19 6 17 1 22 5 10 17 4 12 14 4 3 5 22 20 13 22 14 18 2 
19 17 6 13 6 8 12 12 19 2 16 8 14 17 8 9 4 7 15 22 11 15 18 10000 13 18 2 6 3 18 13 13 12 21 8 6 9 11 10 7 3 16 15 19 10 17 8 9 15 7 18 14 16 13 13 3 10 14 6 4 16 
13 5 9 2 13 7 5 4 8 14 3 13 15 6 7 8 15 15 14 14 4 9 5 13 10000 6 12 16 11 8 6 12 3 12 8 8 6 16 9 7 15 4 13 6 17 7 5 12 2 7 11 4 6 4 17 15 8 17 10 14 4 
18 7 12 5 19 10 11 9 10 19 6 19 20 1 10 14 19 20 19 17 9 14 2 18 6 10000 16 19 15 3 11 18 8 15 13 12 9 21 10 11 19 7 19 3 23 3 10 18 5 12 16 4 2 5 23 20 14 23 15 17 3 
18 16 5 12 6 7 10 10 18 3 14 8 13 16 7 7 5 7 14 21 9 14 16 2 12 16 10000 7 2 16 11 12 10 20 6 4 8 11 9 6 5 14 14 17 11 16 7 8 13 5 16 13 15 12 12 4 9 13 4 5 15 
24 21 8 16 12 10 16 16 23 6 19 14 19 19 10 14 3 12 20 27 14 20 20 6 16 19 7 10000 7 18 17 18 15 26 13 9 11 17 10 10 4 19 20 21 16 18 12 15 18 10 23 16 18 15 18 8 15 19 11 3 18 
18 15 4 11 7 6 10 10 17 4 14 9 14 15 6 7 5 8 14 21 9 14 15 3 11 15 2 7 10000 15 11 12 10 20 6 4 7 12 8 5 5 14 14 16 12 15 6 9 13 4 16 12 14 11 13 5 9 14 5 5 14 
20 10 12 7 20 10 12 11 12 19 9 20 22 3 10 15 19 21 21 20 11 16 5 18 8 3 16 18 15 10000 13 20 10 18 15 12 9 23 9 11 19 10 21 5 24 1 11 19 7 12 18 5 3 5 24 20 16 24 16 17 5 
9 6 11 7 11 10 2 3 7 14 6 10 10 11 9 5 16 12 9 10 4 4 10 13 6 11 11 17 11 13 10000 7 4 9 6 9 9 11 13 8 15 5 8 10 13 13 6 8 7 8 7 9 11 9 12 13 4 12 8 15 9 
7 13 14 14 8 14 8 9 13 13 13 6 3 17 13 6 16 8 3 12 10 6 17 13 12 18 12 18 12 20 7 10000 10 12 7 12 14 6 17 12 15 12 3 17 8 19 10 4 13 11 7 15 17 15 6 12 5 6 8 16 16 
12 6 8 4 11 7 3 2 8 13 5 11 12 8 6 6 14 13 12 13 2 7 7 12 3 8 10 15 10 10 4 10 10000 12 6 7 6 13 9 6 14 5 11 8 15 10 4 10 4 6 10 6 8 6 15 13 6 15 8 13 6 
6 8 19 13 18 18 11 11 6 22 10 17 13 15 17 13 24 19 12 3 12 7 13 21 12 15 20 26 20 18 9 12 12 10000 14 17 17 17 20 17 24 9 11 13 19 17 15 15 12 16 6 14 15 15 17 22 12 17 16 24 13 
12 11 7 9 6 8 5 5 12 9 10 6 9 13 7 2 11 7 9 15 5 8 13 8 8 13 6 13 6 15 6 7 6 14 10000 5 7 9 11 5 10 9 9 13 10 14 4 5 10 4 11 10 12 10 10 8 3 11 3 10 12 
16 12 2 8 8 3 7 7 14 7 11 9 14 12 3 6 8 10 14 19 6 12 12 6 8 12 4 9 4 12 9 12 7 17 5 10000 4 12 6 2 8 11 14 13 13 12 3 9 10 2 15 9 11 8 14 8 8 15 5 7 11 
17 11 4 5 12 2 8 7 13 10 9 13 16 9 1 9 10 13 16 19 6 13 9 9 6 9 8 11 7 9 9 14 6 17 7 4 10000 15 4 3 11 9 15 10 16 8 4 12 7 4 15 6 8 5 17 12 10 18 8 9 8 
12 17 14 17 5 15 11 13 18 11 17 4 5 21 15 8 14 5 6 17 13 11 20 11 16 21 11 17 12 23 11 6 13 17 9 12 15 10000 18 13 13 16 7 21 3 22 12 4 17 12 12 18 20 18 2 9 8 3 8 15 19 
21 14 5 8 14 3 11 10 16 11 12 15 19 10 4 12 10 15 19 22 9 16 11 10 9 10 9 10 8 9 13 17 9 20 11 6 4 18 10000 6 11 12 19 12 18 9 7 15 10 7 19 8 9 6 20 13 13 20 10 8 10 
16 11 3 7 9 3 7 7 13 8 10 10 14 10 2 7 9 11 14 18 5 11 11 7 7 11 6 10 5 11 8 12 6 17 5 2 3 13 6 10000 9 10 14 12 14 11 3 10 8 2 14 8 10 6 15 9 8 15 6 8 10 
21 19 7 15 9 10 14 14 21 3 18 11 16 19 10 11 1 9 17 25 13 18 19 3 15 19 5 4 5 19 15 15 14 24 10 8 11 13 11 9 10000 18 17 20 12 18 11 12 17 9 20 16 18 15 15 5 13 16 8 3 18 
11 2 12 5 15 11 5 4 4 17 2 14 14 7 10 9 18 16 13 11 6 8 6 16 4 7 14 19 14 10 5 12 5 9 9 11 9 16 12 10 18 10000 12 6 18 9 8 13 3 10 9 6 7 7 17 17 9 17 12 17 5 
6 13 15 15 10 16 9 10 13 15 13 8 3 18 15 8 18 10 1 10 11 5 17 15 13 19 14 20 14 21 8 3 11 11 9 14 15 7 19 14 17 12 10000 18 9 20 12 6 14 13 6 16 18 16 7 14 6 6 10 18 17 
16 6 14 6 19 11 10 9 8 20 5 19 19 3 11 14 20 20 19 15 9 13 1 19 6 3 17 21 16 5 10 17 8 13 13 13 10 21 12 12 20 6 18 10000 22 6 11 17 4 12 15 5 4 6 22 20 14 22 15 19 3 
14 19 14 18 5 16 13 14 20 10 18 4 7 22 15 9 13 4 8 19 14 13 22 10 17 23 11 16 12 24 13 8 15 19 10 13 16 3 18 14 12 18 9 22 10000 23 13 6 18 12 14 19 22 19 3 8 9 4 9 14 21 
20 10 12 6 19 9 12 11 12 18 8 20 21 3 9 15 18 20 21 20 10 16 5 17 7 3 16 18 15 1 13 19 10 17 14 12 8 22 9 11 18 9 20 6 23 10000 11 18 7 12 18 5 3 5 23 19 15 24 15 16 5 
14 9 5 6 9 5 5 4 11 10 8 10 12 10 4 5 11 10 12 16 3 9 10 8 5 10 7 12 6 11 6 10 4 15 4 3 4 12 7 3 11 8 12 11 13 11 10000 8 7 2 12 7 9 6 14 10 6 14 5 10 9 
11 14 11 13 4 12 8 9 15 9 13 3 5 17 11 4 12 5 6 15 9 8 17 9 12 18 8 15 9 19 8 4 10 15 5 9 12 4 15 10 12 13 6 17 6 18 8 10000 13 8 10 14 17 14 6 8 4 6 5 13 16 
14 4 11 3 15 9 6 5 7 16 2 15 16 5 8 10 17 16 15 14 5 10 4 15 2 5 13 18 13 7 7 13 4 12 10 10 7 17 10 8 17 3 14 4 18 7 7 13 10000 9 12 3 5 5 18 17 10 18 11 16 3 
15 11 3 7 8 4 6 6 13 8 10 9 13 11 4 6 9 9 13 18 5 11 12 7 7 12 5 10 4 12 8 11 6 16 4 2 4 12 7 2 9 10 13 12 12 12 2 8 9 10000 14 8 10 7 13 8 7 14 4 8 10 
2 9 17 13 14 16 8 9 8 18 10 12 8 16 16 9 21 14 7 5 10 3 14 18 11 16 16 23 16 18 7 7 10 6 11 15 15 12 19 14 20 9 6 15 14 18 12 10 12 14 10000 14 16 15 12 17 8 11 12 21 14 
16 7 9 2 16 7 8 7 9 16 5 16 17 3 7 11 16 17 17 16 6 12 4 14 4 4 13 16 12 5 9 15 6 14 10 9 6 18 8 8 16 6 16 5 19 5 7 14 3 8 14 10000 3 2 20 16 11 20 12 14 3 
18 8 11 4 18 9 10 9 10 17 6 18 20 2 8 13 18 19 19 18 8 14 3 16 6 2 15 18 14 3 11 17 8 15 12 11 8 20 9 10 18 7 18 4 22 3 9 17 5 10 16 3 10000 4 22 18 13 22 14 16 3 
17 8 8 3 15 6 8 7 11 14 6 15 17 5 5 11 15 16 17 17 6 12 5 13 4 5 12 15 11 5 9 15 6 15 10 8 5 18 6 6 15 7 16 6 19 5 6 14 5 7 15 2 4 10000 19 15 11 20 11 13 4 
12 18 16 18 7 17 13 14 18 13 18 5 4 22 16 9 15 6 6 17 14 11 22 13 17 23 12 18 13 24 12 6 15 17 10 14 17 2 20 15 15 17 7 22 3 23 14 6 18 13 12 20 22 19 10000 11 9 2 10 17 21 
18 18 9 15 5 11 12 13 20 3 17 7 12 19 11 9 5 5 14 22 12 15 20 3 15 20 4 8 5 20 13 12 13 22 8 8 12 9 13 9 5 17 14 20 8 19 10 8 17 8 17 16 18 15 11 10000 10 12 6 7 18 
9 10 10 10 7 10 4 5 11 11 10 6 7 14 9 2 13 8 7 12 6 5 13 10 8 14 9 15 9 16 4 5 6 12 3 8 10 8 13 8 13 9 6 14 9 15 6 4 10 7 8 11 13 11 9 10 10000 9 5 13 12 
11 18 16 18 8 18 13 14 18 14 18 6 4 22 17 10 16 7 5 16 14 11 22 14 17 23 13 19 14 24 12 6 15 17 11 15 18 3 20 15 16 17 6 22 4 24 14 6 18 14 11 20 22 20 2 12 9 10000 10 17 21 
14 13 6 10 4 8 7 8 14 6 12 5 10 15 7 3 9 6 10 17 7 10 14 6 10 15 4 11 5 16 8 8 8 16 3 5 8 8 10 6 8 12 10 15 9 15 5 5 11 4 12 12 14 11 10 6 5 10 10000 9 13 
22 18 6 14 10 8 14 14 21 5 17 12 17 17 8 12 3 11 18 25 12 18 18 4 14 17 5 3 5 17 15 16 13 24 10 7 9 15 8 8 3 17 18 19 14 16 10 13 16 8 21 14 16 13 17 7 13 17 9 10000 17 
16 6 11 3 17 9 8 7 8 17 4 17 18 2 9 12 18 18 17 15 7 12 2 16 4 3 15 18 14 5 9 16 6 13 12 11 8 19 10 10 18 5 17 3 21 5 9 16 3 10 14 3 3 4 21 18 12 21 13 17 10000 
