60
10
1000	500	0	1000	2303.000000	7208.000000
10	5	2	8	1368.000000	1332.000000
9	1	4	5	8810.000000	3758.000000
7	3	7	7	4463.000000	4542.000000
6	6	1	4	9929.000000	496.000000
10	0	2	5	6967.000000	7116.000000
8	1	4	7	4234.000000	6764.000000
6	0	2	3	736.000000	2571.000000
9	5	2	4	4771.000000	7563.000000
10	1	3	8	6062.000000	6069.000000
9	3	2	8	3699.000000	6216.000000
10	6	1	6	8624.000000	5936.000000
9	2	3	5	7378.000000	1777.000000
6	1	0	4	1813.000000	382.000000
9	5	1	3	2636.000000	5744.000000
9	0	4	7	643.000000	6869.000000
10	10	7	7	212.000000	2289.000000
10	10	10	10	8603.000000	5227.000000
10	5	10	10	3339.000000	8455.000000
7	3	0	4	2204.000000	4288.000000
10	2	1	2	1917.000000	7027.000000
7	7	3	3	7525.000000	2296.000000
6	1	6	6	2636.000000	273.000000
7	1	3	7	4366.000000	1932.000000
6	4	6	6	5218.000000	5309.000000
7	6	4	5	7878.000000	5731.000000
6	5	2	5	8570.000000	6314.000000
8	1	6	8	246.000000	2731.000000
10	2	8	10	3846.000000	9039.000000
8	7	0	3	2550.000000	6620.000000
7	5	7	7	5201.000000	1345.000000
10	7	0	8	1494.000000	8962.000000
8	6	1	2	7583.000000	742.000000
6	0	5	5	3879.000000	1594.000000
10	6	8	9	9597.000000	951.000000
9	9	6	8	8011.000000	4801.000000
10	1	8	9	1188.000000	2953.000000
10	10	6	6	1052.000000	2743.000000
7	6	1	7	5474.000000	6361.000000
8	2	7	7	1967.000000	860.000000
10	2	3	8	6583.000000	1680.000000
9	0	7	8	6921.000000	9935.000000
9	2	9	9	8378.000000	2089.000000
9	8	2	8	1247.000000	3213.000000
8	6	0	8	1025.000000	3978.000000
7	3	2	2	2531.000000	629.000000
7	3	6	7	1341.000000	3435.000000
8	7	8	8	4003.000000	8890.000000
7	5	6	6	8130.000000	5138.000000
8	7	7	7	3845.000000	8685.000000
6	1	4	6	7193.000000	6782.000000
8	3	8	8	4116.000000	2040.000000
6	4	5	6	825.000000	626.000000
7	4	3	4	9333.000000	1299.000000
7	0	6	6	4115.000000	3580.000000
7	1	7	7	536.000000	3146.000000
7	3	5	6	567.000000	2527.000000
10	3	0	2	8302.000000	4304.000000
9	9	2	9	7206.000000	3309.000000
8	6	8	8	516.000000	8903.000000
9	5	5	6	6366.000000	6902.000000
10000 12 15 7 21 10 4 10 5 8 4 13 15 14 4 4 11 14 4 6 1 15 14 12 7 12 13 10 5 2 14 4 17 12 20 13 9 10 7 13 14 11 16 9 7 14 8 5 13 5 10 11 14 19 9 9 10 14 13 5 9 
12 10000 16 9 18 17 13 3 15 14 11 18 13 3 10 12 4 17 15 7 12 13 4 7 12 16 18 4 17 11 8 16 13 6 17 15 4 3 13 2 11 21 15 4 6 3 5 17 16 16 16 6 2 16 8 4 3 16 13 16 15 
15 16 10000 9 7 8 11 17 12 8 12 5 5 16 13 18 18 3 15 14 16 4 15 10 8 5 6 18 15 14 9 18 7 11 6 3 16 16 9 15 7 13 4 16 16 15 15 15 4 14 7 10 18 6 10 17 17 2 4 20 8 
7 9 9 10000 14 8 5 9 7 5 4 9 9 10 5 9 10 9 9 5 8 8 10 6 3 8 9 10 10 6 7 11 10 7 13 8 8 8 5 9 8 12 10 7 7 9 7 9 8 9 8 6 11 12 3 9 9 8 7 12 7 
21 18 7 14 10000 15 17 19 18 14 17 12 6 17 18 23 20 10 21 18 21 7 15 12 14 12 12 20 21 20 10 24 5 13 2 10 19 19 15 16 8 20 5 19 20 15 19 21 10 21 14 13 19 3 14 20 20 9 8 26 15 
10 17 8 8 15 10000 6 16 5 3 7 5 11 17 10 13 17 5 8 12 11 10 17 12 6 4 4 17 8 9 13 12 13 13 14 6 15 15 4 17 11 6 11 14 14 16 14 7 5 7 1 12 18 13 10 16 16 7 8 14 2 
4 13 11 5 17 6 10000 11 2 4 2 9 12 14 4 8 13 10 4 7 5 12 14 10 4 8 9 12 5 4 12 8 14 11 16 9 10 11 3 13 12 9 13 10 9 13 9 5 9 4 6 10 15 15 7 11 12 10 10 9 5 
10 3 17 9 19 16 11 10000 13 13 10 18 14 5 8 9 2 17 13 5 10 14 6 8 11 16 18 2 15 9 10 13 15 7 19 16 2 1 13 5 12 20 16 2 3 6 3 15 16 14 16 7 4 18 8 2 1 16 14 13 15 
5 15 12 7 18 5 2 13 10000 4 4 9 13 16 6 9 14 9 4 9 6 12 16 12 5 8 8 14 4 5 13 8 15 13 17 9 12 13 3 15 13 7 14 12 11 15 11 4 9 3 6 12 16 16 9 13 14 10 10 9 4 
8 14 8 5 14 3 4 13 4 10000 5 6 9 15 7 11 14 6 8 9 9 9 14 9 3 4 6 14 8 8 10 11 12 10 13 5 12 13 2 14 9 8 10 12 11 13 11 7 5 7 3 9 16 12 7 13 14 6 6 13 2 
4 11 12 4 17 7 2 10 4 5 10000 10 12 13 3 7 11 11 5 5 4 11 13 9 4 9 10 10 6 3 11 8 14 10 16 10 9 9 4 12 11 10 13 8 7 12 8 6 10 5 8 9 13 15 6 9 10 10 10 9 6 
13 18 5 9 12 5 9 18 9 6 10 10000 9 18 12 17 19 2 12 14 14 8 17 12 7 2 1 18 12 13 12 16 11 13 11 3 17 17 7 17 10 9 8 16 16 17 16 11 2 12 4 12 19 10 11 18 18 4 6 18 5 
15 13 5 9 6 11 12 14 13 9 12 9 10000 12 13 17 15 8 16 12 16 2 10 7 9 8 10 15 17 14 5 19 3 8 5 7 13 13 10 11 2 17 3 13 14 10 13 16 7 16 11 7 14 5 8 14 14 6 4 20 11 
14 3 16 10 17 17 14 5 16 15 13 18 12 10000 11 14 5 17 17 8 14 13 2 6 12 17 18 6 18 13 8 18 12 5 16 16 6 5 15 2 10 22 14 6 8 2 7 18 16 18 17 6 3 16 8 7 5 16 13 18 16 
4 10 13 5 18 10 4 8 6 7 3 12 13 11 10000 5 9 12 6 4 3 12 11 9 6 11 12 8 8 2 11 7 15 9 17 11 7 7 6 10 12 12 14 6 5 11 6 7 12 7 10 8 11 17 6 7 8 12 11 8 8 
4 12 18 9 23 13 8 9 9 11 7 17 17 14 5 10000 10 17 7 7 3 17 14 13 10 15 16 9 8 4 15 5 19 13 22 16 8 9 10 13 16 14 19 8 6 14 8 8 16 8 14 12 13 21 10 8 9 17 15 5 12 
11 4 18 10 20 17 13 2 14 14 11 19 15 5 9 10 10000 18 14 6 11 15 7 9 12 17 19 1 16 10 11 14 16 8 19 17 3 2 14 5 13 21 17 3 4 6 4 16 17 15 17 8 4 19 9 2 1 17 15 14 16 
14 17 3 9 10 5 10 17 9 6 11 2 8 17 12 17 18 10000 13 13 14 7 16 11 7 2 3 18 13 13 11 17 10 12 9 2 16 16 7 16 9 10 7 16 16 16 15 12 1 12 5 12 19 8 10 17 17 2 5 18 6 
4 15 15 9 21 8 4 13 4 8 5 12 16 17 6 7 14 13 10000 9 5 15 17 14 8 11 12 14 2 4 15 4 18 14 20 12 12 13 6 16 16 8 17 12 11 16 11 2 12 2 9 13 17 19 10 13 14 13 13 6 7 
6 7 14 5 18 12 7 5 9 9 5 14 12 8 4 7 6 13 9 10000 6 12 9 7 7 12 14 6 11 5 9 10 13 7 17 12 4 4 8 7 11 15 14 3 3 8 3 10 12 10 12 6 8 16 5 5 5 13 11 10 10 
1 12 16 8 21 11 5 10 6 9 4 14 16 14 3 3 11 14 5 6 10000 15 14 12 8 13 14 10 6 2 14 4 17 12 20 13 9 9 8 13 15 12 17 8 7 13 8 6 13 6 11 11 13 19 9 9 10 14 13 5 9 
15 13 4 8 7 10 12 14 12 9 11 8 2 13 12 17 15 7 15 12 15 10000 11 7 8 7 9 15 16 14 6 18 4 8 5 6 13 13 10 12 3 16 2 13 14 11 13 15 6 15 9 7 14 5 8 15 14 5 3 20 10 
14 4 15 10 15 17 14 6 16 14 13 17 10 2 11 14 7 16 17 9 14 11 10000 5 12 16 17 7 18 13 6 18 10 4 14 15 7 6 14 2 9 22 13 7 9 1 7 18 15 17 16 5 4 14 8 8 7 14 11 18 16 
12 7 10 6 12 12 10 8 12 9 9 12 7 6 9 13 9 11 14 7 12 7 5 10000 7 11 13 9 15 11 3 16 7 2 11 10 7 7 10 6 5 17 9 7 8 5 7 14 10 14 12 1 8 11 4 9 8 10 7 16 11 
7 12 8 3 14 6 4 11 5 3 4 7 9 12 6 10 12 7 8 7 8 8 12 7 10000 6 7 12 8 6 8 11 11 8 13 6 10 10 3 12 8 10 10 9 9 11 9 8 6 8 5 7 13 12 5 11 11 7 6 12 4 
12 16 5 8 12 4 8 16 8 4 9 2 8 17 11 15 17 2 11 12 13 7 16 11 6 10000 2 17 11 11 11 15 10 12 11 2 15 15 5 16 9 9 8 15 15 15 14 10 2 10 3 11 18 10 9 16 16 3 6 17 4 
13 18 6 9 12 4 9 18 8 6 10 1 10 18 12 16 19 3 12 14 14 9 17 13 7 2 10000 19 11 13 13 16 12 14 11 4 17 17 7 18 11 8 9 16 16 17 16 11 3 11 3 13 20 11 11 18 18 5 7 17 5 
10 4 18 10 20 17 12 2 14 14 10 18 15 6 8 9 1 18 14 6 10 15 7 9 12 17 19 10000 15 10 11 13 16 8 20 17 2 2 13 6 13 20 17 3 3 7 3 15 17 14 17 8 5 19 8 2 1 17 14 13 15 
5 17 15 10 21 8 5 15 4 8 6 12 17 18 8 8 16 13 2 11 6 16 18 15 8 11 11 15 10000 6 16 5 19 15 20 12 14 14 7 17 16 7 17 13 12 18 13 1 12 1 9 15 18 19 11 14 15 14 14 7 7 
2 11 14 6 20 9 4 9 5 8 3 13 14 13 2 4 10 13 4 5 2 14 13 11 6 11 13 10 6 10000 12 6 16 11 19 12 8 9 6 12 13 11 15 8 7 12 7 6 12 5 10 10 13 18 7 9 10 13 12 7 8 
14 8 9 7 10 13 12 10 13 10 11 12 5 8 11 15 11 11 15 9 14 6 6 3 8 11 13 11 16 12 10000 17 5 3 9 9 9 9 11 7 3 18 7 9 10 6 9 16 10 15 12 3 9 9 5 11 10 9 6 18 12 
4 16 18 11 24 12 8 13 8 11 8 16 19 18 7 5 14 17 4 10 4 18 18 16 11 15 16 13 5 6 17 10000 21 16 23 16 13 13 10 17 18 12 20 12 11 17 12 6 16 5 13 15 17 22 12 12 14 17 17 2 11 
17 13 7 10 5 13 14 15 15 12 14 11 3 12 15 19 16 10 18 13 17 4 10 7 11 10 12 16 19 16 5 21 10000 8 5 9 14 14 13 12 3 19 4 14 15 11 14 18 9 18 13 8 14 4 9 15 15 8 6 22 13 
12 6 11 7 13 13 11 7 13 10 10 13 8 5 9 13 8 12 14 7 12 8 4 2 8 12 14 8 15 11 3 16 8 10000 12 11 7 7 11 5 6 18 10 7 8 4 7 15 12 15 13 2 7 11 4 8 7 11 8 17 12 
20 17 6 13 2 14 16 19 17 13 16 11 5 16 17 22 19 9 20 17 20 5 14 11 13 11 11 20 20 19 9 23 5 12 10000 9 18 18 14 16 7 19 4 18 19 15 18 20 9 20 13 12 18 1 13 19 19 8 7 25 14 
13 15 3 8 10 6 9 16 9 5 10 3 7 16 11 16 17 2 12 12 13 6 15 10 6 2 4 17 12 12 9 16 9 11 9 10000 15 15 6 15 7 11 6 14 15 14 14 12 1 12 5 10 17 8 9 16 16 2 4 18 6 
9 4 16 8 19 15 10 2 12 12 9 17 13 6 7 8 3 16 12 4 9 13 7 7 10 15 17 2 14 8 9 13 14 7 18 15 10000 1 11 5 12 19 15 1 3 6 2 14 15 13 15 7 5 17 6 2 2 15 13 12 14 
10 3 16 8 19 15 11 1 13 13 9 17 13 5 7 9 2 16 13 4 9 13 6 7 10 15 17 2 14 9 9 13 14 7 18 15 1 10000 12 5 12 19 15 2 3 6 2 14 15 14 15 7 5 17 7 2 2 15 13 13 14 
7 13 9 5 15 4 3 13 3 2 4 7 10 15 6 10 14 7 6 8 8 10 14 10 3 5 7 13 7 6 11 10 13 11 14 6 11 12 10000 14 10 8 11 11 11 13 11 6 6 6 4 10 15 13 7 12 13 7 8 12 3 
13 2 15 9 16 17 13 5 15 14 12 17 11 2 10 13 5 16 16 7 13 12 2 6 12 16 18 6 17 12 7 17 12 5 16 15 5 5 14 10000 10 21 14 5 7 2 6 17 16 17 16 5 3 15 7 6 5 15 12 17 15 
14 11 7 8 8 11 12 12 13 9 11 10 2 10 12 16 13 9 16 11 15 3 9 5 8 9 11 13 16 13 3 18 3 6 7 7 12 12 10 10 10000 17 4 12 13 9 12 16 8 16 11 5 12 6 7 13 13 7 4 19 11 
11 21 13 12 20 6 9 20 7 8 10 9 17 22 12 14 21 10 8 15 12 16 22 17 10 9 8 20 7 11 18 12 19 18 19 11 19 19 8 21 17 10000 16 18 17 21 18 7 10 7 7 17 23 18 14 19 20 12 14 13 7 
16 15 4 10 5 11 13 16 14 10 13 8 3 14 14 19 17 7 17 14 17 2 13 9 10 8 9 17 17 15 7 20 4 10 4 6 15 15 11 14 4 16 10000 15 16 13 15 17 7 17 10 9 16 3 10 16 16 5 4 21 11 
9 4 16 7 19 14 10 2 12 12 8 16 13 6 6 8 3 16 12 3 8 13 7 7 9 15 16 3 13 8 9 12 14 7 18 14 1 2 11 5 12 18 15 10000 2 6 1 13 15 13 14 7 6 17 6 2 2 15 12 12 13 
7 6 16 7 20 14 9 3 11 11 7 16 14 8 5 6 4 16 11 3 7 14 9 8 9 15 16 3 12 7 10 11 15 8 19 15 3 3 11 7 13 17 16 2 10000 8 2 12 15 11 14 8 7 18 7 2 4 15 13 10 13 
14 3 15 9 15 16 13 6 15 13 12 17 10 2 11 14 6 16 16 8 13 11 1 5 11 15 17 7 18 12 6 17 11 4 15 14 6 6 13 2 9 21 13 6 8 10000 7 17 15 17 16 5 4 14 7 7 6 14 11 18 15 
8 5 15 7 19 14 9 3 11 11 8 16 13 7 6 8 4 15 11 3 8 13 7 7 9 14 16 3 13 7 9 12 14 7 18 14 2 2 11 6 12 18 15 1 2 7 10000 13 14 12 14 7 6 17 6 2 3 15 12 12 13 
5 17 15 9 21 7 5 15 4 7 6 11 16 18 7 8 16 12 2 10 6 15 18 14 8 10 11 15 1 6 16 6 18 15 20 12 14 14 6 17 16 7 17 13 12 17 13 10000 12 1 8 14 18 19 11 14 15 13 13 7 7 
13 16 4 8 10 5 9 16 9 5 10 2 7 16 12 16 17 1 12 12 13 6 15 10 6 2 3 17 12 12 10 16 9 12 9 1 15 15 6 16 8 10 7 15 15 15 14 12 10000 12 4 11 18 9 9 16 17 2 5 17 5 
5 16 14 9 21 7 4 14 3 7 5 12 16 18 7 8 15 12 2 10 6 15 17 14 8 10 11 14 1 5 15 5 18 15 20 12 13 14 6 17 16 7 17 13 11 17 12 1 12 10000 8 14 18 19 11 13 14 13 13 7 7 
10 16 7 8 14 1 6 16 6 3 8 4 11 17 10 14 17 5 9 12 11 9 16 12 5 3 3 17 9 10 12 13 13 13 13 5 15 15 4 16 11 7 10 14 14 16 14 8 4 8 10000 12 18 12 9 16 16 6 7 15 2 
11 6 10 6 13 12 10 7 12 9 9 12 7 6 8 12 8 12 13 6 11 7 5 1 7 11 13 8 15 10 3 15 8 2 12 10 7 7 10 5 5 17 9 7 8 5 7 14 11 14 12 10000 8 11 4 8 8 10 7 16 11 
14 2 18 11 19 18 15 4 16 16 13 19 14 3 11 13 4 19 17 8 13 14 4 8 13 18 20 5 18 13 9 17 14 7 18 17 5 5 15 3 12 23 16 6 7 4 6 18 18 18 18 8 10000 18 9 6 4 17 14 17 17 
19 16 6 12 3 13 15 18 16 12 15 10 5 16 17 21 19 8 19 16 19 5 14 11 12 10 11 19 19 18 9 22 4 11 1 8 17 17 13 15 6 18 3 17 18 14 17 19 9 19 12 11 18 10000 12 18 18 7 6 24 13 
9 8 10 3 14 10 7 8 9 7 6 11 8 8 6 10 9 10 10 5 9 8 8 4 5 9 11 8 11 7 5 12 9 4 13 9 6 7 7 7 7 14 10 6 7 7 6 11 9 11 9 4 9 12 10000 8 8 9 7 13 9 
9 4 17 9 20 16 11 2 13 13 9 18 14 7 7 8 2 17 13 5 9 15 8 9 11 16 18 2 14 9 11 12 15 8 19 16 2 2 12 6 13 19 16 2 2 7 2 14 16 13 16 8 6 18 8 10000 2 16 14 12 14 
10 3 17 9 20 16 12 1 14 14 10 18 14 5 8 9 1 17 14 5 10 14 7 8 11 16 18 1 15 10 10 14 15 7 19 16 2 2 13 5 13 20 16 2 4 6 3 15 17 14 16 8 4 18 8 2 10000 16 14 13 15 
14 16 2 8 9 7 10 16 10 6 10 4 6 16 12 17 17 2 13 13 14 5 14 10 7 3 5 17 14 13 9 17 8 11 8 2 15 15 7 15 7 12 5 15 15 14 15 13 2 13 6 10 17 7 9 16 16 10000 3 19 7 
13 13 4 7 8 8 10 14 10 6 10 6 4 13 11 15 15 5 13 11 13 3 11 7 6 6 7 14 14 12 6 17 6 8 7 4 13 13 8 12 4 14 4 12 13 11 12 13 5 13 7 7 14 6 7 14 14 3 10000 18 8 
5 16 20 12 26 14 9 13 9 13 9 18 20 18 8 5 14 18 6 10 5 20 18 16 12 17 17 13 7 7 18 2 22 17 25 18 12 13 12 17 19 13 21 12 10 18 12 7 17 7 15 16 17 24 13 12 13 19 18 10000 13 
9 15 8 7 15 2 5 15 4 2 6 5 11 16 8 12 16 6 7 10 9 10 16 11 4 4 5 15 7 8 12 11 13 12 14 6 14 14 3 15 11 7 11 13 13 15 13 7 5 7 2 11 17 13 9 14 15 7 8 13 10000 
