60
10
1000	500	0	1000	6977.000000	5253.000000
8	8	0	6	1285.000000	2109.000000
9	9	0	7	9202.000000	5972.000000
7	4	1	5	3631.000000	6804.000000
8	1	3	6	5692.000000	1718.000000
7	7	2	6	2440.000000	2003.000000
7	3	6	7	7596.000000	8296.000000
9	2	4	6	8940.000000	1087.000000
6	3	1	2	2512.000000	2001.000000
10	3	4	9	1224.000000	6499.000000
10	3	3	6	8485.000000	2153.000000
6	4	2	6	9258.000000	9023.000000
7	6	6	6	2811.000000	2396.000000
8	2	2	7	5509.000000	5968.000000
10	9	9	9	506.000000	5780.000000
10	10	2	9	4002.000000	6584.000000
10	3	9	10	4944.000000	8205.000000
9	9	1	2	7057.000000	9584.000000
10	8	5	6	9990.000000	3769.000000
7	6	3	5	9311.000000	5587.000000
8	2	4	5	6585.000000	5949.000000
7	7	7	7	1241.000000	5110.000000
8	6	7	8	8174.000000	7513.000000
7	6	4	5	6086.000000	7446.000000
9	3	7	9	2843.000000	2681.000000
8	6	2	6	1063.000000	1725.000000
10	8	0	10	622.000000	2083.000000
8	0	0	8	636.000000	3359.000000
10	1	6	7	9739.000000	8088.000000
8	5	8	8	2299.000000	6939.000000
10	0	8	8	9880.000000	5920.000000
9	6	7	7	9211.000000	722.000000
10	5	7	9	4969.000000	285.000000
8	6	7	8	7415.000000	2493.000000
10	5	8	9	7539.000000	3138.000000
10	10	6	7	4706.000000	3633.000000
6	6	6	6	3407.000000	8887.000000
9	4	4	7	8901.000000	5648.000000
9	1	2	2	3384.000000	3115.000000
8	8	1	4	451.000000	2602.000000
9	7	7	7	3297.000000	683.000000
10	8	4	8	6914.000000	4972.000000
7	0	1	3	1184.000000	6520.000000
6	0	6	6	3408.000000	9847.000000
7	1	4	6	583.000000	2616.000000
6	4	3	3	798.000000	6416.000000
8	4	8	8	8372.000000	320.000000
6	0	5	5	1259.000000	1659.000000
8	2	1	2	9889.000000	2237.000000
9	5	2	8	2153.000000	7940.000000
9	9	5	6	7681.000000	4777.000000
10	5	0	7	8682.000000	3595.000000
7	3	1	3	2563.000000	571.000000
8	7	5	5	3490.000000	7594.000000
6	5	0	0	3958.000000	1108.000000
10	10	4	6	6038.000000	2095.000000
6	4	5	6	3741.000000	3542.000000
8	0	8	8	6078.000000	816.000000
8	1	4	6	5692.000000	9435.000000
8	1	4	5	3842.000000	1277.000000
7	6	0	4	5163.000000	1961.000000
10000 14 5 8 8 12 7 10 12 12 7 9 11 4 13 7 8 9 7 5 2 12 6 5 10 14 15 14 8 10 6 11 11 6 5 6 11 4 9 15 12 1 12 12 14 13 11 14 9 12 2 5 13 9 11 7 8 10 9 11 8 
14 10000 18 11 9 3 18 16 3 9 15 22 4 12 8 11 15 19 18 18 14 7 18 15 4 1 2 3 21 10 19 17 9 13 13 8 15 17 5 2 5 13 9 17 2 9 15 1 18 12 14 16 4 12 6 10 6 10 18 6 8 
5 18 10000 12 12 16 6 10 16 16 8 7 15 8 18 11 10 9 5 1 6 17 4 7 15 19 19 18 5 14 2 11 15 8 7 11 13 1 13 19 16 5 17 14 19 17 12 19 8 15 4 5 18 12 15 11 12 13 10 15 12 
8 11 12 10000 11 10 9 16 10 5 14 13 9 5 7 1 4 9 15 12 7 6 10 6 9 12 12 10 13 3 13 17 14 12 11 7 5 11 8 11 13 8 5 7 11 6 17 12 16 4 10 12 13 2 12 11 7 13 7 12 11 
8 9 12 11 10000 7 14 7 7 14 6 17 6 9 14 11 14 16 10 11 9 12 13 12 7 10 11 11 16 13 12 8 4 4 5 5 16 11 6 11 6 7 14 17 11 14 7 9 9 15 8 8 7 13 4 2 6 2 16 4 2 
12 3 16 10 7 10000 17 14 1 10 13 20 2 11 9 10 14 18 16 16 12 7 16 14 2 3 4 5 20 10 17 14 7 10 11 6 14 15 3 5 4 11 10 16 4 10 13 3 15 12 12 13 3 12 4 8 5 8 17 4 6 
7 18 6 9 14 17 10000 15 17 14 13 4 16 7 16 8 6 3 11 7 6 15 2 4 15 19 19 18 5 11 7 16 17 12 11 11 9 6 14 19 18 7 14 9 19 15 17 19 13 11 8 10 19 9 17 13 13 16 5 16 14 
10 16 10 16 7 14 15 10000 13 19 3 16 13 12 20 15 17 18 6 10 11 18 13 14 13 16 17 18 15 18 10 1 9 5 5 10 20 10 12 18 12 9 19 21 17 20 2 16 3 20 8 6 13 17 10 7 12 6 18 11 8 
12 3 16 10 7 1 17 13 10000 10 12 20 1 10 9 10 14 18 16 16 12 7 16 14 2 3 4 5 19 10 17 14 6 10 11 6 14 15 3 5 4 11 10 16 5 10 13 3 15 12 12 13 3 12 4 8 4 8 17 4 6 
12 9 16 5 14 10 14 19 10 10000 17 17 9 9 3 6 9 14 19 17 11 3 15 10 9 10 9 7 18 3 18 20 15 15 15 10 7 16 9 8 13 12 1 8 8 1 19 10 20 4 14 17 13 6 13 14 8 15 11 12 13 
7 15 8 14 6 13 13 3 12 17 10000 14 12 10 18 13 15 16 5 8 9 16 11 12 12 15 16 16 13 16 9 4 8 3 3 9 17 8 11 17 11 7 18 19 16 18 4 15 3 18 6 3 13 15 10 5 10 6 16 10 7 
9 22 7 13 17 20 4 16 20 17 14 10000 19 10 19 12 9 5 11 7 9 18 4 8 19 22 23 21 3 15 7 17 20 14 13 15 12 7 17 22 21 10 17 12 22 18 18 22 14 15 10 11 22 12 20 16 16 18 8 19 17 
11 4 15 9 6 2 16 13 1 9 12 19 10000 9 9 9 13 17 15 15 11 7 15 13 1 4 5 5 18 10 16 14 7 10 10 5 14 14 2 5 4 10 9 15 5 9 12 4 15 12 11 12 4 11 4 7 3 8 16 4 5 
4 12 8 5 9 11 7 12 10 9 10 10 9 10000 11 4 5 8 10 8 3 9 7 4 9 13 13 12 10 7 9 13 12 8 7 5 8 7 8 13 12 4 9 9 12 10 13 13 12 8 5 8 13 6 11 8 7 11 7 10 9 
13 8 18 7 14 9 16 20 9 3 18 19 9 11 10000 8 11 16 20 18 13 2 16 12 8 9 8 5 20 5 19 21 15 16 16 10 9 17 8 7 12 13 3 10 7 2 20 9 21 6 15 17 12 7 12 14 8 15 13 12 13 
7 11 11 1 11 10 8 15 10 6 13 12 9 4 8 10000 4 9 14 11 6 7 9 5 9 12 12 10 12 4 12 16 13 11 10 7 5 10 8 11 12 7 6 7 11 7 16 12 15 5 9 12 13 3 11 10 7 13 7 11 10 
8 15 10 4 14 14 6 17 14 9 15 9 13 5 11 4 10000 6 14 11 6 10 7 3 12 16 15 13 10 6 11 18 16 13 12 10 4 10 11 15 16 8 9 5 15 10 18 16 16 6 9 12 16 4 15 13 10 15 3 15 13 
9 19 9 9 16 18 3 18 18 14 16 5 17 8 16 9 6 10000 14 10 8 15 5 5 17 20 20 18 7 11 10 19 20 15 13 13 8 9 15 20 20 10 14 8 20 15 19 20 16 11 10 13 21 9 19 16 14 18 3 18 16 
7 18 5 15 10 16 11 6 16 19 5 11 15 10 20 14 14 14 10000 4 9 18 9 11 15 19 20 19 9 17 5 7 13 6 6 11 17 5 14 20 15 7 19 18 19 20 8 18 4 18 6 3 17 16 14 9 13 10 15 14 11 
5 18 1 12 11 16 7 10 16 17 8 7 15 8 18 11 11 10 4 10000 6 17 5 8 15 19 19 18 6 15 2 10 14 8 7 11 14 1 13 19 16 5 17 15 19 18 11 18 7 16 4 5 17 13 14 10 12 12 11 14 12 
2 14 6 7 9 12 6 11 12 11 9 9 11 3 13 6 6 8 9 6 10000 11 5 4 10 14 15 13 8 9 7 12 12 8 6 6 9 5 9 14 13 3 11 11 14 12 12 14 10 10 4 7 14 8 12 8 8 11 8 11 9 
12 7 17 6 12 7 15 18 7 3 16 18 7 9 2 7 10 15 18 17 11 10000 15 11 6 7 7 4 19 5 18 19 13 14 14 8 9 16 6 6 10 12 3 11 6 3 18 7 19 6 13 16 10 7 10 12 6 13 13 10 11 
6 18 4 10 13 16 2 13 16 15 11 4 15 7 16 9 7 5 9 5 5 15 10000 5 15 19 19 18 4 12 5 14 16 11 9 11 10 5 14 19 17 6 15 11 19 15 15 19 12 13 6 8 18 10 16 12 12 15 7 16 13 
5 15 7 6 12 14 4 14 14 10 12 8 13 4 12 5 3 5 11 8 4 11 5 10000 12 16 16 14 8 8 9 15 15 11 10 9 7 7 11 15 15 6 10 8 15 11 15 16 13 8 7 10 16 6 14 11 10 14 5 14 12 
10 4 15 9 7 2 15 13 2 9 12 19 1 9 8 9 12 17 15 15 10 6 15 12 10000 5 5 5 18 9 16 14 7 10 10 5 13 14 2 5 5 10 9 15 5 9 13 4 15 11 11 12 5 10 4 7 3 8 15 4 5 
14 1 19 12 10 3 19 16 3 10 15 22 4 13 9 12 16 20 19 19 14 7 19 16 5 10000 2 4 22 11 20 17 9 13 14 9 16 18 6 3 5 14 10 17 3 10 15 1 18 13 15 16 4 13 6 10 7 11 18 6 9 
15 2 19 12 11 4 19 17 4 9 16 23 5 13 8 12 15 20 20 19 15 7 19 16 5 2 10000 3 22 11 21 18 10 14 14 9 15 19 6 2 7 14 9 17 2 9 16 2 19 13 16 17 5 13 7 11 7 12 18 7 10 
14 3 18 10 11 5 18 18 5 7 16 21 5 12 5 10 13 18 19 18 13 4 18 14 5 4 3 10000 21 8 20 18 11 14 14 9 13 18 6 2 8 13 7 15 2 7 17 4 19 10 15 17 7 11 9 12 7 13 16 8 10 
8 21 5 13 16 20 5 15 19 18 13 3 18 10 20 12 10 7 9 6 8 19 4 8 18 22 22 21 10000 16 5 15 19 13 11 14 13 6 17 22 20 9 18 14 22 19 16 22 12 16 8 10 21 13 19 15 16 17 9 19 16 
10 10 14 3 13 10 11 18 10 3 16 15 10 7 5 4 6 11 17 15 9 5 12 8 9 11 11 8 16 10000 16 19 15 14 13 9 5 14 8 10 13 11 3 7 10 4 18 11 18 3 12 15 13 3 13 13 8 15 9 12 12 
6 19 2 13 12 17 7 10 17 18 9 7 16 9 19 12 11 10 5 2 7 18 5 9 16 20 21 20 5 16 10000 11 15 9 8 12 15 3 15 20 17 7 18 16 20 19 12 20 8 16 5 6 19 14 16 11 14 13 11 16 13 
11 17 11 17 8 14 16 1 14 20 4 17 14 13 21 16 18 19 7 10 12 19 14 15 14 17 18 18 15 19 11 10000 9 6 6 11 21 10 13 18 12 10 20 22 18 21 2 17 4 21 9 6 14 18 11 7 13 7 19 11 9 
11 9 15 14 4 7 17 9 6 15 8 20 7 12 15 13 16 20 13 14 12 13 16 15 7 9 10 11 19 15 15 9 10000 7 8 7 18 14 7 11 4 11 15 20 10 15 7 8 11 17 11 10 5 15 3 5 7 3 19 4 4 
6 13 8 12 4 10 12 5 10 15 3 14 10 8 16 11 13 15 6 8 8 14 11 11 10 13 14 14 13 14 9 6 7 10000 2 6 16 7 9 14 9 6 15 17 14 16 5 13 5 16 5 4 11 13 8 3 8 5 15 8 5 
5 13 7 11 5 11 11 5 11 15 3 13 10 7 16 10 12 13 6 7 6 14 9 10 10 14 14 14 11 13 8 6 8 2 10000 6 15 6 9 15 10 4 15 16 14 15 6 13 6 15 4 3 12 13 9 4 8 6 14 9 6 
6 8 11 7 5 6 11 10 6 10 9 15 5 5 10 7 10 13 11 11 6 8 11 9 5 9 9 9 14 9 12 11 7 6 6 10000 11 10 3 9 7 6 10 13 9 10 10 8 11 11 7 8 8 9 6 5 2 7 12 6 4 
11 15 13 5 16 14 9 20 14 7 17 12 14 8 9 5 4 8 17 14 9 9 10 7 13 16 15 13 13 5 15 21 18 16 15 11 10000 13 12 14 17 11 7 2 14 8 20 16 19 4 12 15 17 3 16 15 11 18 5 16 15 
4 17 1 11 11 15 6 10 15 16 8 7 14 7 17 10 10 9 5 1 5 16 5 7 14 18 19 18 6 14 3 10 14 7 6 10 13 10000 13 18 15 5 16 14 18 17 11 18 8 15 3 5 17 12 14 10 12 12 10 14 11 
9 5 13 8 6 3 14 12 3 9 11 17 2 8 8 8 11 15 14 13 9 6 14 11 2 6 6 6 17 8 15 13 7 9 9 3 12 13 10000 6 5 8 9 14 6 9 12 6 14 10 10 11 6 9 5 6 2 8 14 4 5 
15 2 19 11 11 5 19 18 5 8 17 22 5 13 7 11 15 20 20 19 14 6 19 15 5 3 2 2 22 10 20 18 11 14 15 9 14 18 6 10000 7 14 8 16 1 8 17 3 19 12 16 17 6 12 8 12 7 12 18 8 10 
12 5 16 13 6 4 18 12 4 13 11 21 4 12 12 12 16 20 15 16 13 10 17 15 5 5 7 8 20 13 17 12 4 9 10 7 17 15 5 7 10000 12 13 19 7 13 11 5 14 15 12 13 2 14 2 7 6 6 19 2 5 
1 13 5 8 7 11 7 9 11 12 7 10 10 4 13 7 8 10 7 5 3 12 6 6 10 14 14 13 9 11 7 10 11 6 4 6 11 5 8 14 12 10000 12 13 14 13 10 14 9 12 2 5 13 9 10 7 7 9 10 10 7 
12 9 17 5 14 10 14 19 10 1 18 17 9 9 3 6 9 14 19 17 11 3 15 10 9 10 9 7 18 3 18 20 15 15 15 10 7 16 9 8 13 12 10000 9 8 1 19 10 20 4 14 17 13 6 13 14 8 16 11 12 13 
12 17 14 7 17 16 9 21 16 8 19 12 15 9 10 7 5 8 18 15 11 11 11 8 15 17 17 15 14 7 16 22 20 17 16 13 2 14 14 16 19 13 9 10000 16 9 22 17 20 5 14 17 19 5 18 17 13 19 5 18 17 
14 2 19 11 11 4 19 17 5 8 16 22 5 12 7 11 15 20 19 19 14 6 19 15 5 3 2 2 22 10 20 18 10 14 14 9 14 18 6 1 7 14 8 16 10000 8 17 3 19 12 15 17 6 12 8 11 7 12 18 8 10 
13 9 17 6 14 10 15 20 10 1 18 18 9 10 2 7 10 15 20 18 12 3 15 11 9 10 9 7 19 4 19 21 15 16 15 10 8 17 9 8 13 13 1 9 8 10000 20 10 21 5 15 17 13 6 13 14 9 16 12 12 13 
11 15 12 17 7 13 17 2 13 19 4 18 12 13 20 16 18 19 8 11 12 18 15 15 13 15 16 17 16 18 12 2 7 5 6 10 20 11 12 17 11 10 19 22 17 20 10000 15 5 20 10 7 12 18 9 6 12 5 20 10 8 
14 1 19 12 9 3 19 16 3 10 15 22 4 13 9 12 16 20 18 18 14 7 19 16 4 1 2 4 22 11 20 17 8 13 13 8 16 18 6 3 5 14 10 17 3 10 15 10000 18 13 15 16 4 13 6 10 7 10 18 6 8 
9 18 8 16 9 15 13 3 15 20 3 14 15 12 21 15 16 16 4 7 10 19 12 13 15 18 19 19 12 18 8 4 11 5 6 11 19 8 14 19 14 9 20 20 19 21 5 18 10000 20 7 4 16 17 13 8 13 9 17 13 10 
12 12 15 4 15 12 11 20 12 4 18 15 12 8 6 5 6 11 18 16 10 6 13 8 11 13 13 10 16 3 16 21 17 16 15 11 4 15 10 12 15 12 4 5 12 5 20 13 20 10000 13 16 15 3 15 15 10 17 8 14 14 
2 14 4 10 8 12 8 8 12 14 6 10 11 5 15 9 9 10 6 4 4 13 6 7 11 15 16 15 8 12 5 9 11 5 4 7 12 3 10 16 12 2 14 14 15 15 10 15 7 13 10000 4 14 11 11 7 9 9 11 11 8 
5 16 5 12 8 13 10 6 13 17 3 11 12 8 17 12 12 13 3 5 7 16 8 10 12 16 17 17 10 15 6 6 10 4 3 8 15 5 11 17 13 5 17 17 17 17 7 16 4 16 4 10000 14 14 11 7 10 8 14 11 8 
13 4 18 13 7 3 19 13 3 13 13 22 4 13 12 13 16 21 17 17 14 10 18 16 5 4 5 7 21 13 19 14 5 11 12 8 17 17 6 6 2 13 13 19 6 13 12 4 16 15 14 14 10000 15 3 8 7 8 19 3 6 
9 12 12 2 13 12 9 17 12 6 15 12 11 6 7 3 4 9 16 13 8 7 10 6 10 13 13 11 13 3 14 18 15 13 13 9 3 12 9 12 14 9 6 5 12 6 18 13 17 3 11 14 15 10000 14 13 9 15 6 13 12 
11 6 15 12 4 4 17 10 4 13 10 20 4 11 12 11 15 19 14 14 12 10 16 14 4 6 7 9 19 13 16 11 3 8 9 6 16 14 5 8 2 10 13 18 8 13 9 6 13 15 11 11 3 14 10000 5 5 5 18 1 3 
7 10 11 11 2 8 13 7 8 14 5 16 7 8 14 10 13 16 9 10 8 12 12 11 7 10 11 12 15 13 11 7 5 3 4 5 15 10 6 12 7 7 14 17 11 14 6 10 8 15 7 7 8 13 5 10000 6 3 15 5 2 
8 6 12 7 6 5 13 12 4 8 10 16 3 7 8 7 10 14 13 12 8 6 12 10 3 7 7 7 16 8 14 13 7 8 8 2 11 12 2 7 6 7 8 13 7 9 12 7 13 10 9 10 7 9 5 6 10000 8 13 5 5 
10 10 13 13 2 8 16 6 8 15 6 18 8 11 15 13 15 18 10 12 11 13 15 14 8 11 12 13 17 15 13 7 3 5 6 7 18 12 8 12 6 9 16 19 12 16 5 10 9 17 9 8 8 15 5 3 8 10000 18 5 3 
9 18 10 7 16 17 5 18 17 11 16 8 16 7 13 7 3 3 15 11 8 13 7 5 15 18 18 16 9 9 11 19 19 15 14 12 5 10 14 18 19 10 11 5 18 12 20 18 17 8 11 14 19 6 18 15 13 18 10000 17 15 
11 6 15 12 4 4 16 11 4 12 10 19 4 10 12 11 15 18 14 14 11 10 16 14 4 6 7 8 19 12 16 11 4 8 9 6 16 14 4 8 2 10 12 18 8 12 10 6 13 14 11 11 3 13 1 5 5 5 17 10000 3 
8 8 12 11 2 6 14 8 6 13 7 17 5 9 13 10 13 16 11 12 9 11 13 12 5 9 10 10 16 12 13 9 4 5 6 4 15 11 5 10 5 7 13 17 10 13 8 8 10 14 8 8 6 12 3 2 5 3 15 3 10000 
