60
10
1000	500	0	1000	3784.000000	1376.000000
10	7	4	9	5973.000000	2651.000000
10	6	10	10	1966.000000	6270.000000
9	5	1	1	9554.000000	2729.000000
7	7	2	6	5031.000000	8419.000000
6	0	5	6	4057.000000	8839.000000
7	3	2	6	8080.000000	2093.000000
8	4	2	4	9048.000000	2191.000000
10	4	7	9	314.000000	4355.000000
9	9	2	6	9109.000000	2166.000000
9	6	6	7	1241.000000	3329.000000
8	4	5	8	8861.000000	4704.000000
7	2	4	4	12.000000	4491.000000
7	5	7	7	5876.000000	5547.000000
8	7	6	6	5953.000000	5072.000000
8	1	1	3	4932.000000	9203.000000
6	0	2	5	253.000000	131.000000
7	5	5	5	8396.000000	4913.000000
7	4	7	7	2799.000000	812.000000
6	6	4	6	8285.000000	7074.000000
9	3	3	7	4133.000000	7266.000000
7	5	6	7	7563.000000	9521.000000
10	4	7	9	2677.000000	821.000000
9	2	7	9	1985.000000	1300.000000
10	1	5	8	4474.000000	2536.000000
8	6	7	7	231.000000	7397.000000
6	2	6	6	8730.000000	815.000000
10	9	4	10	9629.000000	6514.000000
9	1	4	7	472.000000	1181.000000
9	5	6	9	7093.000000	7656.000000
8	0	3	7	9819.000000	1944.000000
7	2	1	2	3247.000000	8688.000000
6	1	5	6	2055.000000	1842.000000
9	5	5	8	1675.000000	316.000000
6	4	3	5	8539.000000	8706.000000
9	1	0	6	9997.000000	2731.000000
8	7	6	6	4072.000000	3749.000000
6	6	1	6	2590.000000	4044.000000
10	2	0	3	8409.000000	9884.000000
6	2	4	6	2722.000000	2078.000000
6	5	4	4	3316.000000	6956.000000
7	2	3	7	7309.000000	748.000000
7	2	0	7	9427.000000	9130.000000
7	0	1	5	5893.000000	3416.000000
6	6	1	5	2612.000000	490.000000
10	6	9	9	2601.000000	7690.000000
9	4	4	6	3043.000000	5801.000000
10	3	3	4	3303.000000	9347.000000
10	7	9	9	499.000000	6949.000000
7	6	4	4	1622.000000	1977.000000
8	4	3	8	6968.000000	6491.000000
10	2	6	6	3902.000000	9190.000000
10	5	0	4	5629.000000	2661.000000
7	5	4	7	2953.000000	4690.000000
7	5	6	6	2153.000000	651.000000
8	8	6	8	7042.000000	9834.000000
9	5	9	9	8047.000000	4950.000000
10	9	4	5	2055.000000	6327.000000
10	7	5	10	913.000000	2664.000000
10	6	1	1	2670.000000	1317.000000
9	9	7	9	726.000000	7722.000000
10000 6 11 12 15 15 9 11 10 11 7 13 10 10 9 16 8 12 3 15 12 18 3 4 3 14 10 16 7 15 13 15 4 5 18 13 5 6 20 3 12 8 20 6 3 13 9 16 13 5 13 16 5 7 4 19 12 11 7 3 15 
6 10000 11 8 12 13 5 7 12 7 10 8 13 6 5 14 13 7 8 10 10 15 8 9 4 15 7 11 12 11 8 14 9 10 14 9 5 8 16 7 11 5 15 2 8 13 9 15 14 9 8 14 1 8 9 15 7 11 11 8 15 
11 11 10000 17 8 7 15 17 6 17 7 15 6 8 9 9 13 14 12 13 5 13 11 10 9 5 18 16 11 11 18 6 9 12 15 18 7 5 15 9 4 16 16 10 12 4 3 7 4 9 11 8 11 4 12 13 13 1 8 11 4 
12 8 17 10000 15 17 4 2 19 2 17 5 20 10 9 16 20 5 15 10 15 15 15 16 11 21 5 8 19 12 2 18 16 17 13 1 12 15 15 14 16 6 13 8 15 18 15 19 20 16 10 18 8 14 16 16 6 17 18 15 21 
15 12 8 15 10000 3 15 15 13 15 13 11 13 6 7 2 20 10 16 8 3 6 16 16 12 10 17 10 18 5 17 4 15 18 8 16 10 11 8 14 5 17 9 11 17 6 7 4 10 15 6 3 12 9 17 5 10 8 15 15 9 
15 13 7 17 3 10000 16 17 12 17 13 13 12 8 9 2 20 12 17 10 4 8 17 16 13 9 19 13 17 7 18 2 15 18 9 18 11 11 9 14 5 18 11 12 17 4 7 2 9 15 8 1 13 9 17 7 12 7 14 16 8 
9 5 15 4 15 16 10000 2 17 3 14 6 17 9 8 16 17 6 11 10 14 15 12 13 8 19 3 10 16 12 4 17 13 14 14 5 9 12 16 11 14 4 15 6 12 16 13 18 19 13 10 17 6 12 13 16 6 15 15 11 19 
11 7 17 2 15 17 2 10000 18 1 16 6 19 10 9 17 19 6 13 10 15 15 14 15 10 21 3 9 18 12 2 18 15 16 14 3 11 14 16 13 15 5 14 7 14 17 15 19 20 15 10 18 7 14 15 16 6 17 17 13 20 
10 12 6 19 13 12 17 18 10000 19 3 18 1 12 12 14 9 17 9 17 10 18 9 7 10 7 19 20 7 16 20 11 7 9 19 20 8 5 20 7 8 16 21 12 9 9 7 12 6 6 14 13 12 6 9 18 16 6 4 8 7 
11 7 17 2 15 17 3 1 19 10000 16 6 19 10 9 17 19 6 13 10 15 16 14 15 10 21 3 9 18 12 2 18 15 16 14 3 11 14 16 13 16 5 14 7 14 18 15 19 20 15 10 18 8 14 15 16 6 17 17 13 21 
7 10 7 17 13 13 14 16 3 16 10000 16 4 11 11 14 7 15 6 16 10 18 6 5 7 9 16 18 5 15 18 12 4 7 19 18 6 4 20 4 9 14 21 10 7 10 7 13 8 3 14 13 9 5 6 18 14 7 2 5 9 
13 8 15 5 11 13 6 6 18 6 16 10000 18 7 6 12 20 2 15 5 11 10 15 16 10 19 8 4 19 7 6 14 15 17 9 5 10 13 11 14 12 9 9 7 16 14 12 15 18 16 6 14 8 12 16 11 2 14 17 15 18 
10 13 6 20 13 12 17 19 1 19 4 18 10000 12 12 14 9 17 10 18 10 19 10 8 10 6 19 20 7 16 21 11 7 9 20 21 9 6 20 8 9 17 21 12 10 9 7 12 6 6 15 13 12 6 9 18 17 6 5 9 7 
10 6 8 10 6 8 9 10 12 10 11 7 12 10000 1 8 16 6 12 6 5 9 12 12 7 12 12 8 14 5 11 9 11 14 9 10 6 8 11 10 6 11 11 5 13 8 6 10 12 12 3 9 6 7 13 9 5 8 12 11 12 
9 5 9 9 7 9 8 9 12 9 11 6 12 1 10000 9 16 5 11 7 6 10 11 11 6 13 11 8 14 6 10 10 11 13 9 10 5 8 11 9 7 10 11 4 12 9 6 11 12 11 4 10 5 7 12 10 5 9 12 10 12 
16 14 9 16 2 2 16 17 14 17 14 12 14 8 9 10000 21 12 18 8 5 6 18 17 14 11 19 11 19 6 18 4 16 19 8 17 12 12 8 15 6 18 9 12 19 6 8 4 10 16 7 3 14 10 18 5 11 9 16 17 9 
8 13 13 20 20 20 17 19 9 19 7 20 9 16 16 21 10000 19 6 22 17 24 6 5 10 15 18 23 3 21 20 19 5 3 24 21 11 10 26 7 15 15 26 14 5 16 13 20 14 5 19 20 12 11 4 24 19 13 6 6 16 
12 7 14 5 10 12 6 6 17 6 15 2 17 6 5 12 19 10000 14 5 10 10 15 15 10 18 9 5 18 7 7 13 15 17 8 6 9 12 10 13 11 9 9 6 15 13 11 14 17 15 5 13 8 11 16 11 1 13 16 14 17 
3 8 12 15 16 17 11 13 9 13 6 15 10 12 11 18 6 14 10000 17 14 20 1 2 5 15 12 18 5 17 15 16 3 3 20 15 7 7 22 3 13 10 22 9 1 14 10 18 14 4 15 17 7 8 2 20 14 12 6 2 15 
15 10 13 10 8 10 10 10 17 10 16 5 18 6 7 8 22 5 17 10000 9 6 17 18 12 17 13 3 20 3 11 11 17 19 4 10 11 13 6 15 10 13 5 9 18 12 11 11 16 17 3 10 11 12 18 7 5 13 18 17 16 
12 10 5 15 3 4 14 15 10 15 10 11 10 5 6 5 17 10 14 9 10000 9 14 13 10 8 16 12 15 6 16 4 12 15 10 15 8 8 11 11 2 15 12 9 14 4 4 5 8 12 6 4 10 6 14 8 10 5 12 13 7 
18 15 13 15 6 8 15 15 18 16 18 10 19 9 10 6 24 10 20 6 9 10000 20 20 16 16 18 8 22 4 16 9 19 22 3 15 14 15 2 18 10 18 4 13 21 11 12 9 16 20 7 8 15 14 21 2 10 13 20 20 15 
3 8 11 15 16 17 12 14 9 14 6 15 10 12 11 18 6 15 1 17 14 20 10000 2 5 15 13 18 5 17 15 16 3 3 20 16 7 7 22 3 13 10 22 9 1 14 10 18 14 4 15 17 7 8 2 21 14 12 6 1 15 
4 9 10 16 16 16 13 15 7 15 5 16 8 12 11 17 5 15 2 18 13 20 2 10000 6 13 14 19 4 17 16 15 2 3 20 17 7 6 22 3 12 11 22 9 3 13 10 17 12 2 15 17 8 8 2 20 15 11 4 2 14 
3 4 9 11 12 13 8 10 10 10 7 10 10 7 6 14 10 10 5 12 10 16 5 6 10000 13 10 14 9 12 11 13 6 8 15 12 3 5 17 4 10 7 17 4 6 11 8 14 12 6 10 14 3 6 6 16 9 9 8 5 13 
14 15 5 21 10 9 19 21 7 21 9 19 6 12 13 11 15 18 15 17 8 16 15 13 13 10000 22 19 13 14 23 7 12 15 17 22 11 9 18 12 7 20 19 14 15 5 7 8 2 12 14 9 15 8 15 15 17 5 10 14 2 
10 7 18 5 17 19 3 3 19 3 16 8 19 12 11 19 18 9 12 13 16 18 13 14 10 22 10000 12 17 15 4 20 14 15 16 5 12 14 19 13 17 3 17 8 13 19 16 21 21 15 12 20 8 14 14 19 9 18 17 13 22 
16 11 16 8 10 13 10 9 20 9 18 4 20 8 8 11 23 5 18 3 12 8 18 19 14 19 12 10000 22 6 10 14 18 21 5 8 13 15 8 17 13 13 6 10 19 15 14 14 19 19 6 13 12 14 20 9 5 16 20 18 18 
7 12 11 19 18 17 16 18 7 18 5 19 7 14 14 19 3 18 5 20 15 22 5 4 9 13 17 22 10000 19 19 17 4 3 23 20 9 8 24 5 13 14 24 12 5 14 11 18 12 3 17 18 11 9 4 22 17 11 4 5 14 
15 11 11 12 5 7 12 12 16 12 15 7 16 5 6 6 21 7 17 3 6 4 17 17 12 14 15 6 19 10000 13 8 16 19 4 12 10 12 6 15 8 14 6 9 17 9 9 9 14 16 3 8 11 11 18 5 6 11 16 16 13 
13 8 18 2 17 18 4 2 20 2 18 6 21 11 10 18 20 7 15 11 16 16 15 16 11 23 4 10 19 13 10000 19 16 17 14 2 13 16 17 15 17 6 15 9 15 19 16 20 22 17 11 19 9 15 16 17 7 18 18 15 22 
15 14 6 18 4 2 17 18 11 18 12 14 11 9 10 4 19 13 16 11 4 9 16 15 13 7 20 14 17 8 19 10000 14 18 11 19 11 10 11 14 4 18 13 12 17 3 6 2 7 14 9 2 13 9 17 8 13 6 13 15 6 
4 9 9 16 15 15 13 15 7 15 4 15 7 11 11 16 5 15 3 17 12 19 3 2 6 12 14 18 4 16 16 14 10000 4 19 16 6 5 21 2 11 11 21 9 3 12 9 16 11 1 14 16 8 6 3 19 14 9 3 2 13 
5 10 12 17 18 18 14 16 9 16 7 17 9 14 13 19 3 17 3 19 15 22 3 3 8 15 15 21 3 19 17 18 4 10000 22 18 9 8 24 5 14 12 24 11 2 15 12 19 14 4 17 19 10 10 2 22 16 13 5 3 15 
18 14 15 13 8 9 14 14 19 14 19 9 20 9 9 8 24 8 20 4 10 3 20 20 15 17 16 5 23 4 14 11 19 22 10000 13 14 16 3 18 12 17 2 12 21 13 13 11 17 20 6 10 14 14 21 4 8 14 20 19 16 
13 9 18 1 16 18 5 3 20 3 18 5 21 10 10 17 21 6 15 10 15 15 16 17 12 22 5 8 20 12 2 19 16 18 13 10000 13 16 15 15 16 7 13 9 16 18 16 19 21 17 10 18 9 15 17 16 6 18 19 15 22 
5 5 7 12 10 11 9 11 8 11 6 10 9 6 5 12 11 9 7 11 8 14 7 7 3 11 12 13 9 10 13 11 6 9 14 13 10000 4 16 5 7 9 16 4 8 9 5 12 10 7 8 11 4 3 8 14 9 7 7 6 11 
6 8 5 15 11 11 12 14 5 14 4 13 6 8 8 12 10 12 7 13 8 15 7 6 5 9 14 15 8 12 16 10 5 8 16 16 4 10000 17 4 7 12 18 7 8 8 4 11 8 5 11 11 7 2 7 15 12 5 5 6 9 
20 16 15 15 8 9 16 16 20 16 20 11 20 11 11 8 26 10 22 6 11 2 22 22 17 18 19 8 24 6 17 11 21 24 3 15 16 17 10000 20 12 19 3 14 23 13 14 11 17 21 8 10 16 16 23 3 10 15 21 21 16 
3 7 9 14 14 14 11 13 7 13 4 14 8 10 9 15 7 13 3 15 11 18 3 3 4 12 13 17 5 15 15 14 2 5 18 15 5 4 20 10000 10 10 20 7 4 12 8 15 11 3 13 15 6 6 4 18 13 9 4 2 12 
12 11 4 16 5 5 14 15 8 16 9 12 9 6 7 6 15 11 13 10 2 10 13 12 10 7 17 13 13 8 17 4 11 14 12 16 7 7 12 10 10000 15 13 9 14 3 3 5 6 11 8 5 10 5 13 10 11 3 10 12 6 
8 5 16 6 17 18 4 5 16 5 14 9 17 11 10 18 15 9 10 13 15 18 10 11 7 20 3 13 14 14 6 18 11 12 17 7 9 12 19 10 15 10000 18 7 10 17 14 19 19 12 12 19 6 12 11 19 9 16 14 10 20 
20 15 16 13 9 11 15 14 21 14 21 9 21 11 11 9 26 9 22 5 12 4 22 22 17 19 17 6 24 6 15 13 21 24 2 13 16 18 3 20 13 18 10000 14 23 14 15 13 19 22 8 12 16 16 23 5 9 16 22 21 18 
6 2 10 8 11 12 6 7 12 7 10 7 12 5 4 12 14 6 9 9 9 13 9 9 4 14 8 10 12 9 9 12 9 11 12 9 4 7 14 7 9 7 14 10000 9 11 8 13 13 10 7 13 2 7 10 14 6 10 11 8 14 
3 8 12 15 17 17 12 14 9 14 7 16 10 13 12 19 5 15 1 18 14 21 1 3 6 15 13 19 5 17 15 17 3 2 21 16 8 8 23 4 14 10 23 9 10000 15 11 18 14 4 15 18 8 9 1 21 15 12 6 2 15 
13 13 4 18 6 4 16 17 9 18 10 14 9 8 9 6 16 13 14 12 4 11 14 13 11 5 19 15 14 9 19 3 12 15 13 18 9 8 13 12 3 17 14 11 15 10000 4 4 5 12 10 4 12 7 15 10 13 3 11 13 4 
9 9 3 15 7 7 13 15 7 15 7 12 7 6 6 8 13 11 10 11 4 12 10 10 8 7 16 14 11 9 16 6 9 12 13 16 5 4 14 8 3 14 15 8 11 4 10000 8 6 9 8 7 9 3 11 12 11 3 8 9 7 
16 15 7 19 4 2 18 19 12 19 13 15 12 10 11 4 20 14 18 11 5 9 18 17 14 8 21 14 18 9 20 2 16 19 11 19 12 11 11 15 5 19 13 13 18 4 8 10000 8 16 10 2 15 10 18 8 13 7 15 17 7 
13 14 4 20 10 9 19 20 6 20 8 18 6 12 12 10 14 17 14 16 8 16 14 12 12 2 21 19 12 14 22 7 11 14 17 21 10 8 17 11 6 19 19 13 14 5 6 8 10000 11 13 9 14 7 14 15 16 4 9 13 2 
5 9 9 16 15 15 13 15 6 15 3 16 6 12 11 16 5 15 4 17 12 20 4 2 6 12 15 19 3 16 17 14 1 4 20 17 7 5 21 3 11 12 22 10 4 12 9 16 11 10000 14 16 9 7 3 20 15 9 2 3 12 
13 8 11 10 6 8 10 10 14 10 14 6 15 3 4 7 19 5 15 3 6 7 15 15 10 14 12 6 17 3 11 9 14 17 6 10 8 11 8 13 8 12 8 7 15 10 8 10 13 14 10000 9 9 9 16 7 4 10 15 14 13 
16 14 8 18 3 1 17 18 13 18 13 14 13 9 10 3 20 13 17 10 4 8 17 17 14 9 20 13 18 8 19 2 16 19 10 18 11 11 10 15 5 19 12 13 18 4 7 2 9 16 9 10000 14 10 18 7 12 7 15 16 7 
5 1 11 8 12 13 6 7 12 8 9 8 12 6 5 14 12 8 7 11 10 15 7 8 3 15 8 12 11 11 9 13 8 10 14 9 4 7 16 6 10 6 16 2 8 12 9 15 14 9 9 14 10000 7 9 15 7 11 10 7 15 
7 8 4 14 9 9 12 14 6 14 5 12 6 7 7 10 11 11 8 12 6 14 8 8 6 8 14 14 9 11 15 9 6 10 14 15 3 2 16 6 5 12 16 7 9 7 3 10 7 7 9 10 7 10000 9 14 11 4 6 7 8 
4 9 12 16 17 17 13 15 9 15 6 16 9 13 12 18 4 16 2 18 14 21 2 2 6 15 14 20 4 18 16 17 3 2 21 17 8 7 23 4 13 11 23 10 1 15 11 18 14 3 16 18 9 9 10000 21 15 12 5 2 15 
19 15 13 16 5 7 16 16 18 16 18 11 18 9 10 5 24 11 20 7 8 2 21 20 16 15 19 9 22 5 17 8 19 22 4 16 14 15 3 18 10 19 5 14 21 10 12 8 15 20 7 7 15 14 21 10000 10 13 19 20 14 
12 7 13 6 10 12 6 6 16 6 14 2 17 5 5 11 19 1 14 5 10 10 14 15 9 17 9 5 17 6 7 13 14 16 8 6 9 12 10 13 11 9 9 6 15 13 11 13 16 15 4 12 7 11 15 10 10000 13 15 13 16 
11 11 1 17 8 7 15 17 6 17 7 14 6 8 9 9 13 13 12 13 5 13 12 11 9 5 18 16 11 11 18 6 9 13 14 18 7 5 15 9 3 16 16 10 12 3 3 7 4 9 10 7 11 4 12 13 13 10000 8 11 4 
7 11 8 18 15 14 15 17 4 17 2 17 5 12 12 16 6 16 6 18 12 20 6 4 8 10 17 20 4 16 18 13 3 5 20 19 7 5 21 4 10 14 22 11 6 11 8 15 9 2 15 15 10 6 5 19 15 8 10000 5 11 
3 8 11 15 15 16 11 13 8 13 5 15 9 11 10 17 6 14 2 17 13 20 1 2 5 14 13 18 5 16 15 15 2 3 19 15 6 6 21 2 12 10 21 8 2 13 9 17 13 3 14 16 7 7 2 20 13 11 5 10000 14 
15 15 4 21 9 8 19 20 7 21 9 18 7 12 12 9 16 17 15 16 7 15 15 14 13 2 22 18 14 13 22 6 13 15 16 22 11 9 16 12 6 20 18 14 15 4 7 7 2 12 13 7 15 8 15 14 16 4 11 14 10000 
