40
10
1000	500	0	1000	6635.000000	7317.000000
10	10	5	7	4242.000000	9625.000000
10	2	9	10	3630.000000	5469.000000
9	6	1	4	1423.000000	2170.000000
10	8	1	6	8005.000000	4117.000000
6	5	5	5	6732.000000	5964.000000
10	1	6	6	4682.000000	1033.000000
6	2	2	4	9006.000000	2933.000000
8	8	5	8	4052.000000	137.000000
6	0	1	3	5899.000000	5264.000000
8	7	0	6	258.000000	7107.000000
8	1	8	8	9670.000000	462.000000
9	4	6	6	746.000000	7395.000000
7	4	1	4	2104.000000	9576.000000
6	1	5	6	3343.000000	4803.000000
7	4	5	5	1187.000000	1090.000000
7	5	6	7	7610.000000	9632.000000
9	1	8	9	4822.000000	8114.000000
10	9	10	10	6318.000000	6007.000000
9	0	6	7	560.000000	2438.000000
6	6	5	6	5662.000000	6375.000000
8	1	0	3	71.000000	3081.000000
7	5	4	7	2668.000000	6809.000000
10	7	4	8	3705.000000	8424.000000
10	2	3	9	3282.000000	227.000000
8	3	8	8	7888.000000	855.000000
6	5	0	4	2124.000000	7602.000000
8	6	1	8	938.000000	33.000000
10	2	3	5	5107.000000	1878.000000
6	3	0	2	8994.000000	9834.000000
8	7	5	6	9901.000000	3002.000000
10	4	4	9	2495.000000	8530.000000
6	6	0	4	6733.000000	1115.000000
6	6	2	6	3878.000000	7686.000000
9	0	9	9	3449.000000	1194.000000
6	2	2	5	95.000000	5058.000000
6	4	5	5	3922.000000	6206.000000
6	2	6	6	3195.000000	1219.000000
9	2	7	7	8183.000000	2692.000000
9	4	3	3	8947.000000	1398.000000
6	2	0	0	9968.000000	8629.000000
10000 7 8 15 7 3 14 10 16 5 13 15 12 11 9 17 6 4 3 16 3 16 8 7 16 14 10 19 12 7 11 9 13 6 14 14 6 15 10 13 8 
7 10000 9 16 14 9 18 17 19 10 10 22 9 5 10 19 7 4 9 17 8 16 7 3 19 19 6 21 16 10 18 5 18 4 17 13 7 17 16 19 12 
8 9 10000 8 10 7 10 12 11 5 8 16 7 9 2 11 12 6 6 9 5 9 4 6 11 13 6 13 8 14 14 7 11 5 9 8 2 9 11 14 15 
15 16 8 10000 14 14 7 16 7 11 11 17 11 15 7 3 20 14 13 2 12 4 10 14 6 14 11 5 8 22 18 13 11 13 5 7 10 5 14 16 22 
7 14 10 14 10000 5 10 4 12 5 17 9 16 17 10 15 12 11 6 16 7 17 12 13 13 7 14 17 8 12 5 15 7 11 11 16 10 12 3 6 10 
3 9 7 14 5 10000 11 8 13 3 14 13 13 12 8 15 8 6 1 15 3 15 9 8 14 11 10 17 9 9 9 10 10 7 12 14 6 12 8 11 9 
14 18 10 7 10 11 10000 10 3 9 16 11 15 18 9 7 19 15 11 9 11 11 13 15 4 7 15 8 2 20 12 16 5 14 3 13 11 3 8 9 19 
10 17 12 16 4 8 10 10000 12 8 20 6 19 20 12 17 14 14 9 17 10 18 15 16 13 5 17 18 9 14 2 18 6 14 12 19 13 13 2 4 12 
16 19 11 7 12 13 3 12 10000 11 16 12 16 20 10 7 21 17 13 9 13 10 14 17 2 8 16 7 5 22 14 18 6 16 3 13 13 3 10 11 21 
5 10 5 11 5 3 9 8 11 10000 12 13 12 12 6 13 10 7 2 13 3 13 8 8 12 10 9 15 7 12 10 10 9 7 10 12 5 10 7 10 11 
13 10 8 11 17 14 16 20 16 12 10000 24 2 7 8 13 16 10 13 10 11 9 5 8 16 20 4 15 15 19 21 6 18 8 14 5 8 14 19 21 20 
15 22 16 17 9 13 11 6 12 13 24 10000 23 24 16 18 19 19 13 19 15 20 19 20 13 4 21 18 10 19 6 22 7 19 13 22 17 14 6 3 17 
12 9 7 11 16 13 15 19 16 12 2 23 10000 6 8 13 15 9 12 10 11 9 5 7 16 20 3 15 15 18 21 5 18 7 14 5 7 14 18 21 19 
11 5 9 15 17 12 18 20 20 12 7 24 6 10000 10 18 12 7 12 15 10 14 6 4 19 21 4 20 17 14 21 3 20 6 17 10 8 17 19 22 16 
9 10 2 7 10 8 9 12 10 6 8 16 8 10 10000 9 13 8 7 8 6 8 5 8 10 13 7 11 7 16 14 8 11 6 8 7 4 8 11 14 16 
17 19 11 3 15 15 7 17 7 13 13 18 13 18 9 10000 22 16 15 3 14 5 12 16 5 14 14 3 8 24 18 16 12 15 5 9 12 5 15 16 24 
6 7 12 20 12 8 19 14 21 10 16 19 15 12 13 22 10000 7 8 21 8 20 12 9 21 18 12 24 17 3 15 11 18 9 19 18 11 20 14 17 6 
4 4 6 14 11 6 15 14 17 7 10 19 9 7 8 16 7 10000 6 15 4 14 6 3 17 16 6 18 13 10 15 5 15 3 15 12 5 15 13 16 11 
3 9 6 13 6 1 11 9 13 2 13 13 12 12 7 15 8 6 10000 14 2 14 8 8 14 11 9 17 9 10 10 10 10 6 12 13 5 12 8 11 9 
16 17 9 2 16 15 9 17 9 13 10 19 10 15 8 3 21 15 14 10000 13 2 10 14 8 15 11 5 10 23 19 13 13 13 7 6 11 6 16 17 23 
3 8 5 12 7 3 11 10 13 3 11 15 11 10 6 14 8 4 2 13 10000 13 7 6 14 12 8 16 10 10 11 8 11 5 12 12 4 12 9 12 10 
16 16 9 4 17 15 11 18 10 13 9 20 9 14 8 5 20 14 14 2 13 10000 10 13 9 17 10 7 11 23 20 12 14 12 8 4 10 8 17 19 23 
8 7 4 10 12 9 13 15 14 8 5 19 5 6 5 12 12 6 8 10 7 10 10000 4 14 16 2 14 12 15 17 4 14 3 12 7 3 12 14 17 16 
7 3 6 14 13 8 15 16 17 8 8 20 7 4 8 16 9 3 8 14 6 13 4 10000 17 18 4 18 14 11 17 3 16 2 15 10 5 15 15 18 13 
16 19 11 6 13 14 4 13 2 12 16 13 16 19 10 5 21 17 14 8 14 9 14 17 10000 10 15 5 5 23 15 17 8 15 2 12 13 2 11 12 22 
14 19 13 14 7 11 7 5 8 10 20 4 20 21 13 14 18 16 11 15 12 17 16 18 10 10000 18 14 6 19 6 19 3 16 9 18 14 10 4 3 17 
10 6 6 11 14 10 15 17 16 9 4 21 3 4 7 14 12 6 9 11 8 10 2 4 15 18 10000 16 13 15 19 2 16 4 14 7 5 13 16 19 16 
19 21 13 5 17 17 8 18 7 15 15 18 15 20 11 3 24 18 17 5 16 7 14 18 5 14 16 10000 10 26 19 18 12 17 6 11 14 6 16 17 25 
12 16 8 8 8 9 2 9 5 7 15 10 15 17 7 8 17 13 9 10 10 11 12 14 5 6 13 10 10000 18 10 15 4 12 4 12 9 5 7 8 17 
7 10 14 22 12 9 20 14 22 12 19 19 18 14 16 24 3 10 10 23 10 23 15 11 23 19 15 26 18 10000 14 14 19 12 21 21 13 21 15 17 4 
11 18 14 18 5 9 12 2 14 10 21 6 21 21 14 18 15 15 10 19 11 20 17 17 15 6 19 19 10 14 10000 19 8 16 14 21 14 14 4 4 12 
9 5 7 13 15 10 16 18 18 10 6 22 5 3 8 16 11 5 10 13 8 12 4 3 17 19 2 18 15 14 19 10000 18 4 15 9 6 15 17 20 15 
13 18 11 11 7 10 5 6 6 9 18 7 18 20 11 12 18 15 10 13 11 14 14 16 8 3 16 12 4 19 8 18 10000 15 7 16 12 8 5 5 17 
6 4 5 13 11 7 14 14 16 7 8 19 7 6 6 15 9 3 6 13 5 12 3 2 15 16 4 17 12 12 16 4 15 10000 14 10 3 14 14 17 13 
14 17 9 5 11 12 3 12 3 10 14 13 14 17 8 5 19 15 12 7 12 8 12 15 2 9 14 6 4 21 14 15 7 14 10000 11 11 1 10 12 20 
14 13 8 7 16 14 13 19 13 12 5 22 5 10 7 9 18 12 13 6 12 4 7 10 12 18 7 11 12 21 21 9 16 10 11 10000 8 10 17 20 21 
6 7 2 10 10 6 11 13 13 5 8 17 7 8 4 12 11 5 5 11 4 10 3 5 13 14 5 14 9 13 14 6 12 3 11 8 10000 11 12 14 14 
15 17 9 5 12 12 3 13 3 10 14 14 14 17 8 5 20 15 12 6 12 8 12 15 2 10 13 6 5 21 14 15 8 14 1 10 11 10000 11 12 21 
10 16 11 14 3 8 8 2 10 7 19 6 18 19 11 15 14 13 8 16 9 17 14 15 11 4 16 16 7 15 4 17 5 14 10 17 12 11 10000 4 13 
13 19 14 16 6 11 9 4 11 10 21 3 21 22 14 16 17 16 11 17 12 19 17 18 12 3 19 17 8 17 4 20 5 17 12 20 14 12 4 10000 15 
8 12 15 22 10 9 19 12 21 11 20 17 19 16 16 24 6 11 9 23 10 23 16 13 22 17 16 25 17 4 12 15 17 13 20 21 14 21 13 15 10000 
