50
10
1000	500	0	1000	4998.000000	6862.000000
9	7	6	7	9160.000000	5247.000000
10	1	6	9	3834.000000	4831.000000
9	8	7	9	8799.000000	6471.000000
8	8	0	0	1456.000000	2508.000000
8	1	2	5	1065.000000	2537.000000
7	0	7	7	2179.000000	9069.000000
10	10	8	10	7192.000000	8815.000000
6	2	3	4	7614.000000	5490.000000
10	3	5	6	656.000000	7534.000000
6	0	2	2	2631.000000	7972.000000
9	4	5	6	5507.000000	9473.000000
6	2	1	1	2513.000000	6138.000000
8	5	7	7	8602.000000	2827.000000
6	3	2	6	2969.000000	472.000000
7	4	7	7	9702.000000	7011.000000
10	1	3	7	9013.000000	2973.000000
6	4	5	5	9773.000000	4206.000000
8	6	5	5	1216.000000	5465.000000
10	8	8	9	3975.000000	2132.000000
10	2	10	10	1278.000000	1266.000000
7	2	4	5	1390.000000	4500.000000
9	0	9	9	510.000000	1245.000000
7	5	1	5	8204.000000	4726.000000
10	9	3	4	2564.000000	7187.000000
7	3	3	7	3156.000000	2144.000000
10	4	2	5	6357.000000	3088.000000
8	6	4	7	1815.000000	9704.000000
7	2	3	4	9192.000000	2206.000000
9	4	1	7	4645.000000	4920.000000
7	7	7	7	6293.000000	6404.000000
9	5	0	1	478.000000	5652.000000
8	4	7	8	9281.000000	5438.000000
8	5	6	7	5336.000000	3942.000000
9	7	2	6	444.000000	2504.000000
8	8	8	8	7522.000000	8855.000000
8	1	8	8	3867.000000	8578.000000
8	7	0	7	3608.000000	8359.000000
6	1	2	2	7674.000000	9956.000000
9	5	7	7	8399.000000	3967.000000
9	2	9	9	2114.000000	6855.000000
7	0	7	7	2610.000000	1999.000000
6	0	5	5	8154.000000	1942.000000
8	2	5	8	5832.000000	2404.000000
8	2	5	8	2333.000000	2808.000000
6	1	4	4	3621.000000	1796.000000
9	3	9	9	5588.000000	696.000000
7	3	6	7	1817.000000	9499.000000
7	2	2	7	2614.000000	955.000000
7	5	5	6	7348.000000	9857.000000
9	1	2	2	742.000000	6467.000000
10000 9 5 8 12 12 8 6 6 9 6 6 6 11 14 10 12 11 9 10 14 9 15 8 5 11 9 9 13 4 3 10 10 6 13 7 5 5 9 9 6 11 12 10 10 11 13 9 13 8 9 
9 10000 11 3 17 18 16 9 4 18 15 12 14 5 16 4 5 3 16 13 18 16 20 3 14 14 8 18 7 10 7 18 1 9 19 8 13 13 10 3 15 15 7 9 15 14 12 17 16 10 18 
5 11 10000 11 7 8 10 11 8 9 7 10 4 11 9 13 12 12 6 6 9 5 10 9 6 6 7 11 12 2 6 7 11 4 9 11 8 8 13 10 6 7 11 7 6 7 9 11 9 13 7 
8 3 11 10000 17 18 15 6 4 17 13 9 13 8 17 3 8 5 16 13 19 16 20 4 13 15 9 16 9 9 6 17 3 9 19 6 11 12 8 6 14 16 10 11 15 14 14 16 17 8 17 
12 17 7 17 10000 1 14 18 14 11 12 17 8 15 6 19 16 17 6 6 3 4 4 15 10 4 10 15 16 8 13 7 17 9 3 18 14 13 20 15 9 3 14 9 2 5 10 15 4 19 9 
12 18 8 18 1 10000 14 18 15 11 12 17 8 16 6 20 16 18 6 6 3 4 3 15 10 5 11 15 17 9 14 7 18 9 2 19 14 13 20 15 9 4 15 10 3 6 10 15 5 20 8 
8 16 10 15 14 14 10000 11 14 5 3 7 6 18 18 16 19 19 8 15 16 10 17 15 4 14 15 2 20 10 10 8 16 13 14 11 4 4 12 17 5 15 19 16 13 15 19 2 17 11 6 
6 9 11 6 18 18 11 10000 7 14 10 4 11 13 19 7 13 11 14 15 20 15 21 9 10 16 12 11 14 10 6 15 8 11 19 1 7 8 3 10 11 17 14 14 16 16 17 11 19 3 14 
6 4 8 4 14 15 14 7 10000 15 12 10 11 6 14 6 6 6 13 10 16 13 17 2 11 12 6 15 8 7 4 15 4 6 16 7 10 10 9 4 12 13 8 8 12 11 11 15 14 9 14 
9 18 9 17 11 11 5 14 15 10000 5 11 5 19 15 19 20 20 5 13 13 7 13 17 4 12 15 5 21 10 12 4 18 12 11 14 7 7 15 18 4 12 19 15 11 13 17 5 14 15 3 
6 15 7 13 12 12 3 10 12 5 10000 7 4 16 16 15 17 17 6 12 14 8 15 13 2 12 13 4 18 8 8 7 15 10 12 10 3 3 11 15 3 12 17 13 11 13 16 4 15 11 5 
6 12 10 9 17 17 7 4 10 11 7 10000 9 15 19 10 15 14 12 15 19 13 20 11 8 16 13 8 17 10 7 13 12 12 18 5 4 5 5 13 9 17 16 15 15 16 18 8 18 4 12 
6 14 4 13 8 8 6 11 11 5 4 9 10000 14 12 15 15 16 3 9 11 4 11 12 3 9 10 8 16 5 8 5 14 8 9 12 6 5 13 13 2 9 15 10 7 9 13 7 11 13 4 
11 5 11 8 15 16 18 13 6 19 16 15 14 10000 13 9 1 4 16 10 15 15 17 4 15 11 5 20 2 9 9 18 6 7 17 13 15 15 15 3 16 13 2 6 13 11 8 20 13 15 18 
14 16 9 17 6 6 18 19 14 15 16 19 12 13 10000 19 14 16 11 4 4 9 6 14 14 4 9 19 13 10 14 12 17 9 7 20 17 16 22 13 13 4 11 7 5 3 6 19 2 21 13 
10 4 13 3 19 20 16 7 6 19 15 10 15 9 19 10000 9 6 18 16 21 18 22 6 15 17 11 17 10 11 7 19 4 11 21 6 13 13 8 7 16 18 11 13 17 17 16 17 19 8 18 
12 5 12 8 16 16 19 13 6 20 17 15 15 1 14 9 10000 3 17 11 16 16 18 4 16 12 6 20 2 10 9 18 5 8 18 13 16 16 15 3 16 13 3 7 14 12 9 20 14 15 18 
11 3 12 5 17 18 19 11 6 20 17 14 16 4 16 6 3 10000 18 13 18 17 20 4 16 14 8 20 5 11 9 19 3 9 19 11 15 15 13 3 17 15 6 9 16 14 11 20 16 13 19 
9 16 6 16 6 6 8 14 13 5 6 12 3 16 11 18 17 18 10000 9 9 2 9 15 5 8 12 9 18 7 11 2 17 9 7 15 9 8 16 15 4 8 16 12 6 9 13 9 10 16 3 
10 13 6 13 6 6 15 15 10 13 12 15 9 10 4 16 11 13 9 10000 6 8 8 10 11 2 6 16 11 6 10 10 13 5 8 16 13 13 18 10 11 3 9 4 4 1 5 16 4 17 11 
14 18 9 19 3 3 16 20 16 13 14 19 11 15 4 21 16 18 9 6 10000 7 2 16 13 5 11 17 16 10 15 9 19 10 3 20 16 15 22 16 12 4 14 10 4 5 9 17 3 22 11 
9 16 5 16 4 4 10 15 13 7 8 13 4 15 9 18 16 17 2 8 7 10000 7 14 6 6 11 11 17 7 11 3 16 8 5 16 10 9 17 15 5 6 15 10 4 8 12 11 8 17 5 
15 20 10 20 4 3 17 21 17 13 15 20 11 17 6 22 18 20 9 8 2 7 10000 17 13 6 13 18 18 12 16 9 20 12 3 21 17 16 23 17 12 5 16 11 5 7 11 17 5 22 11 
8 3 9 4 15 15 15 9 2 17 13 11 12 4 14 6 4 4 15 10 16 14 17 10000 13 12 5 17 6 8 6 16 3 6 17 9 12 12 11 2 13 13 6 7 13 11 10 16 14 11 16 
5 14 6 13 10 10 4 10 11 4 2 8 3 15 14 15 16 16 5 11 13 6 13 13 10000 11 12 6 17 7 8 6 14 9 11 11 4 4 12 14 2 11 16 12 9 11 15 5 13 11 4 
11 14 6 15 4 5 14 16 12 12 12 16 9 11 4 17 12 14 8 2 5 6 6 12 11 10000 7 16 13 7 11 9 14 6 6 17 13 13 19 12 10 2 11 6 3 2 6 15 3 18 10 
9 8 7 9 10 11 15 12 6 15 13 13 10 5 9 11 6 8 12 6 11 11 13 5 12 7 10000 17 6 6 7 13 8 3 12 12 13 12 14 5 12 8 5 2 9 7 6 16 9 14 14 
9 18 11 16 15 15 2 11 15 5 4 8 8 20 19 17 20 20 9 16 17 11 18 17 6 16 17 10000 22 12 12 9 18 14 15 12 5 5 12 18 6 16 21 17 14 17 20 1 18 12 7 
13 7 12 9 16 17 20 14 8 21 18 17 16 2 13 10 2 5 18 11 16 17 18 6 17 13 6 22 10000 11 11 19 7 9 18 14 17 17 16 4 17 14 3 7 14 12 8 21 14 16 19 
4 10 2 9 8 9 10 10 7 10 8 10 5 9 10 11 10 11 7 6 10 7 12 8 7 7 6 12 11 10000 5 9 10 3 10 10 8 8 12 8 7 8 10 6 7 7 9 11 9 12 9 
3 7 6 6 13 14 10 6 4 12 8 7 8 9 14 7 9 9 11 10 15 11 16 6 8 11 7 12 11 5 10000 12 7 6 15 6 7 7 8 7 9 12 10 9 11 11 12 11 14 8 12 
10 18 7 17 7 7 8 15 15 4 7 13 5 18 12 19 18 19 2 10 9 3 9 16 6 9 13 9 19 9 12 10000 18 11 7 16 9 9 17 17 5 9 18 13 7 10 15 9 11 17 2 
10 1 11 3 17 18 16 8 4 18 15 12 14 6 17 4 5 3 17 13 19 16 20 3 14 14 8 18 7 10 7 18 10000 9 19 8 13 13 10 4 15 16 8 10 15 14 13 17 17 10 18 
6 9 4 9 9 9 13 11 6 12 10 12 8 7 9 11 8 9 9 5 10 8 12 6 9 6 3 14 9 3 6 11 9 10000 11 11 10 10 13 7 9 7 7 4 7 6 7 14 9 13 11 
13 19 9 19 3 2 14 19 16 11 12 18 9 17 7 21 18 19 7 8 3 5 3 17 11 6 12 15 18 10 15 7 19 11 10000 20 14 14 21 17 10 5 16 11 4 7 11 15 6 21 8 
7 8 11 6 18 19 11 1 7 14 10 5 12 13 20 6 13 11 15 16 20 16 21 9 11 17 12 12 14 10 6 16 8 11 20 10000 8 8 3 10 12 17 14 14 16 17 17 12 19 3 15 
5 13 8 11 14 14 4 7 10 7 3 4 6 15 17 13 16 15 9 13 16 10 17 12 4 13 13 5 17 8 7 9 13 10 14 8 10000 1 9 13 5 14 16 13 12 14 17 5 16 8 8 
5 13 8 12 13 13 4 8 10 7 3 5 5 15 16 13 16 15 8 13 15 9 16 12 4 13 12 5 17 8 7 9 13 10 14 8 1 10000 9 13 5 13 16 13 12 14 16 5 15 9 7 
9 10 13 8 20 20 12 3 9 15 11 5 13 15 22 8 15 13 16 18 22 17 23 11 12 19 14 12 16 12 8 17 10 13 21 3 9 9 10000 13 13 19 17 16 18 19 19 12 21 1 16 
9 3 10 6 15 15 17 10 4 18 15 13 13 3 13 7 3 3 15 10 16 15 17 2 14 12 5 18 4 8 7 17 4 7 17 10 13 13 13 10000 14 13 5 7 13 11 9 18 14 12 17 
6 15 6 14 9 9 5 11 12 4 3 9 2 16 13 16 16 17 4 11 12 5 12 13 2 10 12 6 17 7 9 5 15 9 10 12 5 5 13 14 10000 10 16 12 9 11 15 6 12 13 3 
11 15 7 16 3 4 15 17 13 12 12 17 9 13 4 18 13 15 8 3 4 6 5 13 11 2 8 16 14 8 12 9 16 7 5 17 14 13 19 13 10 10000 12 7 2 3 7 16 3 19 10 
12 7 11 10 14 15 19 14 8 19 17 16 15 2 11 11 3 6 16 9 14 15 16 6 16 11 5 21 3 10 10 18 8 7 16 14 16 16 17 5 16 12 10000 5 12 10 6 20 12 16 18 
10 9 7 11 9 10 16 14 8 15 13 15 10 6 7 13 7 9 12 4 10 10 11 7 12 6 2 17 7 6 9 13 10 4 11 14 13 13 16 7 12 7 5 10000 8 5 4 17 8 16 14 
10 15 6 15 2 3 13 16 12 11 11 15 7 13 5 17 14 16 6 4 4 4 5 13 9 3 9 14 14 7 11 7 15 7 4 16 12 12 18 13 9 2 12 8 10000 4 8 14 4 18 8 
11 14 7 14 5 6 15 16 11 13 13 16 9 11 3 17 12 14 9 1 5 8 7 11 11 2 7 17 12 7 11 10 14 6 7 17 14 14 19 11 11 3 10 5 4 10000 5 16 3 18 11 
13 12 9 14 10 10 19 17 11 17 16 18 13 8 6 16 9 11 13 5 9 12 11 10 15 6 6 20 8 9 12 15 13 7 11 17 17 16 19 9 15 7 6 4 8 5 10000 20 6 19 16 
9 17 11 16 15 15 2 11 15 5 4 8 7 20 19 17 20 20 9 16 17 11 17 16 5 15 16 1 21 11 11 9 17 14 15 12 5 5 12 18 6 16 20 17 14 16 20 10000 18 12 7 
13 16 9 17 4 5 17 19 14 14 15 18 11 13 2 19 14 16 10 4 3 8 5 14 13 3 9 18 14 9 14 11 17 9 6 19 16 15 21 14 12 3 12 8 4 3 6 18 10000 21 12 
8 10 13 8 19 20 11 3 9 15 11 4 13 15 21 8 15 13 16 17 22 17 22 11 11 18 14 12 16 12 8 17 10 13 21 3 8 9 1 12 13 19 16 16 18 18 19 12 21 10000 15 
9 18 7 17 9 8 6 14 14 3 5 12 4 18 13 18 18 19 3 11 11 5 11 16 4 10 14 7 19 9 12 2 18 11 8 15 8 7 16 17 3 10 18 14 8 11 16 7 12 15 10000 
