60
10
1000	500	0	1000	5934.000000	840.000000
9	1	0	4	2283.000000	4412.000000
6	4	1	2	222.000000	2576.000000
7	1	0	0	9584.000000	9468.000000
8	4	4	7	5208.000000	4520.000000
9	5	7	8	6291.000000	7133.000000
8	4	4	5	4978.000000	9544.000000
8	1	2	5	5822.000000	5092.000000
10	2	1	3	801.000000	8348.000000
9	0	9	9	5770.000000	6383.000000
8	5	6	6	4165.000000	9318.000000
6	3	0	3	282.000000	4681.000000
8	2	3	8	2492.000000	1244.000000
6	5	4	5	6440.000000	7137.000000
6	2	1	3	7255.000000	2832.000000
7	4	6	6	2140.000000	331.000000
7	6	4	4	4902.000000	7014.000000
8	1	4	7	1111.000000	411.000000
8	1	6	8	330.000000	6121.000000
8	5	4	6	7650.000000	2960.000000
7	3	7	7	9880.000000	2085.000000
7	4	1	7	2231.000000	3669.000000
7	4	5	5	421.000000	1165.000000
10	0	10	10	8264.000000	6016.000000
6	6	6	6	3415.000000	519.000000
6	5	1	2	3448.000000	4663.000000
7	2	6	7	947.000000	186.000000
8	2	5	7	4343.000000	6291.000000
6	4	1	6	1750.000000	6523.000000
10	0	2	6	4820.000000	678.000000
10	8	7	8	1475.000000	4679.000000
7	5	2	6	6993.000000	1998.000000
6	4	5	5	9246.000000	3834.000000
7	6	7	7	6396.000000	1221.000000
6	2	4	6	9657.000000	659.000000
9	5	1	4	1670.000000	8363.000000
8	6	7	8	557.000000	243.000000
10	4	7	10	2264.000000	6919.000000
8	0	4	7	874.000000	7599.000000
7	0	6	7	2681.000000	1775.000000
7	4	5	6	1590.000000	3053.000000
9	3	2	2	3379.000000	7220.000000
9	1	0	0	8374.000000	1864.000000
9	9	6	7	7096.000000	5691.000000
8	2	1	7	1562.000000	2853.000000
10	10	8	8	9805.000000	7490.000000
8	3	2	7	6630.000000	7663.000000
6	3	6	6	2559.000000	7443.000000
8	3	6	7	1092.000000	988.000000
8	2	4	7	8963.000000	2550.000000
8	6	7	7	1378.000000	6556.000000
7	4	6	6	7687.000000	215.000000
8	4	5	8	754.000000	3887.000000
7	5	7	7	3307.000000	8785.000000
7	6	1	4	3935.000000	7656.000000
7	0	6	7	8068.000000	169.000000
6	5	4	5	114.000000	2533.000000
8	2	2	6	1237.000000	6932.000000
10	10	2	9	9418.000000	5331.000000
10	4	4	4	4856.000000	9367.000000
9	4	9	9	3422.000000	9463.000000
10000 11 12 19 8 13 18 9 19 12 18 14 7 13 5 8 13 10 16 6 9 10 12 12 6 10 11 12 15 3 12 4 9 2 8 18 11 15 17 7 10 14 6 10 10 16 14 15 10 7 15 4 13 17 15 5 13 16 12 18 18 
11 10000 6 18 6 10 12 8 9 9 11 5 7 10 11 9 8 9 6 12 16 2 8 13 9 3 9 6 5 10 2 11 14 11 17 8 10 6 7 6 4 7 14 10 4 17 11 7 8 14 5 14 4 9 8 15 6 6 15 12 11 
12 6 10000 24 11 16 17 13 12 14 16 5 6 16 15 6 13 5 8 15 20 5 3 18 8 8 5 12 9 10 5 14 19 13 20 12 5 10 11 6 3 12 17 16 3 22 17 11 4 18 9 16 3 14 13 17 1 9 20 17 16 
19 18 24 10000 14 9 10 12 18 10 11 21 22 8 15 24 11 25 20 14 15 19 25 8 22 16 26 13 17 20 19 16 12 18 18 16 26 16 18 21 21 14 16 10 21 4 7 15 25 14 18 19 21 13 12 19 24 18 9 10 13 
8 6 11 14 10000 6 11 2 12 4 10 10 9 6 6 11 6 12 11 6 11 7 12 7 9 4 13 4 8 8 8 7 9 8 12 11 13 8 11 8 8 7 9 5 9 11 7 8 11 9 9 10 9 10 7 11 11 10 9 10 11 
13 10 16 9 6 10000 6 5 12 2 7 13 15 1 9 16 3 17 13 9 13 11 17 5 15 8 18 5 10 14 11 11 9 12 15 10 18 9 11 13 13 6 12 4 13 8 2 8 17 11 10 15 13 7 5 15 16 11 8 6 8 
18 12 17 10 11 6 10000 10 9 7 2 14 18 6 15 20 6 20 12 15 18 13 20 10 19 11 21 7 9 18 12 16 15 17 21 8 21 8 10 17 15 6 17 9 16 11 6 7 19 17 10 20 15 4 5 20 18 10 13 1 4 
9 8 13 12 2 5 10 10000 12 3 10 12 11 5 6 13 5 14 12 6 11 8 14 6 11 5 14 4 9 10 9 7 8 8 12 11 15 8 12 10 10 7 9 3 10 10 6 9 13 9 10 11 11 9 7 11 13 10 8 9 10 
19 9 12 18 12 12 9 12 10000 11 8 8 15 12 17 17 9 16 5 18 23 10 15 16 17 10 17 9 5 18 8 18 20 19 24 2 17 5 2 14 11 6 20 14 12 19 12 4 15 21 4 22 9 6 7 22 12 3 19 9 6 
12 9 14 10 4 2 7 3 11 10000 7 12 13 3 8 15 3 16 11 8 12 9 15 6 13 6 16 3 9 12 10 10 9 11 14 10 17 8 11 12 11 6 11 3 11 9 4 7 15 10 9 13 12 7 5 14 14 10 8 7 8 
18 11 16 11 10 7 2 10 8 7 10000 13 17 7 15 19 5 19 10 15 19 12 18 11 18 10 20 7 8 18 11 16 15 17 21 6 20 7 8 16 14 5 18 10 14 12 6 5 18 17 8 20 13 3 4 20 16 8 14 2 2 
14 5 5 21 10 13 14 12 8 12 13 10000 9 14 15 10 11 9 3 16 20 5 8 17 11 7 10 9 5 13 3 15 19 15 21 8 9 6 6 8 5 9 18 14 5 20 15 8 8 18 5 18 2 11 10 18 5 5 19 14 12 
7 7 6 22 9 15 18 11 15 13 17 9 10000 15 11 2 13 4 11 11 15 5 5 15 3 8 4 11 11 5 8 10 15 8 15 15 5 12 14 2 5 13 12 13 4 20 16 13 3 14 11 11 7 16 14 12 6 12 17 17 17 
13 10 16 8 6 1 6 5 12 3 7 14 15 10000 9 17 4 18 13 9 13 11 17 5 15 8 18 5 10 14 12 11 9 12 15 10 19 9 12 14 13 7 12 4 13 7 2 8 17 11 11 15 14 8 6 15 16 11 7 6 8 
5 11 15 15 6 9 15 6 17 8 15 15 11 9 10000 12 10 14 16 1 6 11 15 7 9 9 14 10 14 7 13 2 5 4 7 16 15 13 16 10 12 12 3 6 12 11 10 14 13 4 14 6 14 15 12 6 15 15 7 14 16 
8 9 6 24 11 16 20 13 17 15 19 10 2 17 12 10000 15 3 13 13 16 7 4 17 3 10 3 13 13 6 9 11 16 9 16 17 4 14 15 4 6 14 13 15 6 21 18 15 3 15 13 12 8 18 16 12 6 14 18 19 19 
13 8 13 11 6 3 6 5 9 3 5 11 13 4 10 15 10000 16 10 10 15 9 15 8 14 6 16 2 7 13 9 11 11 12 16 8 17 6 9 12 11 4 13 6 11 10 4 5 15 13 8 15 11 5 3 16 14 8 10 5 6 
10 9 5 25 12 17 20 14 16 16 19 9 4 18 14 3 16 10000 12 15 18 7 3 19 5 10 1 14 13 8 9 13 18 11 18 16 2 14 15 5 6 15 15 16 5 23 19 15 2 17 13 14 7 18 16 14 5 14 20 20 19 
16 6 8 20 11 13 12 12 5 11 10 3 11 13 16 13 10 12 10000 16 21 7 10 16 13 7 12 9 3 15 4 16 19 16 22 6 12 5 4 10 7 7 19 14 7 20 13 6 11 19 3 19 5 8 8 20 8 3 19 12 10 
6 12 15 14 6 9 15 6 18 8 15 16 11 9 1 13 10 15 16 10000 5 11 15 7 10 10 15 10 14 8 13 3 4 5 7 17 16 14 17 11 13 13 3 6 13 11 10 14 14 3 15 6 14 15 12 6 16 16 6 14 16 
9 16 20 15 11 13 18 11 23 12 19 20 15 13 6 16 15 18 21 5 10000 16 20 9 14 14 19 14 19 11 18 6 4 8 3 21 20 19 22 15 17 17 4 10 17 11 13 19 18 3 20 6 19 19 17 6 20 20 7 18 20 
10 2 5 19 7 11 13 8 10 9 12 5 5 11 11 7 9 7 7 11 16 10000 7 13 7 4 8 7 6 8 3 11 15 10 17 10 8 7 9 4 2 8 13 11 3 17 12 8 6 14 7 13 3 11 9 14 5 7 15 13 12 
12 8 3 25 12 17 20 14 15 15 18 8 5 17 15 4 15 3 10 15 20 7 10000 19 7 10 3 13 12 9 8 14 19 12 19 15 2 13 13 5 5 14 16 17 5 23 18 14 2 18 11 15 6 17 15 16 3 12 20 19 18 
12 13 18 8 7 5 10 6 16 6 11 17 15 5 7 17 8 19 16 7 9 13 19 10000 15 11 19 8 14 13 14 9 5 11 12 14 20 13 16 15 15 11 9 3 15 5 5 12 18 8 14 12 16 12 10 12 18 15 3 10 12 
6 9 8 22 9 15 19 11 17 13 18 11 3 15 9 3 14 5 13 10 14 7 7 15 10000 9 5 12 13 3 10 8 14 7 13 17 6 14 16 3 7 14 11 13 6 19 16 14 5 12 13 9 9 17 15 10 8 14 16 18 18 
10 3 8 16 4 8 11 5 10 6 10 7 8 8 9 10 6 10 7 10 14 4 10 11 9 10000 11 4 6 9 4 9 12 10 15 9 11 6 8 6 5 6 12 8 6 14 9 6 9 12 6 13 6 9 7 13 8 7 13 10 10 
11 9 5 26 13 18 21 14 17 16 20 10 4 18 14 3 16 1 12 15 19 8 3 19 5 11 10000 14 13 8 10 13 19 12 18 17 1 14 15 5 6 15 16 17 6 23 19 15 2 17 13 14 8 18 17 15 5 14 20 20 20 
12 6 12 13 4 5 7 4 9 3 7 9 11 5 10 13 2 14 9 10 14 7 13 8 12 4 14 10000 6 12 7 11 11 11 16 7 15 5 8 10 9 3 12 6 9 12 6 5 13 12 6 14 9 6 3 15 12 7 11 7 7 
15 5 9 17 8 10 9 9 5 9 8 5 11 10 14 13 7 13 3 14 19 6 12 14 13 6 13 6 10000 14 4 14 16 15 20 4 13 2 3 10 7 4 17 11 8 17 11 3 12 17 1 18 6 6 5 18 9 2 16 9 7 
3 10 10 20 8 14 18 10 18 12 18 13 5 14 7 6 13 8 15 8 11 8 9 13 3 9 8 12 14 10000 11 6 11 4 10 17 9 14 16 5 9 14 8 12 8 17 15 15 8 10 14 6 11 17 15 7 11 15 14 18 18 
12 2 5 19 8 11 12 9 8 10 11 3 8 12 13 9 9 9 4 13 18 3 8 14 10 4 10 7 4 11 10000 13 16 13 19 8 10 5 6 7 4 7 15 12 4 18 12 6 8 16 4 16 3 9 8 16 6 5 16 12 11 
4 11 14 16 7 11 16 7 18 10 16 15 10 11 2 11 11 13 16 3 6 11 14 9 8 9 13 11 14 6 13 10000 6 2 6 17 14 14 17 9 12 13 3 8 11 13 12 15 12 5 15 4 14 16 13 5 14 16 9 16 17 
9 14 19 12 9 9 15 8 20 9 15 19 15 9 5 16 11 18 19 4 4 15 19 5 14 12 19 11 16 11 16 6 10000 8 7 18 19 16 19 14 16 14 5 6 16 8 10 16 18 3 17 8 17 16 14 8 19 18 4 15 17 
2 11 13 18 8 12 17 8 19 11 17 15 8 12 4 9 12 11 16 5 8 10 12 11 7 10 12 11 15 4 13 2 8 10000 7 18 12 15 17 8 11 14 5 10 11 15 13 15 11 6 15 4 13 17 14 4 13 16 11 17 18 
8 17 20 18 12 15 21 12 24 14 21 21 15 15 7 16 16 18 22 7 3 17 19 12 13 15 18 16 20 10 19 6 7 7 10000 23 19 20 23 15 17 19 4 12 17 14 16 20 18 5 21 5 19 21 19 4 20 21 10 20 22 
18 8 12 16 11 10 8 11 2 10 6 8 15 10 16 17 8 16 6 17 21 10 15 14 17 9 17 7 4 17 8 17 18 18 23 10000 17 4 3 14 11 5 19 13 12 17 11 3 15 19 4 21 10 4 5 21 13 3 17 7 5 
11 10 5 26 13 18 21 15 17 17 20 9 5 19 15 4 17 2 12 16 20 8 2 20 6 11 1 15 13 9 10 14 19 12 19 17 10000 14 15 6 6 16 16 18 6 24 20 15 2 18 13 15 8 18 17 16 5 14 21 21 20 
15 6 10 16 8 9 8 8 5 8 7 6 12 9 13 14 6 14 5 14 19 7 13 13 14 6 14 5 2 14 5 14 16 15 20 4 14 10000 4 11 8 3 16 10 9 16 9 2 13 16 2 18 7 5 4 18 10 3 15 8 6 
17 7 11 18 11 11 10 12 2 11 8 6 14 12 16 15 9 15 4 17 22 9 13 16 16 8 15 8 3 16 6 17 19 17 23 3 15 4 10000 13 10 6 19 14 10 18 12 4 14 20 3 21 8 6 7 21 11 2 18 9 7 
7 6 6 21 8 13 17 10 14 12 16 8 2 14 10 4 12 5 10 11 15 4 5 15 3 6 5 10 10 5 7 9 14 8 15 14 6 11 13 10000 4 11 12 12 4 19 15 12 4 13 10 11 6 15 13 12 6 11 16 16 16 
10 4 3 21 8 13 15 10 11 11 14 5 5 13 12 6 11 6 7 13 17 2 5 15 7 5 6 9 7 9 4 12 16 11 17 11 6 8 10 4 10000 10 14 13 1 19 14 9 5 15 8 14 3 12 11 15 4 8 17 15 14 
14 7 12 14 7 6 6 7 6 6 5 9 13 7 12 14 4 15 7 13 17 8 14 11 14 6 15 3 4 14 7 13 14 14 19 5 16 3 6 11 10 10000 15 9 10 13 7 2 14 15 5 17 9 4 2 17 12 5 13 6 5 
6 14 17 16 9 12 17 9 20 11 18 18 12 12 3 13 13 15 19 3 4 13 16 9 11 12 16 12 17 8 15 3 5 5 4 19 16 16 19 12 14 15 10000 9 14 12 13 17 15 2 17 4 16 18 15 4 17 18 8 17 19 
10 10 16 10 5 4 9 3 14 3 10 14 13 4 6 15 6 16 14 6 10 11 17 3 13 8 17 6 11 12 12 8 6 10 12 13 18 10 14 12 13 9 9 10000 13 7 5 10 16 8 12 12 14 10 8 12 16 12 5 9 11 
10 4 3 21 9 13 16 10 12 11 14 5 4 13 12 6 11 5 7 13 17 3 5 15 6 6 6 9 8 8 4 11 16 11 17 12 6 9 10 4 1 10 14 13 10000 19 14 10 4 15 8 14 3 13 11 15 3 9 17 15 14 
16 17 22 4 11 8 11 10 19 9 12 20 20 7 11 21 10 23 20 11 11 17 23 5 19 14 23 12 17 17 18 13 8 15 14 17 24 16 18 19 19 13 12 7 19 10000 7 15 22 11 17 16 20 14 12 16 22 18 5 11 14 
14 11 17 7 7 2 6 6 12 4 6 15 16 2 10 18 4 19 13 10 13 12 18 5 16 9 19 6 11 15 12 12 10 13 16 11 20 9 12 15 14 7 13 5 14 7 10000 9 18 12 11 16 14 8 6 16 17 11 8 5 8 
15 7 11 15 8 8 7 9 4 7 5 8 13 8 14 15 5 15 6 14 19 8 14 12 14 6 15 5 3 15 6 15 16 15 20 3 15 2 4 12 9 2 17 10 10 15 9 10000 14 17 3 18 8 4 3 19 11 3 15 6 5 
10 8 4 25 11 17 19 13 15 15 18 8 3 17 13 3 15 2 11 14 18 6 2 18 5 9 2 13 12 8 8 12 18 11 18 15 2 13 14 4 5 14 15 16 4 22 18 14 10000 17 12 14 6 17 15 15 4 12 19 19 18 
7 14 18 14 9 11 17 9 21 10 17 18 14 11 4 15 13 17 19 3 3 14 18 8 12 12 17 12 17 10 16 5 3 6 5 19 18 16 20 13 15 15 2 8 15 11 12 17 17 10000 18 6 17 17 15 6 18 18 6 16 18 
15 5 9 18 9 10 10 10 4 9 8 5 11 11 14 13 8 13 3 15 20 7 11 14 13 6 13 6 1 14 4 15 17 15 21 4 13 2 3 10 8 5 17 12 8 17 11 3 12 18 10000 18 6 6 6 19 9 1 17 9 8 
4 14 16 19 10 15 20 11 22 13 20 18 11 15 6 12 15 14 19 6 6 13 15 12 9 13 14 14 18 6 16 4 8 4 5 21 15 18 21 11 14 17 4 12 14 16 16 18 14 6 18 10000 16 20 17 1 16 19 11 20 21 
13 4 3 21 9 13 15 11 9 12 13 2 7 14 14 8 11 7 5 14 19 3 6 16 9 6 8 9 6 11 3 14 17 13 19 10 8 7 8 6 3 9 16 14 3 20 14 8 6 17 6 16 10000 12 10 17 3 7 18 14 13 
17 9 14 13 10 7 4 9 6 7 3 11 16 8 15 18 5 18 8 15 19 11 17 12 17 9 18 6 6 17 9 16 16 17 21 4 18 5 6 15 12 4 18 10 13 14 8 4 17 17 6 20 12 10000 3 20 15 6 15 4 2 
15 8 13 12 7 5 5 7 7 5 4 10 14 6 12 16 3 16 8 12 17 9 15 10 15 7 17 3 5 15 8 13 14 14 19 5 17 4 7 13 11 2 15 8 11 12 6 3 15 15 6 17 10 3 10000 18 13 6 12 4 4 
5 15 17 19 11 15 20 11 22 14 20 18 12 15 6 12 16 14 20 6 6 14 16 12 10 13 15 15 18 7 16 5 8 4 4 21 16 18 21 12 15 17 4 12 15 16 16 19 15 6 19 1 17 20 18 10000 17 20 11 20 21 
13 6 1 24 11 16 18 13 12 14 16 5 6 16 15 6 14 5 8 16 20 5 3 18 8 8 5 12 9 11 6 14 19 13 20 13 5 10 11 6 4 12 17 16 3 22 17 11 4 18 9 16 3 15 13 17 10000 10 20 17 16 
16 6 9 18 10 11 10 10 3 10 8 5 12 11 15 14 8 14 3 16 20 7 12 15 14 7 14 7 2 15 5 16 18 16 21 3 14 3 2 11 8 5 18 12 9 18 11 3 12 18 1 19 7 6 6 20 10 10000 17 9 7 
12 15 20 9 9 8 13 8 19 8 14 19 17 7 7 18 10 20 19 6 7 15 20 3 16 13 20 11 16 14 16 9 4 11 10 17 21 15 18 16 17 13 8 5 17 5 8 15 19 6 17 11 18 15 12 11 20 17 10000 13 15 
18 12 17 10 10 6 1 9 9 7 2 14 17 6 14 19 5 20 12 14 18 13 19 10 18 10 20 7 9 18 12 16 15 17 20 7 21 8 9 16 15 6 17 9 15 11 5 6 19 16 9 20 14 4 4 20 17 9 13 10000 3 
18 11 16 13 11 8 4 10 6 8 2 12 17 8 16 19 6 19 10 16 20 12 18 12 18 10 20 7 7 18 11 17 17 18 22 5 20 6 7 16 14 5 19 11 14 14 8 5 18 18 8 21 13 2 4 21 16 7 15 3 10000 
