60
10
1000	500	0	1000	8570.000000	2154.000000
10	0	9	9	475.000000	8526.000000
10	5	2	3	982.000000	5340.000000
9	8	4	8	9055.000000	8252.000000
6	0	4	4	2204.000000	1412.000000
10	8	10	10	3053.000000	5495.000000
7	4	0	0	9338.000000	7082.000000
6	6	2	3	5547.000000	8665.000000
7	6	0	1	6813.000000	5424.000000
10	6	3	5	2247.000000	257.000000
10	4	6	6	5684.000000	2725.000000
7	5	2	6	2318.000000	8509.000000
6	6	2	5	7687.000000	5945.000000
7	4	4	6	1349.000000	5972.000000
8	2	3	4	5926.000000	1572.000000
6	5	2	4	800.000000	5698.000000
7	1	4	7	1924.000000	2153.000000
10	1	0	0	593.000000	8202.000000
7	1	6	7	7327.000000	2752.000000
8	0	7	7	867.000000	5413.000000
7	3	5	5	1043.000000	3613.000000
6	5	1	4	8691.000000	980.000000
6	3	3	5	4772.000000	9171.000000
7	3	3	5	6223.000000	3533.000000
8	7	1	8	5383.000000	6268.000000
9	1	7	8	4179.000000	2502.000000
10	2	6	6	1351.000000	4493.000000
9	7	4	5	4728.000000	4584.000000
6	1	1	4	4904.000000	5953.000000
6	6	5	5	8562.000000	9381.000000
9	8	1	5	6222.000000	822.000000
10	9	0	4	2393.000000	2308.000000
9	4	7	7	79.000000	6400.000000
7	0	0	4	3084.000000	2238.000000
10	7	6	8	4031.000000	2165.000000
6	4	1	2	9778.000000	271.000000
7	0	5	7	2592.000000	2001.000000
6	4	4	6	4940.000000	3682.000000
10	6	6	9	6913.000000	2006.000000
8	3	3	6	9700.000000	9976.000000
9	1	2	5	9941.000000	1892.000000
6	1	3	4	4602.000000	2085.000000
8	5	4	4	4450.000000	2203.000000
7	4	1	4	127.000000	7541.000000
8	0	0	1	514.000000	3661.000000
6	0	3	3	5740.000000	7755.000000
10	0	2	10	2164.000000	1510.000000
9	1	2	7	7961.000000	8305.000000
7	6	1	3	5734.000000	9456.000000
8	7	3	5	1805.000000	6610.000000
6	0	3	6	2423.000000	2673.000000
9	8	3	3	2226.000000	1692.000000
10	0	7	7	9497.000000	4058.000000
10	10	10	10	7555.000000	7307.000000
9	0	9	9	4543.000000	845.000000
6	0	4	5	9467.000000	9539.000000
6	4	4	6	2982.000000	9178.000000
10	9	2	10	7644.000000	1399.000000
8	6	0	0	8766.000000	5460.000000
10	8	2	7	3421.000000	5326.000000
9	1	5	6	6109.000000	783.000000
10000 21 17 13 13 13 10 15 8 14 6 18 8 17 6 18 14 21 3 17 16 3 16 6 11 9 16 10 11 15 6 13 19 11 10 5 12 8 4 16 3 8 9 21 17 13 13 13 16 17 13 13 5 11 9 15 18 3 7 13 6 
21 10000 7 18 15 8 18 11 15 17 16 4 16 6 18 6 14 1 18 7 10 23 9 16 11 15 9 12 11 17 20 14 5 14 15 25 14 14 19 19 24 16 15 3 10 11 15 15 11 5 13 15 21 15 18 19 6 21 18 9 20 
17 7 10000 18 9 5 18 12 12 11 11 7 14 2 13 1 7 6 14 1 4 18 11 12 9 9 2 8 8 18 14 7 3 8 9 21 8 9 14 20 20 10 10 5 4 11 9 16 13 4 7 8 18 14 12 19 9 16 16 5 14 
13 18 18 10000 20 14 3 8 8 22 13 14 6 17 15 18 19 17 12 18 19 15 9 12 9 16 18 12 10 3 16 18 19 17 16 17 18 13 14 4 13 16 16 18 20 7 20 3 8 15 18 19 9 4 18 3 13 14 6 13 17 
13 15 9 20 10000 9 19 16 13 3 8 15 15 10 8 10 2 14 11 9 5 14 17 10 12 5 7 9 11 21 9 2 11 3 4 16 2 8 10 23 16 5 5 13 6 15 1 18 18 11 3 1 16 16 5 22 16 11 16 9 8 
13 8 5 14 9 10000 13 9 8 11 8 7 10 4 10 5 8 8 11 5 6 15 9 8 5 7 4 4 4 14 12 7 7 7 7 18 8 6 11 17 16 8 8 8 7 8 9 12 10 4 6 8 14 10 10 16 8 13 12 1 12 
10 18 18 3 19 13 10000 9 7 20 12 15 5 17 13 18 18 18 10 18 18 13 11 10 9 14 17 11 10 5 14 17 19 16 15 14 17 12 12 6 11 14 14 19 19 8 19 4 9 16 17 18 7 4 16 5 14 12 4 13 15 
15 11 12 8 16 9 9 10000 7 19 12 7 7 10 15 12 15 10 13 12 14 17 2 11 5 13 12 9 6 7 16 15 12 14 14 19 15 11 14 9 17 14 14 12 15 2 16 5 2 9 14 16 13 5 16 9 6 16 10 8 16 
8 15 12 8 13 8 7 7 10000 14 6 11 3 11 8 13 12 14 6 12 13 10 9 4 4 8 12 5 4 9 10 11 14 10 9 12 11 6 7 11 10 9 8 15 14 6 13 7 9 11 11 12 7 5 11 10 11 9 4 7 10 
14 17 11 22 3 11 20 19 14 10000 9 17 16 12 8 12 4 17 12 11 8 13 19 11 14 6 9 10 13 23 9 5 14 5 6 16 4 9 10 25 16 6 6 16 8 17 3 20 20 13 5 3 17 18 5 24 18 12 17 11 8 
6 16 11 13 8 8 12 12 6 9 10000 14 8 11 3 12 8 15 4 12 10 7 14 2 8 4 10 5 7 15 4 7 14 6 4 10 7 3 3 17 9 3 3 15 11 11 8 13 14 11 7 8 9 10 5 16 14 5 9 7 4 
18 4 7 14 15 7 15 7 11 17 14 10000 12 6 16 7 13 4 16 7 11 20 6 13 8 13 9 10 8 13 18 13 7 13 14 23 14 11 16 16 21 14 14 5 11 8 15 12 8 4 12 14 17 11 16 15 2 18 15 7 18 
8 16 14 6 15 10 5 7 3 16 8 12 10000 13 10 14 14 15 7 14 15 11 9 6 5 10 14 7 6 8 11 13 16 12 11 13 13 8 9 10 10 10 10 16 16 6 15 5 9 12 13 14 6 3 12 9 12 10 3 9 11 
17 6 2 17 10 4 17 10 11 12 11 6 13 10000 13 2 8 5 14 2 5 18 10 11 9 9 3 8 8 16 15 8 3 9 10 21 9 9 14 19 20 11 10 4 5 10 10 15 12 2 7 9 17 13 13 18 8 16 15 5 15 
6 18 13 15 8 10 13 15 8 8 3 16 10 13 10000 14 9 18 4 13 11 6 16 4 10 4 11 7 9 17 2 8 16 6 4 9 7 5 3 19 9 3 4 17 12 13 8 15 16 14 8 8 9 12 4 18 17 4 10 10 2 
18 6 1 18 10 5 18 12 13 12 12 7 14 2 14 10000 8 6 15 1 5 19 11 12 10 10 3 9 9 18 15 8 3 9 10 21 9 10 15 20 20 11 11 4 5 11 9 16 13 3 7 9 18 14 13 19 9 17 16 6 15 
14 14 7 19 2 8 18 15 12 4 8 13 14 8 9 8 10000 13 11 7 4 14 16 10 11 5 5 8 10 20 9 1 10 3 5 17 2 7 10 23 17 6 6 12 5 14 2 18 17 9 2 2 16 16 6 22 15 12 16 8 9 
21 1 6 17 14 8 18 10 14 17 15 4 15 5 18 6 13 10000 18 6 10 22 9 15 11 14 8 11 10 17 19 13 4 13 14 25 14 13 18 19 23 15 15 2 10 11 14 15 11 5 12 14 20 15 17 18 6 20 18 9 19 
3 18 14 12 11 11 10 13 6 12 4 16 7 14 4 15 11 18 10000 14 13 5 14 3 9 7 13 7 9 14 5 10 17 9 7 7 10 6 2 16 6 6 6 18 14 11 11 12 14 14 10 11 6 10 7 15 16 3 7 10 5 
17 7 1 18 9 5 18 12 12 11 12 7 14 2 13 1 7 6 14 10000 4 18 11 12 10 9 3 8 9 18 15 7 3 8 10 21 8 9 14 20 20 11 10 5 4 11 9 16 13 4 7 8 18 14 12 20 9 16 16 6 14 
16 10 4 19 5 6 18 14 13 8 10 11 15 5 11 5 4 10 13 4 10000 17 14 11 11 7 2 8 10 19 12 4 6 5 7 19 5 8 13 22 19 8 8 9 2 13 5 17 15 7 4 5 17 15 9 21 12 14 16 6 12 
3 23 18 15 14 15 13 17 10 13 7 20 11 18 6 19 14 22 5 18 17 10000 19 8 13 10 17 11 13 17 5 13 21 12 10 3 13 10 5 19 4 9 9 22 18 15 14 15 18 18 13 14 7 13 9 18 20 3 9 14 6 
16 9 11 9 17 9 11 2 9 19 14 6 9 10 16 11 16 9 14 11 14 19 10000 12 6 14 12 10 7 8 17 15 11 15 15 21 15 11 15 10 18 15 14 10 14 4 17 7 3 8 14 16 14 7 17 10 4 17 11 9 17 
6 16 12 12 10 8 10 11 4 11 2 13 6 11 4 12 10 15 3 12 11 8 12 10000 6 5 10 4 6 13 6 9 14 7 6 10 8 3 4 15 9 5 5 15 12 9 10 11 12 11 8 9 7 9 7 14 14 6 7 7 6 
11 11 9 9 12 5 9 5 4 14 8 8 5 9 10 10 11 11 9 10 11 13 6 6 10000 8 9 4 2 9 12 10 11 10 9 15 11 6 10 12 13 9 9 11 12 4 12 7 7 8 10 12 10 5 11 11 8 11 7 5 12 
9 15 9 16 5 7 14 13 8 6 4 13 10 9 4 10 5 14 7 9 7 10 14 5 8 10000 7 5 8 17 6 4 12 3 1 13 4 3 6 19 12 2 1 13 8 11 5 14 15 10 4 5 12 12 4 18 14 8 11 6 6 
16 9 2 18 7 4 17 12 12 9 10 9 14 3 11 3 5 8 13 3 2 17 12 10 9 7 10000 7 8 18 13 5 5 6 8 19 6 8 13 20 18 9 8 7 3 11 7 16 14 5 5 6 17 14 10 20 10 15 15 5 13 
10 12 8 12 9 4 11 9 5 10 5 10 7 8 7 9 8 11 7 8 8 11 10 4 4 5 7 10000 3 13 9 7 10 6 6 14 7 2 7 15 12 6 5 11 9 7 9 10 10 8 6 8 10 8 8 14 10 9 9 4 9 
11 11 8 10 11 4 10 6 4 13 7 8 6 8 9 9 10 10 9 9 10 13 7 6 2 8 8 3 10000 11 11 9 10 9 8 15 10 5 9 13 13 8 8 11 10 4 11 8 8 7 9 11 10 6 11 12 8 11 8 4 11 
15 17 18 3 21 14 5 7 9 23 15 13 8 16 17 18 20 17 14 18 19 17 8 13 9 17 18 13 11 10000 18 19 18 19 18 19 19 14 16 3 16 17 17 18 20 7 21 3 6 15 19 20 11 5 19 2 12 17 8 14 18 
6 20 14 16 9 12 14 16 10 9 4 18 11 15 2 15 9 19 5 15 12 5 17 6 12 6 13 9 11 18 10000 9 17 7 6 8 8 7 3 20 8 5 5 19 13 14 9 16 18 15 9 9 10 14 4 19 18 4 11 11 1 
13 14 7 18 2 7 17 15 11 5 7 13 13 8 8 8 1 13 10 7 4 13 15 9 10 4 5 7 9 19 9 10000 10 2 4 16 1 6 10 22 16 5 5 12 5 13 2 17 16 9 1 2 15 15 6 21 14 11 15 7 9 
19 5 3 19 11 7 19 12 14 14 14 7 16 3 16 3 10 4 17 3 6 21 11 14 11 12 5 10 10 18 17 10 10000 11 12 23 11 12 17 21 22 13 13 3 6 12 11 17 13 4 9 11 20 16 15 20 9 19 18 8 17 
11 14 8 17 3 7 16 14 10 5 6 13 12 9 6 9 3 13 9 8 5 12 15 7 10 3 6 6 9 19 7 2 11 10000 2 14 2 5 8 21 14 4 3 13 6 13 3 16 16 10 2 3 14 14 5 20 14 10 14 7 7 
10 15 9 16 4 7 15 14 9 6 4 14 11 10 4 10 5 14 7 10 7 10 15 6 9 1 8 6 8 18 6 4 12 2 10000 13 3 4 6 20 12 2 1 14 8 12 4 15 15 10 4 4 12 13 3 19 15 8 12 7 5 
5 25 21 17 16 18 14 19 12 16 10 23 13 21 9 21 17 25 7 21 19 3 21 10 15 13 19 14 15 19 8 16 23 14 13 10000 15 12 7 20 4 11 12 25 20 18 16 17 21 21 16 16 8 15 11 19 23 5 11 17 8 
12 14 8 18 2 8 17 15 11 4 7 14 13 9 7 9 2 14 10 8 5 13 15 8 11 4 6 7 10 19 8 1 11 2 3 15 10000 6 9 22 15 5 4 13 6 14 2 17 17 10 2 1 15 15 5 21 15 11 15 7 8 
8 14 9 13 8 6 12 11 6 9 3 11 8 9 5 10 7 13 6 9 8 10 11 3 6 3 8 2 5 14 7 6 12 5 4 12 6 10000 6 16 11 4 4 13 9 9 8 12 12 9 6 7 10 9 6 15 12 8 9 5 7 
4 19 14 14 10 11 12 14 7 10 3 16 9 14 3 15 10 18 2 14 13 5 15 4 10 6 13 7 9 16 3 10 17 8 6 7 9 6 10000 17 7 5 5 18 14 12 10 13 16 14 10 10 7 11 6 16 17 2 8 10 3 
16 19 20 4 23 17 6 9 11 25 17 16 10 19 19 20 23 19 16 20 22 19 10 15 12 19 20 15 13 3 20 22 21 21 20 20 22 16 17 10000 17 19 19 20 23 10 23 5 8 18 21 23 12 7 21 1 14 18 10 16 20 
3 24 20 13 16 16 11 17 10 16 9 21 10 20 9 20 17 23 6 20 19 4 18 9 13 12 18 12 13 16 8 16 22 14 12 4 15 11 7 17 10000 11 11 23 20 15 16 14 18 19 16 16 5 12 11 16 21 5 8 15 8 
8 16 10 16 5 8 14 14 9 6 3 14 10 11 3 11 6 15 6 11 8 9 15 5 9 2 9 6 8 17 5 5 13 4 2 11 5 4 5 19 11 10000 1 15 9 12 6 15 15 11 5 5 11 12 3 18 15 7 11 7 4 
9 15 10 16 5 8 14 14 8 6 3 14 10 10 4 11 6 15 6 10 8 9 14 5 9 1 8 5 8 17 5 5 13 3 1 12 4 4 5 19 11 1 10000 14 9 12 5 15 15 11 5 5 11 12 3 18 15 7 11 7 5 
21 3 5 18 13 8 19 12 15 16 15 5 16 4 17 4 12 2 18 5 9 22 10 15 11 13 7 11 11 18 19 12 3 13 14 25 13 13 18 20 23 15 14 10000 8 12 13 16 12 4 11 13 20 15 17 20 7 20 18 8 19 
17 10 4 20 6 7 19 15 14 8 11 11 16 5 12 5 5 10 14 4 2 18 14 12 12 8 3 9 10 20 13 5 6 6 8 20 6 9 14 23 20 9 9 8 10000 14 6 18 16 7 5 6 18 16 10 22 13 15 17 7 13 
13 11 11 7 15 8 8 2 6 17 11 8 6 10 13 11 14 11 11 11 13 15 4 9 4 11 11 7 4 7 14 13 12 13 12 18 14 9 12 10 15 12 12 12 14 10000 15 5 4 9 13 15 11 4 15 9 7 14 8 7 14 
13 15 9 20 1 9 19 16 13 3 8 15 15 10 8 9 2 14 11 9 5 14 17 10 12 5 7 9 11 21 9 2 11 3 4 16 2 8 10 23 16 6 5 13 6 15 10000 18 18 11 3 1 16 16 5 22 16 11 16 9 9 
13 15 16 3 18 12 4 5 7 20 13 12 5 15 15 16 18 15 12 16 17 15 7 11 7 14 16 10 8 3 16 17 17 16 15 17 17 12 13 5 14 15 15 16 18 5 18 10000 6 13 16 18 10 3 17 4 11 14 6 11 16 
16 11 13 8 18 10 9 2 9 20 14 8 9 12 16 13 17 11 14 13 15 18 3 12 7 15 14 10 8 6 18 16 13 16 15 21 17 12 16 8 18 15 15 12 16 4 18 6 10000 10 16 18 14 6 18 8 6 17 11 10 18 
17 5 4 15 11 4 16 9 11 13 11 4 12 2 14 3 9 5 14 4 7 18 8 11 8 10 5 8 7 15 15 9 4 10 10 21 10 9 14 18 19 11 11 4 7 9 11 13 10 10000 8 10 17 12 13 17 6 16 15 5 15 
13 13 7 18 3 6 17 14 11 5 7 12 13 7 8 7 2 12 10 7 4 13 14 8 10 4 5 6 9 19 9 1 9 2 4 16 2 6 10 21 16 5 5 11 5 13 3 16 16 8 10000 3 15 14 6 20 14 11 14 6 9 
13 15 8 19 1 8 18 16 12 3 8 14 14 9 8 9 2 14 11 8 5 14 16 9 12 5 6 8 11 20 9 2 11 3 4 16 1 7 10 23 16 5 5 13 6 15 1 18 18 10 3 10000 16 16 5 22 16 11 16 8 8 
5 21 18 9 16 14 7 13 7 17 9 17 6 17 9 18 16 20 6 18 17 7 14 7 10 12 17 10 10 11 10 15 20 14 12 8 15 10 7 12 5 11 11 20 18 11 16 10 14 17 15 16 10000 8 12 11 17 7 4 13 10 
11 15 14 4 16 10 4 5 5 18 10 11 3 13 12 14 16 15 10 14 15 13 7 9 5 12 14 8 6 5 14 15 16 14 13 15 15 9 11 7 12 12 12 15 16 4 16 3 6 12 14 16 8 10000 15 6 10 12 5 10 14 
9 18 12 18 5 10 16 16 11 5 5 16 12 13 4 13 6 17 7 12 9 9 17 7 11 4 10 8 11 19 4 6 15 5 3 11 5 6 6 21 11 3 3 17 10 15 5 17 18 13 6 5 12 15 10000 20 17 7 13 10 4 
15 19 19 3 22 16 5 9 10 24 16 15 9 18 18 19 22 18 15 20 21 18 10 14 11 18 20 14 12 2 19 21 20 20 19 19 21 15 16 1 16 18 18 20 22 9 22 4 8 17 20 22 11 6 20 10000 13 17 9 15 19 
18 6 9 13 16 8 14 6 11 18 14 2 12 8 17 9 15 6 16 9 12 20 4 14 8 14 10 10 8 12 18 14 9 14 15 23 15 12 17 14 21 15 15 7 13 7 16 11 6 6 14 16 17 10 17 13 10000 19 14 8 18 
3 21 16 14 11 13 12 16 9 12 5 18 10 16 4 17 12 20 3 16 14 3 17 6 11 8 15 9 11 17 4 11 19 10 8 5 11 8 2 18 5 7 7 20 15 14 11 14 17 16 11 11 7 12 7 17 19 10000 9 12 4 
7 18 16 6 16 12 4 10 4 17 9 15 3 15 10 16 16 18 7 16 16 9 11 7 7 11 15 9 8 8 11 15 18 14 12 11 15 9 8 10 8 11 11 18 17 8 16 6 11 15 14 16 4 5 13 9 14 9 10000 11 11 
13 9 5 13 9 1 13 8 7 11 7 7 9 5 10 6 8 9 10 6 6 14 9 7 5 6 5 4 4 14 11 7 8 7 7 17 7 5 10 16 15 7 7 8 7 7 9 11 10 5 6 8 13 10 10 15 8 12 11 10000 11 
6 20 14 17 8 12 15 16 10 8 4 18 11 15 2 15 9 19 5 14 12 6 17 6 12 6 13 9 11 18 1 9 17 7 5 8 8 7 3 20 8 4 5 19 13 14 9 16 18 15 9 8 10 14 4 19 18 4 11 11 10000 
