40
10
1000	500	0	1000	284.000000	7853.000000
9	0	0	6	7430.000000	9796.000000
9	1	7	8	1549.000000	6528.000000
10	3	3	4	3703.000000	8855.000000
10	8	6	10	6648.000000	3240.000000
9	4	4	9	9738.000000	4350.000000
8	8	1	6	2795.000000	5315.000000
6	5	0	2	4324.000000	6986.000000
6	5	6	6	7072.000000	8214.000000
6	6	2	5	6951.000000	8140.000000
7	6	5	5	2639.000000	9480.000000
10	7	2	8	8998.000000	135.000000
7	2	3	7	548.000000	5079.000000
9	4	6	7	3921.000000	1311.000000
7	5	1	4	9056.000000	8535.000000
6	1	2	6	2034.000000	4676.000000
8	3	3	3	7266.000000	457.000000
9	7	9	9	4086.000000	2997.000000
10	1	1	10	2493.000000	7606.000000
7	2	2	7	3514.000000	8243.000000
9	2	9	9	9632.000000	4595.000000
7	6	7	7	9431.000000	9081.000000
6	5	2	5	855.000000	8679.000000
7	2	6	7	5761.000000	8603.000000
9	8	1	2	8437.000000	2207.000000
6	3	0	6	712.000000	2158.000000
9	0	7	9	7916.000000	9983.000000
7	3	7	7	1149.000000	4697.000000
8	2	5	5	7594.000000	3802.000000
6	2	3	5	84.000000	265.000000
6	1	1	1	545.000000	2017.000000
6	1	4	5	4008.000000	1998.000000
7	2	0	6	1908.000000	9187.000000
9	1	9	9	2281.000000	9499.000000
10	8	1	7	6387.000000	3005.000000
7	4	5	7	1086.000000	7277.000000
10	10	4	8	6593.000000	8688.000000
7	4	7	7	8194.000000	1990.000000
9	4	0	7	330.000000	9709.000000
7	7	1	4	8889.000000	8317.000000
6	0	4	5	4938.000000	7612.000000
10000 15 4 8 16 21 8 9 14 14 6 24 6 15 18 8 21 13 5 7 20 19 3 12 20 12 16 7 17 16 12 14 5 6 16 2 13 20 4 18 10 
15 10000 14 8 14 12 13 9 4 4 10 20 17 19 5 15 19 16 11 9 12 5 14 5 16 21 2 17 12 25 21 18 12 11 14 14 3 16 15 5 7 
4 14 10000 7 13 17 4 6 12 12 7 20 4 12 16 4 17 9 3 6 17 17 5 10 17 9 15 4 14 13 10 11 6 7 12 2 11 17 7 16 8 
8 8 7 10000 13 16 8 4 7 7 3 21 10 16 11 9 19 12 4 2 15 12 6 5 17 15 9 10 13 19 16 14 4 4 13 7 6 17 7 11 4 
16 14 13 13 10000 7 9 9 10 10 15 8 13 7 12 10 6 6 13 12 7 13 16 11 5 13 14 12 3 15 13 6 16 16 1 14 11 4 19 12 10 
21 12 17 16 7 10000 15 13 10 10 18 9 19 14 9 16 10 12 16 15 1 10 20 12 6 19 12 18 5 21 19 13 19 19 8 19 11 6 22 9 12 
8 13 4 8 9 15 10000 5 11 11 9 17 5 9 15 2 14 6 5 7 14 16 8 9 13 8 14 4 11 12 8 8 8 9 9 6 11 13 11 14 7 
9 9 6 4 9 13 5 10000 7 6 7 17 9 12 10 7 15 8 4 3 12 12 8 5 13 13 10 8 10 16 13 10 7 7 9 7 6 13 10 10 2 
14 4 12 7 10 10 11 7 10000 1 10 17 15 16 5 13 16 13 10 8 9 6 13 3 13 18 4 14 9 22 19 14 11 10 11 13 2 13 14 4 5 
14 4 12 7 10 10 11 6 1 10000 10 17 15 15 5 13 16 12 9 7 9 6 13 3 13 18 5 14 9 21 18 14 11 10 11 12 2 13 14 4 5 
6 10 7 3 15 18 9 7 10 10 10000 23 10 17 13 10 21 14 4 4 18 14 4 7 19 16 11 11 16 20 16 16 2 1 15 6 9 19 5 13 6 
24 20 20 21 8 9 17 17 17 17 23 10000 20 11 17 17 4 12 20 20 10 18 24 19 5 18 20 19 8 18 18 11 23 24 8 22 18 5 26 17 18 
6 17 4 10 13 19 5 9 15 15 10 20 10000 11 19 4 17 9 7 9 19 20 8 13 17 6 18 2 15 10 7 10 9 10 13 5 15 17 10 18 11 
15 19 12 16 7 14 9 12 16 15 17 11 11 10000 18 8 7 4 13 14 14 20 16 16 10 7 20 9 9 8 7 2 17 17 6 14 16 9 19 18 13 
18 5 16 11 12 9 15 10 5 5 13 17 19 18 10000 17 17 15 14 12 8 2 17 7 13 22 4 18 10 25 22 17 15 14 13 17 5 14 18 1 9 
8 15 4 9 10 16 2 7 13 13 10 17 4 8 17 10000 14 6 6 8 16 18 9 11 14 6 16 2 12 10 7 7 10 10 10 6 13 14 11 16 9 
21 19 17 19 6 10 14 15 16 16 21 4 17 7 17 14 10000 9 18 18 10 18 21 17 5 14 20 15 7 15 14 8 21 21 6 19 17 4 24 17 16 
13 16 9 12 6 12 6 8 13 12 14 12 9 4 15 6 9 10000 10 11 12 17 14 12 9 7 16 7 8 10 8 3 14 14 5 11 13 9 16 15 10 
5 11 3 4 13 16 5 4 10 9 4 20 7 13 14 6 18 10 10000 3 16 15 4 7 17 12 12 7 13 16 12 12 4 4 13 3 9 17 7 13 5 
7 9 6 2 12 15 7 3 8 7 4 20 9 14 12 8 18 11 3 10000 15 12 6 5 16 14 10 9 13 18 14 13 4 4 12 6 7 16 8 11 4 
20 12 17 15 7 1 14 12 9 9 18 10 19 14 8 16 10 12 16 15 10000 9 20 12 6 19 12 17 5 21 19 13 18 18 8 18 11 6 22 8 12 
19 5 17 12 13 10 16 12 6 6 14 18 20 20 2 18 18 17 15 12 9 10000 18 8 14 23 4 19 12 26 23 18 16 15 14 18 6 15 19 2 10 
3 14 5 6 16 20 8 8 13 13 4 24 8 16 17 9 21 14 4 6 20 18 10000 10 20 14 15 8 17 17 14 15 3 4 16 3 12 20 3 17 9 
12 5 10 5 11 12 9 5 3 3 7 19 13 16 7 11 17 12 7 5 12 8 10 10000 14 17 6 13 11 21 17 14 8 8 12 10 2 15 12 7 3 
20 16 17 17 5 6 13 13 13 13 19 5 17 10 13 14 5 9 17 16 6 14 20 14 10000 16 16 16 4 18 16 9 20 20 5 18 14 1 23 13 13 
12 21 9 15 13 19 8 13 18 18 16 18 6 7 22 6 14 7 12 14 19 23 14 17 16 10000 22 6 15 4 1 7 15 16 12 11 18 15 16 21 14 
16 2 15 9 14 12 14 10 4 5 11 20 18 20 4 16 20 16 12 10 12 4 15 6 16 22 10000 18 13 25 22 18 13 12 15 15 4 16 16 4 8 
7 17 4 10 12 18 4 8 14 14 11 19 2 9 18 2 15 7 7 9 17 19 8 13 16 6 18 10000 14 10 6 8 10 10 12 6 14 16 11 18 10 
17 12 14 13 3 5 11 10 9 9 16 8 15 9 10 12 7 8 13 13 5 12 17 11 4 15 13 14 10000 17 15 9 16 16 3 15 10 4 19 10 10 
16 25 13 19 15 21 12 16 22 21 20 18 10 8 25 10 15 10 16 18 21 26 17 21 18 4 25 10 17 10000 4 9 19 19 14 15 22 17 19 24 18 
12 21 10 16 13 19 8 13 19 18 16 18 7 7 22 7 14 8 12 14 19 23 14 17 16 1 22 6 15 4 10000 7 15 16 12 11 19 16 16 21 15 
14 18 11 14 6 13 8 10 14 14 16 11 10 2 17 7 8 3 12 13 13 18 15 14 9 7 18 8 9 9 7 10000 15 16 6 13 15 9 18 16 12 
5 12 6 4 16 19 8 7 11 11 2 23 9 17 15 10 21 14 4 4 18 16 3 8 20 15 13 10 16 19 15 15 10000 1 16 5 10 20 4 15 7 
6 11 7 4 16 19 9 7 10 10 1 24 10 17 14 10 21 14 4 4 18 15 4 8 20 16 12 10 16 19 16 16 1 10000 16 6 9 20 4 14 7 
16 14 12 13 1 8 9 9 11 11 15 8 13 6 13 10 6 5 13 12 8 14 16 12 5 12 15 12 3 14 12 6 16 16 10000 14 12 5 19 12 10 
2 14 2 7 14 19 6 7 13 12 6 22 5 14 17 6 19 11 3 6 18 18 3 10 18 11 15 6 15 15 11 13 5 6 14 10000 12 18 6 16 8 
13 3 11 6 11 11 11 6 2 2 9 18 15 16 5 13 17 13 9 7 11 6 12 2 14 18 4 14 10 22 19 15 10 9 12 12 10000 14 13 5 4 
20 16 17 17 4 6 13 13 13 13 19 5 17 9 14 14 4 9 17 16 6 15 20 15 1 15 16 16 4 17 16 9 20 20 5 18 14 10000 23 13 13 
4 15 7 7 19 22 11 10 14 14 5 26 10 19 18 11 24 16 7 8 22 19 3 12 23 16 16 11 19 19 16 18 4 4 19 6 13 23 10000 18 11 
18 5 16 11 12 9 14 10 4 4 13 17 18 18 1 16 17 15 13 11 8 2 17 7 13 21 4 18 10 24 21 16 15 14 12 16 5 13 18 10000 9 
10 7 8 4 10 12 7 2 5 5 6 18 11 13 9 9 16 10 5 4 12 10 9 3 13 14 8 10 10 18 15 12 7 7 10 8 4 13 11 9 10000 
