60
10
1000	500	0	1000	6452.000000	6183.000000
6	1	6	6	269.000000	696.000000
10	5	10	10	8468.000000	4760.000000
9	9	9	9	6985.000000	6398.000000
7	3	5	7	8723.000000	1003.000000
8	2	0	1	1417.000000	2498.000000
7	7	6	6	3218.000000	7229.000000
6	3	2	5	8886.000000	510.000000
6	2	6	6	3083.000000	2193.000000
6	4	1	3	8373.000000	6231.000000
8	8	6	8	5247.000000	639.000000
6	3	2	3	126.000000	4210.000000
6	3	3	3	6337.000000	1006.000000
8	8	4	4	24.000000	5150.000000
8	7	1	3	2011.000000	693.000000
8	5	3	6	3830.000000	847.000000
7	4	2	7	8151.000000	3998.000000
10	6	8	10	6630.000000	6769.000000
7	3	1	6	1885.000000	9122.000000
9	4	4	5	2949.000000	3061.000000
7	7	3	4	7597.000000	1686.000000
7	5	7	7	897.000000	17.000000
9	8	6	8	2440.000000	130.000000
10	9	7	10	6058.000000	514.000000
7	3	5	5	3595.000000	2122.000000
8	5	2	7	9551.000000	7792.000000
10	5	2	3	6856.000000	9226.000000
8	3	2	8	3621.000000	3200.000000
6	0	6	6	8582.000000	7745.000000
8	1	4	8	6010.000000	2306.000000
6	2	5	5	2097.000000	1674.000000
9	4	5	7	4747.000000	5664.000000
9	5	2	3	6083.000000	561.000000
6	4	0	5	5684.000000	7541.000000
10	9	5	7	7994.000000	3993.000000
7	0	6	7	6120.000000	9141.000000
10	4	3	8	1934.000000	4834.000000
6	4	6	6	2365.000000	8310.000000
9	9	7	8	3604.000000	9542.000000
10	1	7	8	2467.000000	7801.000000
7	3	6	7	8981.000000	2801.000000
10	5	8	9	3422.000000	3671.000000
6	1	6	6	2775.000000	2024.000000
10	1	0	6	5395.000000	3545.000000
9	2	3	9	6489.000000	3856.000000
6	3	3	4	4386.000000	3123.000000
9	8	0	5	413.000000	5454.000000
7	5	1	5	2041.000000	3204.000000
6	5	2	2	5805.000000	3990.000000
8	8	6	6	2331.000000	2027.000000
8	7	4	8	7935.000000	1371.000000
9	9	1	3	7635.000000	6001.000000
8	0	6	6	4131.000000	4859.000000
7	4	3	7	9716.000000	6648.000000
6	6	2	4	2612.000000	821.000000
10	4	5	5	2343.000000	8936.000000
10	0	4	8	7729.000000	4189.000000
10	2	7	7	1067.000000	1587.000000
6	4	1	2	803.000000	6598.000000
6	0	2	3	8191.000000	5206.000000
8	1	5	6	2832.000000	271.000000
10000 17 5 2 12 13 7 13 11 4 12 14 11 14 15 12 6 2 11 10 10 17 15 12 10 7 7 9 6 8 13 4 12 4 6 6 10 10 9 9 9 8 12 6 5 8 13 11 5 12 11 3 6 7 14 10 5 15 12 4 14 
17 10000 19 18 17 5 15 18 7 20 10 8 13 9 4 8 18 18 18 8 15 2 5 12 8 24 22 9 22 12 5 14 12 18 17 21 9 16 19 15 18 9 6 12 14 10 10 7 13 5 16 19 12 23 5 17 17 3 12 19 6 
5 19 10000 5 8 15 12 9 12 3 11 17 9 17 16 13 2 6 16 12 7 18 16 10 12 7 10 11 6 7 15 8 10 8 2 10 14 15 14 14 5 11 13 7 5 9 17 14 6 14 7 3 9 5 15 15 2 17 16 2 15 
2 18 5 10000 12 14 8 13 12 3 13 15 11 15 16 13 6 2 12 11 10 18 16 12 11 6 6 10 5 9 14 5 12 4 6 6 11 11 10 10 9 9 13 7 6 9 14 12 6 13 11 2 7 6 15 11 5 16 13 4 15 
12 17 8 12 10000 15 17 2 12 11 7 19 5 20 14 10 7 13 22 13 3 16 13 6 11 14 17 12 14 7 14 13 6 15 7 18 16 20 20 19 4 12 13 9 8 10 19 15 9 13 2 11 12 12 13 21 7 16 20 9 12 
13 5 15 14 15 10000 11 16 4 16 9 5 11 6 4 6 14 14 14 4 13 6 6 11 5 20 18 5 18 10 3 10 11 14 14 17 5 12 15 11 16 5 3 9 11 7 7 2 10 3 14 15 8 19 5 14 14 2 9 15 6 
7 15 12 8 17 11 10000 18 11 11 14 9 14 8 14 13 12 7 5 9 15 16 15 15 11 13 9 9 11 12 12 5 15 5 12 7 6 3 5 2 15 8 11 9 10 9 7 9 9 11 16 10 6 14 13 4 11 13 5 11 14 
13 18 9 13 2 16 18 10000 13 12 8 20 6 21 14 11 8 14 23 13 4 17 13 6 12 15 18 12 15 7 14 14 6 16 8 19 17 21 21 20 5 13 13 10 9 11 20 15 10 14 3 12 13 13 13 22 8 16 21 10 13 
11 7 12 12 12 4 11 13 10000 14 6 8 7 9 4 4 11 12 15 2 10 7 5 7 2 18 16 3 16 6 3 8 7 12 11 16 6 13 15 12 12 4 1 6 8 4 9 3 7 2 10 12 6 16 3 14 11 5 10 12 4 
4 20 3 3 11 16 11 12 14 10000 13 17 12 17 17 15 5 4 15 13 10 20 18 13 13 4 7 12 4 10 16 8 13 6 5 8 14 13 12 13 7 12 15 9 7 11 16 15 7 15 10 2 9 3 16 14 5 18 16 3 17 
12 10 11 13 7 9 14 8 6 13 10000 13 3 14 7 3 9 13 19 7 6 9 6 2 5 17 18 7 16 4 7 11 2 14 9 18 11 17 19 16 9 8 6 6 7 6 14 9 7 7 6 12 9 15 6 18 9 9 15 11 5 
14 8 17 15 19 5 9 20 8 17 13 10000 14 2 8 11 17 14 11 7 16 9 10 14 9 21 17 8 19 13 7 10 14 13 16 16 4 10 13 9 18 7 7 11 13 9 3 5 12 7 17 16 9 20 9 11 16 6 5 17 10 
11 13 9 11 5 11 14 6 7 12 3 14 10000 16 9 6 7 12 19 8 3 12 8 2 6 16 17 7 15 3 9 10 2 14 7 17 12 17 18 16 7 8 8 6 6 6 15 10 7 9 4 11 9 14 8 18 7 11 16 10 8 
14 9 17 15 20 6 8 21 9 17 14 2 16 10000 10 12 17 14 9 8 17 11 12 16 10 20 16 9 18 14 9 10 16 13 17 15 4 8 12 8 19 8 9 12 14 10 1 6 12 8 18 16 9 20 11 9 16 8 4 17 12 
15 4 16 16 14 4 14 14 4 17 7 8 9 10 10000 4 14 16 17 6 12 3 2 9 5 21 20 6 20 9 2 12 9 16 14 19 9 16 18 15 15 7 4 9 11 7 11 6 11 3 12 16 10 20 2 17 14 3 13 16 2 
12 8 13 13 10 6 13 11 4 15 3 11 6 12 4 10000 11 14 18 5 8 7 4 5 3 18 18 5 17 6 4 10 5 14 11 18 9 16 18 15 12 6 4 7 9 5 12 6 8 4 9 13 9 17 3 17 11 6 13 13 3 
6 18 2 6 7 14 12 8 11 5 9 17 7 17 14 11 10000 7 17 11 5 17 14 9 10 9 11 10 8 6 13 8 9 9 1 12 13 15 15 14 3 10 12 6 4 8 16 13 5 13 6 5 9 7 13 16 1 15 16 3 13 
2 18 6 2 13 14 7 14 12 4 13 14 12 14 16 14 7 10000 11 11 11 18 16 13 12 7 5 10 5 10 14 5 13 3 7 5 11 10 9 9 10 9 13 7 6 9 13 12 6 13 12 3 7 7 15 10 6 16 12 5 16 
11 18 16 12 22 14 5 23 15 15 19 11 19 9 17 18 17 11 10000 13 19 19 19 20 15 16 10 13 14 16 15 9 20 9 16 9 9 2 4 3 20 12 15 14 14 13 8 12 13 15 20 14 10 17 17 1 16 16 6 15 18 
10 8 12 11 13 4 9 13 2 13 7 7 8 8 6 5 11 11 13 10000 10 8 6 9 3 17 15 2 15 7 4 7 9 11 11 14 5 11 14 10 13 2 3 5 8 3 7 2 7 3 11 12 5 16 5 12 10 5 9 12 6 
10 15 7 10 3 13 15 4 10 10 6 16 3 17 12 8 5 11 19 10 10000 14 11 4 9 13 16 9 13 4 12 10 4 13 5 16 13 17 18 16 4 10 10 6 5 8 17 12 6 11 1 9 10 11 11 18 6 14 17 8 10 
17 2 18 18 16 6 16 17 7 20 9 9 12 11 3 7 17 18 19 8 14 10000 4 11 7 24 22 9 22 12 5 14 11 18 17 22 10 17 20 16 18 9 6 12 14 10 11 7 13 5 15 19 12 23 4 19 17 4 14 18 4 
15 5 16 16 13 6 15 13 5 18 6 10 8 12 2 4 14 16 19 6 11 4 10000 8 5 21 21 7 20 9 4 12 8 17 14 20 10 17 19 16 15 8 4 10 12 8 12 7 11 4 12 16 11 20 2 18 14 5 14 16 1 
12 12 10 12 6 11 15 6 7 13 2 14 2 16 9 5 9 13 20 9 4 11 8 10000 6 17 18 8 16 4 9 11 1 15 8 18 12 18 19 17 8 9 8 7 7 7 16 10 7 9 5 12 10 15 7 19 9 11 17 11 7 
10 8 12 11 11 5 11 12 2 13 5 9 6 10 5 3 10 12 15 3 9 7 5 6 10000 17 16 3 16 5 4 8 6 12 10 15 7 13 15 12 11 4 2 5 7 3 10 4 6 3 9 12 6 16 4 14 10 6 11 12 5 
7 24 7 6 14 20 13 15 18 4 17 21 16 20 21 18 9 7 16 17 13 24 21 17 17 10000 7 16 2 14 20 11 17 8 9 8 17 15 13 15 11 15 18 12 10 14 19 18 11 19 14 6 13 3 20 15 9 22 18 6 21 
7 22 10 6 17 18 9 18 16 7 18 17 17 16 20 18 11 5 10 15 16 22 21 18 16 7 10000 14 5 14 18 9 18 5 11 2 14 10 7 10 14 14 17 12 11 14 15 16 11 18 16 7 11 8 19 10 11 20 14 9 20 
9 9 11 10 12 5 9 12 3 12 7 8 7 9 6 5 10 10 13 2 9 9 7 8 3 16 14 10000 14 6 5 6 8 10 9 13 5 11 13 10 11 2 3 4 6 2 8 4 5 4 10 10 4 15 6 12 9 7 9 10 7 
6 22 6 5 14 18 11 15 16 4 16 19 15 18 20 17 8 5 14 15 13 22 20 16 16 2 5 14 10000 13 18 9 16 6 8 6 15 13 11 13 10 14 17 11 9 13 17 16 10 17 13 4 11 4 19 13 8 20 16 6 19 
8 12 7 9 7 10 12 7 6 10 4 13 3 14 9 6 6 10 16 7 4 12 9 4 5 14 14 6 13 10000 8 8 4 11 6 14 10 15 16 14 7 6 7 3 4 4 13 9 4 8 5 9 7 12 8 16 6 10 14 8 8 
13 5 15 14 14 3 12 14 3 16 7 7 9 9 2 4 13 14 15 4 12 5 4 9 4 20 18 5 18 8 10000 10 9 14 13 17 7 14 17 13 14 5 2 8 10 6 9 4 9 1 12 15 8 19 2 15 13 3 11 15 4 
4 14 8 5 13 10 5 14 8 8 11 10 10 10 12 10 8 5 9 7 10 14 12 11 8 11 9 6 9 8 10 10000 11 5 8 8 6 8 9 7 11 5 9 5 6 6 9 8 4 9 11 6 3 11 11 9 7 11 9 7 12 
12 12 10 12 6 11 15 6 7 13 2 14 2 16 9 5 9 13 20 9 4 11 8 1 6 17 18 8 16 4 9 11 10000 14 8 18 12 18 19 17 8 9 8 7 7 7 15 10 7 9 5 12 10 15 7 19 8 11 17 11 7 
4 18 8 4 15 14 5 16 12 6 14 13 14 13 16 14 9 3 9 11 13 18 17 15 12 8 5 10 6 11 14 5 14 10000 9 4 10 7 6 7 12 9 13 9 8 10 12 12 8 13 14 5 7 9 15 8 8 16 10 7 16 
6 17 2 6 7 14 12 8 11 5 9 16 7 17 14 11 1 7 16 11 5 17 14 8 10 9 11 9 8 6 13 8 8 9 10000 11 13 15 15 14 4 10 12 6 4 8 16 13 5 12 6 5 8 7 13 16 1 15 16 3 13 
6 21 10 6 18 17 7 19 16 8 18 16 17 15 19 18 12 5 9 14 16 22 20 18 15 8 2 13 6 14 17 8 18 4 11 10000 13 8 6 8 14 13 16 12 11 13 14 15 11 17 16 7 10 9 19 8 11 19 12 9 19 
10 9 14 11 16 5 6 17 6 14 11 4 12 4 9 9 13 11 9 5 13 10 10 12 7 17 14 5 15 10 7 6 12 10 13 13 10000 8 10 7 15 4 6 8 10 6 4 4 8 6 14 12 5 16 9 9 12 7 5 13 10 
10 16 15 11 20 12 3 21 13 13 17 10 17 8 16 16 15 10 2 11 17 17 17 18 13 15 10 11 13 15 14 8 18 7 15 8 8 10000 4 2 18 10 13 12 13 12 7 11 12 13 18 12 8 16 15 2 14 14 5 14 17 
9 19 14 10 20 15 5 21 15 12 19 13 18 12 18 18 15 9 4 14 18 20 19 19 15 13 7 13 11 16 17 9 19 6 15 6 10 4 10000 5 18 12 16 13 13 13 11 14 12 16 19 11 10 14 18 3 14 17 9 13 19 
9 15 14 10 19 11 2 20 12 13 16 9 16 8 15 15 14 9 3 10 16 16 16 17 12 15 10 10 13 14 13 7 17 7 14 8 7 2 5 10000 17 9 12 11 12 11 7 10 11 12 17 11 7 15 14 3 13 13 5 13 16 
9 18 5 9 4 16 15 5 12 7 9 18 7 19 15 12 3 10 20 13 4 18 15 8 11 11 14 11 10 7 14 11 8 12 4 14 15 18 18 17 10000 12 13 8 6 10 18 14 7 14 4 7 11 8 14 19 4 17 19 6 14 
8 9 11 9 12 5 8 13 4 12 8 7 8 8 7 6 10 9 12 2 10 9 8 9 4 15 14 2 14 6 5 5 9 9 10 13 4 10 12 9 12 10000 4 4 7 3 7 3 5 4 11 10 3 14 6 11 9 7 8 11 7 
12 6 13 13 13 3 11 13 1 15 6 7 8 9 4 4 12 13 15 3 10 6 4 8 2 18 17 3 17 7 2 9 8 13 12 16 6 13 16 12 13 4 10000 7 9 4 9 3 8 1 11 13 7 17 3 14 11 4 10 13 4 
6 12 7 7 9 9 9 10 6 9 6 11 6 12 9 7 6 7 14 5 6 12 10 7 5 12 12 4 11 3 8 5 7 9 6 12 8 12 13 11 8 4 7 10000 3 3 11 7 2 7 7 7 4 11 8 13 5 10 12 7 9 
5 14 5 6 8 11 10 9 8 7 7 13 6 14 11 9 4 6 14 8 5 14 12 7 7 10 11 6 9 4 10 6 7 8 4 11 10 13 13 12 6 7 9 3 10000 5 13 9 2 10 6 5 6 9 10 14 3 12 13 5 11 
8 10 9 9 10 7 9 11 4 11 6 9 6 10 7 5 8 9 13 3 8 10 8 7 3 14 14 2 13 4 6 6 7 10 8 13 6 12 13 11 10 3 4 3 5 10000 10 5 4 5 8 9 4 13 6 13 8 8 10 9 7 
13 10 17 14 19 7 7 20 9 16 14 3 15 1 11 12 16 13 8 7 17 11 12 16 10 19 15 8 17 13 9 9 15 12 16 14 4 7 11 7 18 7 9 11 13 10 10000 6 12 8 18 15 8 19 11 8 15 8 3 16 12 
11 7 14 12 15 2 9 15 3 15 9 5 10 6 6 6 13 12 12 2 12 7 7 10 4 18 16 4 16 9 4 8 10 12 13 15 4 11 14 10 14 3 3 7 9 5 6 10000 8 3 13 13 6 17 5 12 12 4 8 13 7 
5 13 6 6 9 10 9 10 7 7 7 12 7 12 11 8 5 6 13 7 6 13 11 7 6 11 11 5 10 4 9 4 7 8 5 11 8 12 12 11 7 5 8 2 2 4 12 8 10000 8 7 6 4 10 9 13 4 11 12 6 10 
12 5 14 13 13 3 11 14 2 15 7 7 9 8 3 4 13 13 15 3 11 5 4 9 3 19 18 4 17 8 1 9 9 13 12 17 6 13 16 12 14 4 1 7 10 5 8 3 8 10000 12 14 7 18 3 14 12 3 10 14 4 
11 16 7 11 2 14 16 3 10 10 6 17 4 18 12 9 6 12 20 11 1 15 12 5 9 14 16 10 13 5 12 11 5 14 6 16 14 18 19 17 4 11 11 7 6 8 18 13 7 12 10000 10 11 12 11 19 6 14 18 8 11 
3 19 3 2 11 15 10 12 12 2 12 16 11 16 16 13 5 3 14 12 9 19 16 12 12 6 7 10 4 9 15 6 12 5 5 7 12 12 11 11 7 10 13 7 5 9 15 13 6 14 10 10000 8 5 15 13 4 16 14 2 15 
6 12 9 7 12 8 6 13 6 9 9 9 9 9 10 9 9 7 10 5 10 12 11 10 6 13 11 4 11 7 8 3 10 7 8 10 5 8 10 7 11 3 7 4 6 4 8 6 4 7 11 8 10000 12 9 9 8 9 8 9 10 
7 23 5 6 12 19 14 13 16 3 15 20 14 20 20 17 7 7 17 16 11 23 20 15 16 3 8 15 4 12 19 11 15 9 7 9 16 16 14 15 8 14 17 11 9 13 19 17 10 18 12 5 12 10000 19 16 7 21 18 5 19 
14 5 15 15 13 5 13 13 3 16 6 9 8 11 2 3 13 15 17 5 11 4 2 7 4 20 19 6 19 8 2 11 7 15 13 19 9 15 18 14 14 6 3 8 10 6 11 5 9 3 11 15 9 19 10000 17 13 4 13 15 2 
10 17 15 11 21 14 4 22 14 14 18 11 18 9 17 17 16 10 1 12 18 19 18 19 14 15 10 12 13 16 15 9 19 8 16 8 9 2 3 3 19 11 14 13 14 13 8 12 13 14 19 13 9 16 17 10000 15 15 6 14 18 
5 17 2 5 7 14 11 8 11 5 9 16 7 16 14 11 1 6 16 10 6 17 14 9 10 9 11 9 8 6 13 7 8 8 1 11 12 14 14 13 4 9 11 5 3 8 15 12 4 12 6 4 8 7 13 15 10000 15 15 3 13 
15 3 17 16 16 2 13 16 5 18 9 6 11 8 3 6 15 16 16 5 14 4 5 11 6 22 20 7 20 10 3 11 11 16 15 19 7 14 17 13 17 7 4 10 12 8 8 4 11 3 14 16 9 21 4 15 15 10000 11 16 5 
12 12 16 13 20 9 5 21 10 16 15 5 16 4 13 13 16 12 6 9 17 14 14 17 11 18 14 9 16 14 11 9 17 10 16 12 5 5 9 5 19 8 10 12 13 10 3 8 12 10 18 14 8 18 13 6 15 11 10000 16 14 
4 19 2 4 9 15 11 10 12 3 11 17 10 17 16 13 3 5 15 12 8 18 16 11 12 6 9 10 6 8 15 7 11 7 3 9 13 14 13 13 6 11 13 7 5 9 16 13 6 14 8 2 9 5 15 14 3 16 16 10000 15 
14 6 15 15 12 6 14 13 4 17 5 10 8 12 2 3 13 16 18 6 10 4 1 7 5 21 20 7 19 8 4 12 7 16 13 19 10 17 19 16 14 7 4 9 11 7 12 7 10 4 11 15 10 19 2 18 13 5 14 15 10000 
