40
10
1000	500	0	1000	4084.000000	3630.000000
6	0	6	6	5446.000000	3759.000000
8	2	7	7	265.000000	3553.000000
6	3	2	6	1286.000000	464.000000
10	4	0	2	2839.000000	1241.000000
7	7	0	3	8791.000000	6240.000000
7	1	1	1	2783.000000	1911.000000
10	2	1	5	8329.000000	5543.000000
6	5	6	6	8741.000000	6153.000000
6	3	6	6	3643.000000	9979.000000
10	10	4	9	4447.000000	1790.000000
6	4	1	3	6324.000000	2979.000000
9	4	5	5	8371.000000	3489.000000
8	8	2	4	5131.000000	2558.000000
7	0	2	5	5091.000000	1457.000000
9	7	1	5	571.000000	7414.000000
9	9	0	4	422.000000	2724.000000
8	4	3	8	4107.000000	8067.000000
9	5	0	7	7223.000000	6319.000000
9	9	3	3	6068.000000	8078.000000
7	4	4	7	1359.000000	7537.000000
9	5	0	8	3763.000000	3607.000000
10	2	3	10	9252.000000	3694.000000
8	2	7	7	7025.000000	7248.000000
6	1	6	6	6221.000000	2724.000000
7	3	2	2	3344.000000	9049.000000
6	3	3	5	7294.000000	3592.000000
9	8	4	7	8358.000000	1941.000000
8	4	8	8	770.000000	8844.000000
7	4	5	7	184.000000	8966.000000
7	6	3	4	6593.000000	4434.000000
7	4	7	7	5746.000000	1625.000000
8	1	5	6	6668.000000	2436.000000
6	2	3	6	2670.000000	1230.000000
10	7	7	7	866.000000	9907.000000
10	9	10	10	1910.000000	9809.000000
10	10	6	9	2867.000000	2677.000000
10	4	8	9	4940.000000	9253.000000
7	4	0	4	8098.000000	9468.000000
6	1	0	3	385.000000	2702.000000
10	5	1	7	6217.000000	8091.000000
10000 3 8 9 6 11 5 10 11 13 4 5 9 3 5 11 8 9 9 10 10 1 11 10 5 11 7 10 13 14 6 6 6 6 15 14 4 12 15 8 10 
3 10000 11 11 8 9 7 7 9 13 5 3 6 3 5 13 11 10 7 9 12 4 8 8 3 12 4 7 14 15 3 5 4 8 16 15 6 12 13 11 9 
8 11 10000 7 7 18 7 17 18 15 10 13 17 10 11 8 2 12 15 15 9 7 18 16 13 13 15 17 11 11 13 12 13 7 13 13 6 15 20 2 15 
9 11 7 10000 4 19 5 18 19 20 7 12 16 9 8 14 5 17 17 18 15 9 18 18 11 18 14 15 17 18 14 10 12 4 19 19 6 20 23 5 19 
6 8 7 4 10000 16 2 14 16 18 4 8 12 6 5 14 6 14 14 16 13 6 14 15 8 16 11 12 16 17 10 6 9 1 18 18 3 17 20 6 16 
11 9 18 19 16 10000 15 2 1 13 13 9 6 11 13 17 19 11 4 7 16 12 6 5 9 13 7 9 17 19 6 12 9 16 18 16 14 10 7 19 7 
5 7 7 5 2 15 10000 14 15 17 4 8 12 5 5 12 5 13 13 14 12 4 14 14 8 15 10 12 15 16 10 6 8 2 17 16 2 16 19 6 15 
10 7 17 18 14 2 14 10000 2 13 11 7 5 9 11 16 17 10 3 7 15 10 5 5 8 13 5 8 17 18 5 10 8 15 18 16 13 11 8 17 7 
11 9 18 19 16 1 15 2 10000 13 13 8 6 11 12 17 18 11 4 7 16 12 6 5 9 13 6 9 17 19 6 11 9 16 18 16 14 10 7 19 7 
13 13 15 20 18 13 17 13 13 10000 17 15 17 16 18 9 16 4 11 7 7 13 17 9 16 2 15 19 7 8 13 18 17 18 6 4 15 3 9 16 7 
4 5 10 7 4 13 4 11 13 17 10000 5 9 3 2 14 9 13 11 13 14 4 11 13 5 15 7 8 16 17 7 3 5 4 18 17 4 15 18 9 14 
5 3 13 12 8 9 8 7 8 15 5 10000 5 3 4 15 12 12 7 11 14 6 7 9 1 14 3 5 17 18 3 3 2 9 18 17 7 13 14 12 11 
9 6 17 16 12 6 12 5 6 17 9 5 10000 7 8 18 16 13 7 11 17 10 2 8 5 15 3 4 19 20 5 7 5 13 20 19 12 14 12 17 11 
3 3 10 9 6 11 5 9 11 16 3 3 7 10000 3 14 10 12 9 12 13 4 9 11 3 14 5 7 16 17 5 3 4 6 17 16 5 14 16 10 12 
5 5 11 8 5 13 5 11 12 18 2 4 8 3 10000 15 10 14 11 14 15 6 10 13 4 16 7 7 18 18 7 2 4 5 19 18 6 16 18 10 14 
11 13 8 14 14 17 12 16 17 9 14 15 18 14 15 10000 10 8 14 12 2 10 19 13 15 7 16 20 3 4 14 16 16 14 6 6 11 10 16 10 12 
8 11 2 5 6 19 5 17 18 16 9 12 16 10 10 10 10000 13 16 16 10 7 18 17 12 14 14 16 13 13 13 11 13 6 15 15 5 16 21 1 16 
9 10 12 17 14 11 13 10 11 4 13 12 13 12 14 8 13 10000 8 4 6 9 14 7 12 3 11 15 7 9 9 14 13 14 8 6 12 3 9 14 5 
9 7 15 17 14 4 13 3 4 11 11 7 7 9 11 14 16 8 10000 5 12 9 7 2 8 10 6 10 14 16 4 10 8 14 15 13 12 8 7 16 5 
10 9 15 18 16 7 14 7 7 7 13 11 11 12 14 12 16 4 5 10000 10 11 11 3 11 6 10 14 11 12 8 13 12 16 12 10 13 4 5 16 1 
10 12 9 15 13 16 12 15 16 7 14 14 17 13 15 2 10 6 12 10 10000 10 18 12 14 5 15 18 3 4 13 15 15 13 5 5 11 8 15 10 10 
1 4 7 9 6 12 4 10 12 13 4 6 10 4 6 10 7 9 9 11 10 10000 11 10 6 11 8 10 13 13 6 6 7 6 14 13 3 12 15 7 11 
11 8 18 18 14 6 14 5 6 17 11 7 2 9 10 19 18 14 7 11 18 11 10000 9 7 16 4 4 20 21 6 9 6 15 21 20 13 15 12 18 11 
10 8 16 18 15 5 14 5 5 9 13 9 8 11 13 13 17 7 2 3 12 10 9 10000 10 9 8 11 13 15 6 12 10 15 14 12 13 6 5 17 3 
5 3 13 11 8 9 8 8 9 16 5 1 5 3 4 15 12 12 8 11 14 6 7 10 10000 14 3 5 17 18 4 3 2 8 18 17 7 14 15 12 11 
11 12 13 18 16 13 15 13 13 2 15 14 15 14 16 7 14 3 10 6 5 11 16 9 14 10000 14 18 6 7 12 16 15 16 6 4 13 4 10 15 7 
7 4 15 14 11 7 10 5 6 15 7 3 3 5 7 16 14 11 6 10 15 8 4 8 3 14 10000 4 17 18 3 6 3 11 19 17 10 13 12 14 10 
10 7 17 15 12 9 12 8 9 19 8 5 4 7 7 20 16 15 10 14 18 10 4 11 5 18 4 10000 21 22 7 6 4 12 22 21 12 17 16 17 14 
13 14 11 17 16 17 15 17 17 7 16 17 19 16 18 3 13 7 14 11 3 13 20 13 17 6 17 21 10000 2 15 18 18 16 3 3 14 9 15 13 11 
14 15 11 18 17 19 16 18 19 8 17 18 20 17 18 4 13 9 16 12 4 13 21 15 18 7 18 22 2 10000 16 19 19 17 3 4 14 10 16 13 13 
6 3 13 14 10 6 10 5 6 13 7 3 5 5 7 14 13 9 4 8 13 6 6 6 4 12 3 7 15 16 10000 6 4 11 16 15 9 11 11 13 8 
6 5 12 10 6 12 6 10 11 18 3 3 7 3 2 16 11 14 10 13 15 6 9 12 3 16 6 6 18 19 6 10000 3 7 20 19 7 16 17 11 13 
6 4 13 12 9 9 8 8 9 17 5 2 5 4 4 16 13 13 8 12 15 7 6 10 2 15 3 4 18 19 4 3 10000 9 19 18 8 15 15 13 12 
6 8 7 4 1 16 2 15 16 18 4 9 13 6 5 14 6 14 14 16 13 6 15 15 8 16 11 12 16 17 11 7 9 10000 18 18 3 17 20 6 16 
15 16 13 19 18 18 17 18 18 6 18 18 20 17 19 6 15 8 15 12 5 14 21 14 18 6 19 22 3 3 16 20 19 18 10000 3 16 9 15 15 12 
14 15 13 19 18 16 16 16 16 4 17 17 19 16 18 6 15 6 13 10 5 13 20 12 17 4 17 21 3 4 15 19 18 18 3 10000 15 7 13 15 10 
4 6 6 6 3 14 2 13 14 15 4 7 12 5 6 11 5 12 12 13 11 3 13 13 7 13 10 12 14 14 9 7 8 3 16 15 10000 14 18 5 13 
12 12 15 20 17 10 16 11 10 3 15 13 14 14 16 10 16 3 8 4 8 12 15 6 14 4 13 17 9 10 11 16 15 17 9 7 14 10000 7 16 4 
15 13 20 23 20 7 19 8 7 9 18 14 12 16 18 16 21 9 7 5 15 15 12 5 15 10 12 16 15 16 11 17 15 20 15 13 18 7 10000 21 5 
8 11 2 5 6 19 6 17 19 16 9 12 17 10 10 10 1 14 16 16 10 7 18 17 12 15 14 17 13 13 13 11 13 6 15 15 5 16 21 10000 16 
10 9 15 19 16 7 15 7 7 7 14 11 11 12 14 12 16 5 5 1 10 11 11 3 11 7 10 14 11 13 8 13 12 16 12 10 13 4 5 16 10000 
