50
10
1000	500	0	1000	7731.000000	5765.000000
9	0	1	3	3256.000000	1448.000000
9	4	2	8	1722.000000	3247.000000
10	7	4	4	2621.000000	9248.000000
8	1	4	7	896.000000	1078.000000
8	3	3	8	3857.000000	4719.000000
7	4	5	5	6408.000000	7604.000000
8	5	0	7	7788.000000	8452.000000
10	9	7	10	1992.000000	1242.000000
8	0	3	3	8737.000000	8502.000000
10	5	1	8	9143.000000	3357.000000
7	7	3	4	1101.000000	1148.000000
8	1	6	6	793.000000	6990.000000
10	3	6	7	8687.000000	8910.000000
9	0	2	4	1233.000000	2108.000000
9	7	1	9	9492.000000	55.000000
8	4	8	8	740.000000	4507.000000
7	2	5	6	3503.000000	5725.000000
8	2	6	6	3468.000000	8995.000000
9	1	9	9	1056.000000	6364.000000
9	2	9	9	743.000000	4261.000000
8	6	7	7	1265.000000	1393.000000
6	1	2	2	818.000000	4930.000000
10	3	6	7	9560.000000	1539.000000
9	2	8	8	3427.000000	6897.000000
6	4	4	5	8289.000000	9861.000000
8	5	1	7	8059.000000	5100.000000
6	5	2	4	4967.000000	8.000000
9	2	0	7	246.000000	1316.000000
9	1	7	7	8299.000000	8235.000000
8	3	3	8	4371.000000	5572.000000
6	5	2	6	4430.000000	1267.000000
10	9	6	7	5573.000000	7712.000000
6	0	4	5	7168.000000	5513.000000
8	1	6	6	2035.000000	6561.000000
8	0	4	8	9306.000000	5879.000000
6	4	2	5	643.000000	3831.000000
9	8	1	6	9217.000000	3498.000000
10	9	7	7	9871.000000	8943.000000
8	1	7	7	9447.000000	4067.000000
8	6	0	5	309.000000	22.000000
10	6	0	0	1853.000000	8187.000000
8	3	5	8	1821.000000	8477.000000
10	6	5	9	7771.000000	4373.000000
6	2	0	2	7297.000000	1584.000000
10	1	1	8	6653.000000	3343.000000
7	3	2	7	3478.000000	508.000000
7	1	1	1	9979.000000	5972.000000
8	8	5	5	7792.000000	5818.000000
10	9	0	8	1123.000000	8381.000000
10	0	3	3	2264.000000	4088.000000
10000 13 14 13 17 9 5 6 15 6 6 17 15 7 15 12 15 9 11 14 15 16 14 10 9 9 2 13 18 6 7 12 6 2 12 4 15 6 8 5 19 13 14 3 9 6 14 5 1 15 12 
13 10000 5 16 5 7 14 17 3 18 13 5 13 19 5 13 8 9 16 11 8 4 9 13 11 20 13 5 7 17 9 3 14 12 11 15 8 13 20 14 7 14 15 11 9 8 2 17 13 15 6 
14 5 10000 13 5 6 13 16 5 18 15 5 8 18 3 17 4 7 13 7 3 4 4 17 9 19 14 10 5 17 8 7 12 12 7 17 3 15 20 16 8 10 11 13 12 10 7 18 14 11 3 
13 16 13 10000 17 10 9 11 17 13 18 17 6 13 15 23 11 8 2 7 11 16 10 21 5 12 14 20 17 12 9 17 7 12 6 15 12 18 15 18 20 3 3 15 18 15 18 17 13 4 11 
17 5 5 17 10000 10 18 21 3 22 18 1 12 23 3 18 7 11 17 11 7 1 8 18 13 23 17 9 2 21 12 8 17 16 12 20 6 18 24 19 3 15 15 16 13 13 6 21 17 15 7 
9 7 6 10 10 10000 8 11 8 13 11 10 8 13 8 15 7 3 9 7 7 9 7 14 5 14 9 10 10 12 2 7 7 7 6 12 7 11 15 12 12 9 9 8 10 7 9 13 9 10 4 
5 14 13 9 18 8 10000 4 16 5 11 17 12 6 16 17 13 7 7 11 14 17 13 14 7 6 6 16 18 4 6 14 2 5 9 7 14 10 8 10 20 10 10 8 13 9 16 8 5 11 11 
6 17 16 11 21 11 4 10000 19 2 11 20 15 3 19 18 17 11 9 15 17 20 16 15 10 3 7 18 21 2 9 16 5 7 13 6 18 11 5 10 23 12 12 9 14 11 19 7 6 14 15 
15 3 5 17 3 8 16 19 10000 20 15 2 12 21 3 16 7 10 16 11 7 2 8 16 12 22 15 7 4 19 10 5 15 14 11 18 6 16 23 16 5 14 15 14 11 11 4 19 15 15 6 
6 18 18 13 22 13 5 2 20 10000 11 22 17 1 20 17 18 12 11 16 19 21 18 15 12 3 7 19 23 2 11 17 7 7 14 6 19 11 3 9 24 14 14 9 15 12 20 6 6 16 16 
6 13 15 18 18 11 11 11 15 11 10000 17 19 12 17 7 17 13 16 18 17 17 17 4 14 14 5 11 19 10 11 11 12 6 16 6 18 1 12 2 19 18 18 4 6 5 13 6 6 19 14 
17 5 5 17 1 10 17 20 2 22 17 10000 12 22 2 17 7 11 17 11 7 1 8 17 13 23 17 9 2 21 12 7 16 15 11 19 6 17 24 18 3 15 15 15 13 12 5 21 17 15 7 
15 13 8 6 12 8 12 15 12 17 19 12 10000 17 10 23 5 6 7 2 6 12 5 21 6 17 16 17 12 16 8 14 10 14 3 18 7 19 19 19 14 4 4 15 17 14 15 19 15 3 7 
7 19 18 13 23 13 6 3 21 1 12 22 17 10000 21 18 19 13 11 17 19 22 18 15 12 3 8 20 23 2 11 18 7 8 15 7 20 11 3 10 25 14 14 10 15 12 20 7 7 16 17 
15 5 3 15 3 8 16 19 3 20 17 2 10 21 10000 18 5 9 15 9 5 2 6 17 11 21 15 9 3 19 10 7 15 14 10 18 4 17 23 17 5 13 13 14 13 12 6 20 16 13 5 
12 13 17 23 18 15 17 18 16 17 7 17 23 18 18 10000 20 17 22 22 20 17 20 3 19 20 11 10 19 17 16 11 18 12 20 12 20 7 18 9 19 23 23 10 6 9 13 12 13 24 17 
15 8 4 11 7 7 13 17 7 18 17 7 5 19 5 20 10000 7 11 4 1 7 1 19 8 19 15 13 7 17 8 10 12 14 5 18 2 18 21 18 10 8 9 15 15 13 10 19 15 8 4 
9 9 7 8 11 3 7 11 10 12 13 11 6 13 9 17 7 10000 7 6 7 10 6 15 3 13 10 12 11 11 2 10 6 8 4 12 7 13 15 13 14 6 7 9 12 8 11 13 9 8 5 
11 16 13 2 17 9 7 9 16 11 16 17 7 11 15 22 11 7 10000 8 11 16 10 20 5 10 13 19 17 10 8 16 5 11 6 14 12 16 13 16 20 4 4 13 17 13 17 15 11 5 11 
14 11 7 7 11 7 11 15 11 16 18 11 2 17 9 22 4 6 8 10000 5 10 3 20 5 17 15 15 11 15 7 13 10 13 2 17 6 18 19 18 13 4 5 15 16 13 13 18 14 5 6 
15 8 3 11 7 7 14 17 7 19 17 7 6 19 5 20 1 7 11 5 10000 6 2 19 8 19 15 12 6 18 8 10 12 14 6 18 1 18 21 18 9 9 9 15 15 12 10 19 15 9 4 
16 4 4 16 1 9 17 20 2 21 17 1 12 22 2 17 7 10 16 10 6 10000 8 17 12 23 16 8 3 20 11 7 16 15 11 19 6 17 23 18 4 14 15 15 13 12 5 20 16 14 6 
14 9 4 10 8 7 13 16 8 18 17 8 5 18 6 20 1 6 10 3 2 8 10000 19 7 18 15 13 8 17 8 11 12 13 5 18 3 18 20 18 10 7 8 14 15 13 11 19 15 7 4 
10 13 17 21 18 14 14 15 16 15 4 17 21 15 17 3 19 15 20 20 19 17 19 10000 17 17 8 10 19 14 14 11 15 10 19 9 19 4 15 6 19 21 21 7 5 7 13 9 10 22 16 
9 11 9 5 13 5 7 10 12 12 14 13 6 12 11 19 8 3 5 5 8 12 7 17 10000 12 10 15 13 11 4 12 5 8 3 12 9 14 14 14 16 5 5 11 14 10 13 14 9 6 7 
9 20 19 12 23 14 6 3 22 3 14 23 17 3 21 20 19 13 10 17 19 23 18 17 12 10000 10 21 24 4 12 19 7 9 15 9 20 13 4 12 26 14 14 12 17 14 22 9 9 15 17 
2 13 14 14 17 9 6 7 15 7 5 17 16 8 15 11 15 10 13 15 15 16 15 8 10 10 10000 12 18 7 8 11 8 2 13 3 16 4 9 4 19 14 15 2 8 5 13 5 2 16 12 
13 5 10 20 9 10 16 18 7 19 11 9 17 20 9 10 13 12 19 15 12 8 13 10 15 21 12 10000 10 18 12 3 16 12 15 15 12 11 21 13 10 18 19 11 6 8 4 16 13 19 10 
18 7 5 17 2 10 18 21 4 23 19 2 12 23 3 19 7 11 17 11 6 3 8 19 13 24 18 10 10000 22 12 9 17 17 12 21 6 19 25 20 3 15 15 17 15 14 7 22 18 15 7 
6 17 17 12 21 12 4 2 19 2 10 21 16 2 19 17 17 11 10 15 18 20 17 14 11 4 7 18 22 10000 10 16 6 6 13 6 18 10 4 9 23 13 13 8 14 11 19 6 5 15 15 
7 9 8 9 12 2 6 9 10 11 11 12 8 11 10 16 8 2 8 7 8 11 8 14 4 12 8 12 12 10 10000 9 5 6 6 10 9 11 13 11 14 8 8 8 10 7 11 12 7 9 6 
12 3 7 17 8 7 14 16 5 17 11 7 14 18 7 11 10 10 16 13 10 7 11 11 12 19 11 3 9 16 9 10000 14 11 12 14 10 11 19 12 9 15 16 10 6 7 3 15 12 16 8 
6 14 12 7 17 7 2 5 15 7 12 16 10 7 15 18 12 6 5 10 12 16 12 15 5 7 8 16 17 6 5 14 10000 6 8 9 13 12 9 11 19 8 8 8 13 10 16 10 6 10 10 
2 12 12 12 16 7 5 7 14 7 6 15 14 8 14 12 14 8 11 13 14 15 13 10 8 9 2 12 17 6 6 11 6 10000 11 5 14 6 9 6 18 12 13 3 8 5 13 6 2 14 11 
12 11 7 6 12 6 9 13 11 14 16 11 3 15 10 20 5 4 6 2 6 11 5 19 3 15 13 15 12 13 6 12 8 11 10000 15 7 16 17 16 14 4 4 13 15 12 13 16 12 5 5 
4 15 17 15 20 12 7 6 18 6 6 19 18 7 18 12 18 12 14 17 18 19 18 9 12 9 3 15 21 6 10 14 9 5 15 10000 18 5 7 4 22 16 16 5 10 8 16 2 4 18 15 
15 8 3 12 6 7 14 18 6 19 18 6 7 20 4 20 2 7 12 6 1 6 3 19 9 20 16 12 6 18 9 10 13 14 7 18 10000 18 22 18 8 10 10 15 15 13 9 20 15 10 4 
6 13 15 18 18 11 10 11 16 11 1 17 19 11 17 7 18 13 16 18 18 17 18 4 14 13 4 11 19 10 11 11 12 6 16 5 18 10000 11 2 20 18 18 4 6 6 13 6 6 19 14 
8 20 20 15 24 15 8 5 23 3 12 24 19 3 23 18 21 15 13 19 21 23 20 15 14 4 9 21 25 4 13 19 9 9 17 7 22 11 10000 10 27 17 17 11 16 13 22 6 8 18 19 
5 14 16 18 19 12 10 10 16 9 2 18 19 10 17 9 18 13 16 18 18 18 18 6 14 12 4 13 20 9 11 12 11 6 16 4 18 2 10 10000 20 18 18 4 7 6 14 4 5 19 15 
19 7 8 20 3 12 20 23 5 24 19 3 14 25 5 19 10 14 20 13 9 4 10 19 16 26 19 10 3 23 14 9 19 18 14 22 8 20 27 20 10000 17 18 18 15 15 7 23 19 17 10 
13 14 10 3 15 9 10 12 14 14 18 15 4 14 13 23 8 6 4 4 9 14 7 21 5 14 14 18 15 13 8 15 8 12 4 16 10 18 17 18 17 10000 1 15 18 14 16 17 13 2 9 
14 15 11 3 15 9 10 12 15 14 18 15 4 14 13 23 9 7 4 5 9 15 8 21 5 14 15 19 15 13 8 16 8 13 4 16 10 18 17 18 18 1 10000 15 18 15 17 18 14 2 9 
3 11 13 15 16 8 8 9 14 9 4 15 15 10 14 10 15 9 13 15 15 15 14 7 11 12 2 11 17 8 8 10 8 3 13 5 15 4 11 4 18 15 15 10000 6 4 12 6 3 16 12 
9 9 12 18 13 10 13 14 11 15 6 13 17 15 13 6 15 12 17 16 15 13 15 5 14 17 8 6 15 14 10 6 13 8 15 10 15 6 16 7 15 18 18 6 10000 4 8 11 9 19 12 
6 8 10 15 13 7 9 11 11 12 5 12 14 12 12 9 13 8 13 13 12 12 13 7 10 14 5 8 14 11 7 7 10 5 12 8 13 6 13 6 15 14 15 4 4 10000 9 9 6 15 9 
14 2 7 18 6 9 16 19 4 20 13 5 15 20 6 13 10 11 17 13 10 5 11 13 13 22 13 4 7 19 11 3 16 13 13 16 9 13 22 14 7 16 17 12 8 9 10000 17 14 17 8 
5 17 18 17 21 13 8 7 19 6 6 21 19 7 20 12 19 13 15 18 19 20 19 9 14 9 5 16 22 6 12 15 10 6 16 2 20 6 6 4 23 17 18 6 11 9 17 10000 5 19 16 
1 13 14 13 17 9 5 6 15 6 6 17 15 7 16 13 15 9 11 14 15 16 15 10 9 9 2 13 18 5 7 12 6 2 12 4 15 6 8 5 19 13 14 3 9 6 14 5 10000 15 12 
15 15 11 4 15 10 11 14 15 16 19 15 3 16 13 24 8 8 5 5 9 14 7 22 6 15 16 19 15 15 9 16 10 14 5 18 10 19 18 19 17 2 2 16 19 15 17 19 15 10000 9 
12 6 3 11 7 4 11 15 6 16 14 7 7 17 5 17 4 5 11 6 4 6 4 16 7 17 12 10 7 15 6 8 10 11 5 15 4 14 19 15 10 9 9 12 12 9 8 16 12 9 10000 
