40
10
1000	500	0	1000	3517.000000	1.000000
10	4	3	3	1344.000000	8431.000000
9	4	1	6	4835.000000	4292.000000
6	2	1	3	2999.000000	7216.000000
6	6	5	6	2869.000000	86.000000
10	4	6	9	1845.000000	827.000000
6	6	1	6	9310.000000	1053.000000
9	9	8	8	449.000000	5111.000000
6	5	4	4	6429.000000	7565.000000
7	7	5	7	6982.000000	7882.000000
8	6	1	5	5046.000000	6037.000000
9	5	2	5	245.000000	3276.000000
8	6	8	8	3690.000000	9164.000000
8	6	8	8	8580.000000	1034.000000
7	6	5	5	2256.000000	7776.000000
6	3	2	5	7980.000000	3912.000000
10	0	7	10	6446.000000	2231.000000
8	2	1	3	5605.000000	1226.000000
7	5	3	6	5886.000000	2588.000000
8	2	1	3	8713.000000	4483.000000
9	6	1	2	6690.000000	9717.000000
6	4	5	5	2824.000000	978.000000
7	5	7	7	5568.000000	3412.000000
10	7	4	5	5777.000000	2800.000000
10	4	3	7	2040.000000	6266.000000
9	6	1	3	2091.000000	3525.000000
8	2	3	4	1381.000000	8700.000000
9	1	5	7	1550.000000	3631.000000
8	1	1	7	779.000000	7568.000000
9	6	4	4	3669.000000	4791.000000
6	6	5	5	2652.000000	3915.000000
7	3	7	7	624.000000	6439.000000
9	3	6	6	2053.000000	6350.000000
8	5	5	5	6771.000000	710.000000
6	6	5	6	192.000000	7975.000000
9	2	2	6	4296.000000	1893.000000
6	2	3	3	6337.000000	2032.000000
10	5	9	9	4191.000000	1223.000000
9	4	7	9	4353.000000	5284.000000
6	1	2	6	4696.000000	8857.000000
8	7	0	0	0.000000	5559.000000
10000 18 9 15 2 4 12 12 17 18 13 10 19 11 16 12 8 5 8 14 21 3 8 8 13 8 18 9 17 10 9 15 14 7 18 5 7 3 11 18 14 
18 10000 11 5 17 16 22 7 11 12 9 11 5 21 3 17 17 17 15 17 11 16 14 15 5 10 1 10 3 9 10 5 5 19 3 15 17 16 9 7 7 
9 11 10000 7 10 10 12 9 8 9 4 10 11 10 9 7 6 7 5 8 12 8 3 4 7 6 12 7 11 3 5 10 7 9 12 5 6 7 3 10 10 
15 5 7 10000 15 13 18 7 7 9 5 10 5 17 2 12 13 14 11 13 9 13 10 11 3 8 5 8 5 6 7 5 3 16 6 11 13 13 5 5 7 
2 17 10 15 10000 3 14 12 17 18 13 9 19 12 16 13 9 6 8 15 21 2 9 8 13 8 18 8 16 10 8 14 13 8 17 5 8 4 11 18 13 
4 16 10 13 3 10000 15 10 17 18 13 6 18 14 14 14 10 8 9 16 21 2 10 9 11 6 16 6 14 9 7 12 12 10 15 6 10 5 11 18 11 
12 22 12 18 14 15 10000 20 15 15 14 19 20 2 20 7 7 8 8 7 19 13 9 8 18 16 23 17 22 14 15 21 18 6 23 11 7 11 14 19 21 
12 7 9 7 12 10 20 10000 13 15 10 4 11 19 7 16 14 13 12 17 16 10 11 12 4 5 8 4 5 7 6 3 5 16 6 11 14 11 8 12 2 
17 11 8 7 17 17 15 13 10000 2 5 16 7 14 9 8 11 13 11 8 5 16 9 10 10 12 11 13 12 8 11 12 10 14 13 13 12 14 7 5 14 
18 12 9 9 18 18 15 15 2 10000 6 17 8 15 10 9 12 14 11 8 4 17 10 11 11 14 12 14 13 10 12 14 11 15 14 14 12 15 8 5 15 
13 9 4 5 13 13 14 10 5 6 10000 12 7 13 7 8 9 10 8 8 9 12 6 7 7 8 10 9 10 4 7 9 7 12 11 9 9 10 3 6 11 
10 11 10 10 9 6 19 4 16 17 12 10000 14 18 10 16 13 12 12 18 19 7 11 12 7 4 12 3 9 8 5 7 8 15 10 9 13 9 10 15 5 
19 5 11 5 19 18 20 11 7 8 7 14 10000 19 4 14 15 17 14 14 7 17 13 14 7 12 5 12 7 9 11 9 7 18 8 15 16 16 8 3 11 
11 21 10 17 12 14 2 19 14 15 13 18 19 10000 19 6 5 6 7 7 18 12 8 7 17 14 22 15 21 13 14 20 17 4 22 9 5 9 12 18 20 
16 3 9 2 16 14 20 7 9 10 7 10 4 19 10000 14 14 15 13 15 10 14 11 13 4 9 3 9 3 7 8 5 3 17 5 13 15 14 7 6 7 
12 17 7 12 13 14 7 16 8 9 8 16 14 6 14 10000 5 8 5 2 12 12 5 5 13 12 17 13 17 9 11 16 13 7 18 9 5 10 8 12 17 
8 17 6 13 9 10 7 14 11 12 9 13 15 5 14 5 10000 3 2 7 15 8 3 2 12 10 17 11 16 8 9 15 13 4 17 5 1 5 8 14 15 
5 17 7 14 6 8 8 13 13 14 10 12 17 6 15 8 3 10000 3 10 18 6 5 4 13 9 18 10 16 9 8 15 13 3 18 3 3 3 9 16 15 
8 15 5 11 8 9 8 12 11 11 8 12 14 7 13 5 2 3 10000 7 15 7 2 1 11 8 16 9 15 7 7 14 11 5 16 4 2 5 7 13 14 
14 17 8 13 15 16 7 17 8 8 8 18 14 7 15 2 7 10 7 10000 12 14 7 7 14 14 17 15 18 11 13 17 14 9 19 11 7 12 9 12 18 
21 11 12 9 21 21 19 16 5 4 9 19 7 18 10 12 15 18 15 12 10000 20 13 14 12 16 11 16 13 12 15 14 12 19 14 17 16 18 11 5 16 
3 16 8 13 2 2 13 10 16 17 12 7 17 12 14 12 8 6 7 14 20 10000 8 7 11 6 16 6 14 8 6 12 11 8 15 4 8 3 10 17 11 
8 14 3 10 9 10 9 11 9 10 6 11 13 8 11 5 3 5 2 7 13 8 10000 2 10 7 14 9 13 5 6 12 10 6 15 4 4 6 5 12 12 
8 15 4 11 8 9 8 12 10 11 7 12 14 7 13 5 2 4 1 7 14 7 2 10000 11 8 15 9 14 6 7 13 11 5 16 4 2 5 6 13 13 
13 5 7 3 13 11 18 4 10 11 7 7 7 17 4 13 12 13 11 14 12 11 10 11 10000 6 6 6 4 5 5 3 1 15 6 10 13 11 6 8 5 
8 10 6 8 8 6 16 5 12 14 8 4 12 14 9 12 10 9 8 14 16 6 7 8 6 10000 11 2 9 5 2 7 6 11 10 6 10 7 6 12 6 
18 1 12 5 18 16 23 8 11 12 10 12 5 22 3 17 17 18 16 17 11 16 14 15 6 11 10000 11 3 10 10 5 5 20 3 15 17 16 10 7 7 
9 10 7 8 8 6 17 4 13 14 9 3 12 15 9 13 11 10 9 15 16 6 9 9 6 2 11 10000 9 5 3 6 6 12 10 7 11 8 7 13 5 
17 3 11 5 16 14 22 5 12 13 10 9 7 21 3 17 16 16 15 18 13 14 13 14 4 9 3 9 10000 9 9 3 4 19 2 14 16 15 9 9 5 
10 9 3 6 10 9 14 7 8 10 4 8 9 13 7 9 8 9 7 11 12 8 5 6 5 5 10 5 9 10000 3 7 5 11 10 6 8 8 2 9 8 
9 10 5 7 8 7 15 6 11 12 7 5 11 14 8 11 9 8 7 13 15 6 6 7 5 2 10 3 9 3 10000 7 6 11 10 6 9 7 5 11 7 
15 5 10 5 14 12 21 3 12 14 9 7 9 20 5 16 15 15 14 17 14 12 12 13 3 7 5 6 3 7 7 10000 3 17 4 12 15 13 8 10 3 
14 5 7 3 13 12 18 5 10 11 7 8 7 17 3 13 13 13 11 14 12 11 10 11 1 6 5 6 4 5 6 3 10000 15 5 10 13 12 6 8 5 
7 19 9 16 8 10 6 16 14 15 12 15 18 4 17 7 4 3 5 9 19 8 6 5 15 11 20 12 19 11 11 17 15 10000 20 6 3 6 11 17 17 
18 3 12 6 17 15 23 6 13 14 11 10 8 22 5 18 17 18 16 19 14 15 15 16 6 10 3 10 2 10 10 4 5 20 10000 15 18 16 10 10 5 
5 15 5 11 5 6 11 11 13 14 9 9 15 9 13 9 5 3 4 11 17 4 4 4 10 6 15 7 14 6 6 12 10 6 15 10000 5 2 7 14 12 
7 17 6 13 8 10 7 14 12 12 9 13 16 5 15 5 1 3 2 7 16 8 4 2 13 10 17 11 16 8 9 15 13 3 18 5 10000 5 8 15 15 
3 16 7 13 4 5 11 11 14 15 10 9 16 9 14 10 5 3 5 12 18 3 6 5 11 7 16 8 15 8 7 13 12 6 16 2 5 10000 9 16 13 
11 9 3 5 11 11 14 8 7 8 3 10 8 12 7 8 8 9 7 9 11 10 5 6 6 6 10 7 9 2 5 8 6 11 10 7 8 9 10000 8 9 
18 7 10 5 18 18 19 12 5 5 6 15 3 18 6 12 14 16 13 12 5 17 12 13 8 12 7 13 9 9 11 10 8 17 10 14 15 16 8 10000 12 
14 7 10 7 13 11 21 2 14 15 11 5 11 20 7 17 15 15 14 18 16 11 12 13 5 6 7 5 5 8 7 3 5 17 5 12 15 13 9 12 10000 
