50
10
1000	500	0	1000	201.000000	9838.000000
9	8	2	3	1442.000000	2813.000000
9	9	8	9	8651.000000	4919.000000
9	0	9	9	483.000000	4392.000000
6	2	3	3	3343.000000	4459.000000
8	7	0	5	5700.000000	403.000000
8	0	0	6	816.000000	6810.000000
10	5	10	10	1111.000000	4524.000000
10	0	1	6	919.000000	4873.000000
7	6	0	1	6629.000000	5675.000000
6	5	1	2	7543.000000	8222.000000
6	1	5	5	2131.000000	6681.000000
6	4	2	3	3737.000000	6090.000000
10	7	9	9	718.000000	9696.000000
7	1	3	5	6361.000000	7745.000000
9	1	1	4	1450.000000	8228.000000
9	7	9	9	6213.000000	9799.000000
8	1	6	6	7675.000000	9042.000000
10	6	4	7	4299.000000	9583.000000
9	9	5	5	6142.000000	2710.000000
7	4	2	7	1930.000000	8109.000000
6	2	2	2	887.000000	7796.000000
6	5	2	6	6332.000000	3713.000000
8	1	7	7	9846.000000	1249.000000
8	4	1	5	6701.000000	3303.000000
7	0	2	4	293.000000	33.000000
8	5	4	8	1348.000000	4176.000000
8	2	2	8	7264.000000	7173.000000
6	0	4	4	5725.000000	1480.000000
7	2	2	3	5503.000000	3843.000000
9	6	3	3	8801.000000	2952.000000
10	7	2	6	2513.000000	4535.000000
10	5	8	8	6959.000000	7737.000000
7	4	0	6	2381.000000	937.000000
9	3	6	6	8384.000000	9854.000000
9	0	6	9	5636.000000	3713.000000
8	6	8	8	7117.000000	3526.000000
8	6	2	5	4369.000000	3339.000000
9	0	5	9	9348.000000	1183.000000
6	0	0	1	1500.000000	8118.000000
10	4	9	10	8758.000000	5565.000000
8	5	4	4	4490.000000	7773.000000
9	0	7	9	2841.000000	3997.000000
8	2	4	8	3850.000000	737.000000
10	10	10	10	7.000000	321.000000
10	3	1	2	4863.000000	3949.000000
8	3	7	7	3238.000000	5712.000000
8	0	4	6	1341.000000	749.000000
8	3	7	8	6016.000000	1111.000000
7	2	1	5	1368.000000	9917.000000
10	1	6	6	7613.000000	4858.000000
10000 15 20 11 13 22 7 11 11 16 16 8 11 2 14 5 13 16 9 19 5 5 18 26 19 20 12 16 21 17 23 12 15 19 17 17 19 16 26 5 20 10 13 20 20 16 11 19 21 3 18 
15 10000 16 4 6 10 9 4 5 12 17 8 9 14 14 11 17 18 15 10 11 11 10 18 11 7 3 15 9 9 15 5 15 5 20 9 12 6 17 11 16 12 4 7 6 8 7 5 10 15 14 
20 16 10000 17 11 11 17 16 16 5 7 14 11 19 8 16 11 9 13 7 15 17 6 8 6 20 15 6 10 7 4 13 7 15 10 7 5 10 8 16 2 11 12 13 20 8 11 17 10 18 3 
11 4 17 10000 6 14 5 2 2 13 17 6 8 11 14 8 16 18 13 12 8 7 12 20 13 9 2 15 12 11 17 5 15 8 20 11 14 9 19 8 17 11 5 10 9 9 7 8 13 12 15 
13 6 11 6 10000 10 7 5 5 8 12 6 4 12 9 9 13 13 11 7 8 9 7 15 8 11 5 10 8 5 12 2 10 8 15 5 8 4 14 9 12 8 2 8 11 4 3 9 9 12 9 
22 10 11 14 10 10000 17 13 14 11 17 15 13 22 15 18 19 18 19 5 18 18 7 9 7 11 12 14 3 7 9 11 15 7 20 7 7 7 8 18 12 15 10 4 12 8 12 9 2 21 10 
7 9 17 5 7 17 10000 5 4 12 14 3 7 6 12 4 13 15 9 14 4 2 13 22 14 14 6 13 15 12 18 6 13 13 17 12 15 10 21 3 17 8 7 14 14 10 6 13 16 7 15 
11 4 16 2 5 13 5 10000 1 12 15 5 7 11 13 8 15 16 12 11 8 7 11 19 12 10 1 14 12 9 16 3 14 8 19 10 13 7 18 8 16 10 4 10 9 8 5 8 12 11 14 
11 5 16 2 5 14 4 1 10000 12 15 5 7 10 13 7 15 16 12 12 7 6 12 20 12 10 2 14 12 10 17 4 14 9 18 10 13 8 19 7 16 10 5 11 10 9 5 9 13 11 14 
16 12 5 13 8 11 12 12 12 10000 6 10 6 15 5 12 9 8 10 7 11 13 4 11 5 17 11 4 9 5 7 9 5 13 10 5 5 7 11 12 5 6 9 12 18 5 7 15 10 14 3 
16 17 7 17 12 17 14 15 15 6 10000 12 9 14 3 13 5 2 8 12 12 14 10 15 10 22 15 3 14 10 11 13 2 18 4 10 10 12 15 13 6 7 13 17 22 11 10 20 15 13 7 
8 8 14 6 6 15 3 5 5 10 12 10000 4 7 9 4 11 13 8 12 3 4 11 19 12 14 6 11 13 9 16 5 10 12 15 10 12 9 19 4 14 6 6 13 14 8 3 12 14 7 12 
11 9 11 8 4 13 7 7 7 6 9 4 10000 10 7 7 9 10 8 9 6 7 8 16 9 14 7 8 11 6 12 4 8 11 12 7 9 6 15 7 11 4 5 11 14 5 2 12 11 10 9 
2 14 19 11 12 22 6 11 10 15 14 7 10 10000 12 4 11 14 8 18 4 4 17 25 18 20 12 15 20 16 22 11 14 18 16 16 18 15 25 4 19 9 13 19 19 15 10 18 21 2 17 
14 14 8 14 9 15 12 13 13 5 3 9 7 12 10000 10 5 4 6 11 9 11 9 15 9 20 13 3 13 8 11 11 2 16 6 9 9 10 15 10 7 4 11 15 20 9 8 18 14 11 7 
5 11 16 8 9 18 4 8 7 12 13 4 7 4 10 10000 11 13 7 15 1 2 14 22 15 17 9 12 16 12 19 8 12 15 15 13 15 12 22 1 16 7 9 16 17 11 7 15 17 4 15 
13 17 11 16 13 19 13 15 15 9 5 11 9 11 5 11 10000 4 4 15 10 12 13 19 14 23 15 6 17 12 15 13 5 20 5 13 13 14 19 11 10 6 14 19 23 13 11 21 18 10 11 
16 18 9 18 13 18 15 16 16 8 2 13 10 14 4 13 4 10000 7 14 12 14 11 17 12 24 16 4 16 12 13 14 3 20 3 12 12 14 17 13 8 7 14 19 24 12 12 21 17 13 9 
9 15 13 13 11 19 9 12 12 10 8 8 8 8 6 7 4 7 10000 15 6 8 13 21 14 21 13 8 17 12 17 11 7 18 9 13 14 13 20 7 13 4 12 18 21 12 9 19 18 6 12 
19 10 7 12 7 5 14 11 12 7 12 12 9 18 11 15 15 14 15 10000 14 15 3 8 2 13 11 10 3 3 6 9 11 9 15 3 3 4 8 15 8 11 8 7 14 4 9 11 4 18 6 
5 11 15 8 8 18 4 8 7 11 12 3 6 4 9 1 10 12 6 14 10000 3 13 21 14 17 8 11 16 12 18 8 11 15 14 12 14 11 21 1 15 6 9 16 17 11 6 15 17 4 14 
5 11 17 7 9 18 2 7 6 13 14 4 7 4 11 2 12 14 8 15 3 10000 14 23 15 16 8 13 16 13 19 8 13 15 16 13 16 12 22 2 17 8 9 16 16 12 7 15 17 5 15 
18 10 6 12 7 7 13 11 12 4 10 11 8 17 9 14 13 11 13 3 13 14 10000 9 2 15 11 8 5 2 6 8 9 10 13 2 2 4 8 14 7 9 8 8 15 3 8 12 6 16 4 
26 18 8 20 15 9 22 19 20 11 15 19 16 25 15 22 19 17 21 8 21 23 9 10000 8 20 18 13 9 11 4 17 15 15 18 10 8 12 2 22 9 17 16 13 20 12 16 18 8 25 9 
19 11 6 13 8 7 14 12 12 5 10 12 9 18 9 15 14 12 14 2 14 15 2 8 10000 15 11 8 5 3 5 9 9 10 14 3 1 5 7 15 7 10 8 8 15 4 9 12 5 17 4 
20 7 20 9 11 11 14 10 10 17 22 14 14 20 20 17 23 24 21 13 17 16 15 20 15 10000 9 20 12 13 18 11 21 5 26 13 16 11 19 17 21 18 10 8 1 13 13 3 12 20 18 
12 3 15 2 5 12 6 1 2 11 15 6 7 12 13 9 15 16 13 11 8 8 11 18 11 9 10000 14 11 9 16 3 14 7 19 9 12 7 18 8 16 10 4 9 9 8 5 7 12 12 13 
16 15 6 15 10 14 13 14 14 4 3 11 8 15 3 12 6 4 8 10 11 13 8 13 8 20 14 10000 12 8 9 11 2 16 6 8 8 10 13 12 5 6 11 15 20 9 9 18 13 14 5 
21 9 10 12 8 3 15 12 12 9 14 13 11 20 13 16 17 16 17 3 16 16 5 9 5 12 11 12 10000 5 7 9 13 7 18 5 5 5 8 16 11 13 8 5 12 6 10 9 1 19 8 
17 9 7 11 5 7 12 9 10 5 10 9 6 16 8 12 12 12 12 3 12 13 2 11 3 13 9 8 5 10000 7 7 9 9 14 1 4 3 10 12 8 9 6 8 14 2 6 11 6 15 5 
23 15 4 17 12 9 18 16 17 7 11 16 12 22 11 19 15 13 17 6 18 19 6 4 5 18 16 9 7 7 10000 13 11 14 14 7 4 9 4 18 6 13 13 11 19 9 13 16 7 21 5 
12 5 13 5 2 11 6 3 4 9 13 5 4 11 11 8 13 14 11 9 8 8 8 17 9 11 3 11 9 7 13 10000 11 8 16 7 10 5 16 8 13 8 2 9 10 5 3 8 10 12 11 
15 15 7 15 10 15 13 14 14 5 2 10 8 14 2 12 5 3 7 11 11 13 9 15 9 21 14 2 13 9 11 11 10000 17 6 9 9 11 14 11 6 5 12 16 21 9 9 18 14 13 6 
19 5 15 8 8 7 13 8 9 13 18 12 11 18 16 15 20 20 18 9 15 15 10 15 10 5 7 16 7 9 14 8 17 10000 22 9 11 7 14 15 16 15 7 3 5 8 10 3 8 19 14 
17 20 10 20 15 20 17 19 18 10 4 15 12 16 6 15 5 3 9 15 14 16 13 18 14 26 19 6 18 14 14 16 6 22 10000 14 13 16 18 15 9 9 17 21 26 14 14 24 19 15 11 
17 9 7 11 5 7 12 10 10 5 10 10 7 16 9 13 13 12 13 3 12 13 2 10 3 13 9 8 5 1 7 7 9 9 14 10000 3 3 9 13 8 9 6 7 14 2 7 11 6 16 5 
19 12 5 14 8 7 15 13 13 5 10 12 9 18 9 15 13 12 14 3 14 16 2 8 1 16 12 8 5 4 4 10 9 11 13 3 10000 6 7 15 6 10 9 9 16 5 9 13 6 18 3 
16 6 10 9 4 7 10 7 8 7 12 9 6 15 10 12 14 14 13 4 11 12 4 12 5 11 7 10 5 3 9 5 11 7 16 3 6 10000 11 12 10 9 4 6 11 2 6 8 6 15 8 
26 17 8 19 14 8 21 18 19 11 15 19 15 25 15 22 19 17 20 8 21 22 8 2 7 19 18 13 8 10 4 16 14 14 18 9 7 11 10000 21 9 17 15 12 19 11 16 17 7 24 9 
5 11 16 8 9 18 3 8 7 12 13 4 7 4 10 1 11 13 7 15 1 2 14 22 15 17 8 12 16 12 18 8 11 15 15 13 15 12 21 10000 16 7 9 16 16 11 6 15 17 4 14 
20 16 2 17 12 12 17 16 16 5 6 14 11 19 7 16 10 8 13 8 15 17 7 9 7 21 16 5 11 8 6 13 6 16 9 8 6 10 9 16 10000 10 13 14 21 9 12 18 11 18 3 
10 12 11 11 8 15 8 10 10 6 7 6 4 9 4 7 6 7 4 11 6 8 9 17 10 18 10 6 13 9 13 8 5 15 9 9 10 9 17 7 10 10000 9 15 18 8 5 16 14 8 9 
13 4 12 5 2 10 7 4 5 9 13 6 5 13 11 9 14 14 12 8 9 9 8 16 8 10 4 11 8 6 13 2 12 7 17 6 9 4 15 9 13 9 10000 7 10 5 4 8 9 13 10 
20 7 13 10 8 4 14 10 11 12 17 13 11 19 15 16 19 19 18 7 16 16 8 13 8 8 9 15 5 8 11 9 16 3 21 7 9 6 12 16 14 15 7 10000 8 7 11 6 5 20 12 
20 6 20 9 11 12 14 9 10 18 22 14 14 19 20 17 23 24 21 14 17 16 15 20 15 1 9 20 12 14 19 10 21 5 26 14 16 11 19 16 21 18 10 8 10000 13 13 3 13 20 18 
16 8 8 9 4 8 10 8 9 5 11 8 5 15 9 11 13 12 12 4 11 12 3 12 4 13 8 9 6 2 9 5 9 8 14 2 5 2 11 11 9 8 5 7 13 10000 5 10 7 14 6 
11 7 11 7 3 12 6 5 5 7 10 3 2 10 8 7 11 12 9 9 6 7 8 16 9 13 5 9 10 6 13 3 9 10 14 7 9 6 16 6 12 5 4 11 13 5 10000 11 11 10 9 
19 5 17 8 9 9 13 8 9 15 20 12 12 18 18 15 21 21 19 11 15 15 12 18 12 3 7 18 9 11 16 8 18 3 24 11 13 8 17 15 18 16 8 6 3 10 11 10000 10 19 15 
21 10 10 13 9 2 16 12 13 10 15 14 11 21 14 17 18 17 18 4 17 17 6 8 5 12 12 13 1 6 7 10 14 8 19 6 6 6 7 17 11 14 9 5 13 7 11 10 10000 20 9 
3 15 18 12 12 21 7 11 11 14 13 7 10 2 11 4 10 13 6 18 4 5 16 25 17 20 12 14 19 15 21 12 13 19 15 16 18 15 24 4 18 8 13 20 20 14 10 19 20 10000 17 
18 14 3 15 9 10 15 14 14 3 7 12 9 17 7 15 11 9 12 6 14 15 4 9 4 18 13 5 8 5 5 11 6 14 11 5 3 8 9 14 3 9 10 12 18 6 9 15 9 17 10000 
