40
10
1000	500	0	1000	3082.000000	3380.000000
10	10	2	3	6819.000000	1154.000000
7	0	5	7	405.000000	5339.000000
8	6	5	8	2820.000000	174.000000
10	7	0	6	9242.000000	1748.000000
10	10	7	7	490.000000	1890.000000
8	7	0	2	4703.000000	6807.000000
8	0	3	6	7104.000000	2954.000000
10	7	8	8	1848.000000	739.000000
7	3	3	5	3071.000000	8923.000000
7	3	1	7	7267.000000	793.000000
9	1	9	9	4916.000000	3031.000000
6	5	0	4	1963.000000	3957.000000
8	7	4	4	3405.000000	176.000000
10	10	6	9	6695.000000	6719.000000
7	2	7	7	7883.000000	3087.000000
10	4	6	6	4363.000000	2420.000000
6	6	0	5	4733.000000	2133.000000
10	0	10	10	1286.000000	8995.000000
6	0	4	5	1429.000000	1282.000000
9	1	8	9	2343.000000	1219.000000
9	0	1	6	8985.000000	600.000000
6	0	6	6	8657.000000	9885.000000
10	4	4	6	4082.000000	3325.000000
10	2	8	8	4912.000000	4106.000000
9	6	9	9	1102.000000	2381.000000
7	3	0	3	2215.000000	9425.000000
7	0	2	5	4287.000000	9907.000000
6	2	3	3	9783.000000	2160.000000
8	4	6	6	5997.000000	9118.000000
6	4	5	5	3443.000000	3712.000000
7	7	5	5	4499.000000	5905.000000
6	2	0	6	467.000000	3813.000000
10	1	8	9	5534.000000	1208.000000
7	2	5	5	9324.000000	3015.000000
9	1	9	9	6192.000000	4953.000000
10	4	4	4	4699.000000	3405.000000
6	4	0	4	1973.000000	9202.000000
9	7	9	9	48.000000	8252.000000
8	8	3	7	2777.000000	7890.000000
8	7	2	3	9060.000000	5990.000000
10000 9 7 7 13 6 8 9 6 12 10 4 3 7 10 10 4 5 12 6 5 14 18 3 4 5 13 14 14 13 1 6 6 7 13 7 4 12 12 10 14 
9 10000 16 9 5 13 13 4 10 18 2 6 12 8 12 5 6 5 20 11 9 5 18 7 8 12 19 19 7 17 9 11 14 3 7 8 7 19 20 16 11 
7 16 10000 12 20 7 10 15 10 9 17 11 5 12 13 16 10 11 8 9 10 20 19 9 10 7 9 12 20 14 7 9 4 14 19 12 10 9 6 7 18 
7 9 12 10000 14 6 14 11 3 18 9 8 8 2 16 12 6 6 18 4 3 13 23 7 9 6 19 20 15 19 8 12 9 6 15 12 8 19 18 16 18 
13 5 20 14 10000 18 14 5 15 19 5 10 16 13 12 4 10 10 22 16 14 3 17 11 10 17 21 20 2 17 13 13 19 8 3 9 10 21 23 18 9 
6 13 7 6 18 10000 13 14 4 15 14 10 6 7 16 15 8 9 15 3 4 18 23 8 10 2 16 18 19 19 7 12 4 11 18 13 9 15 13 13 20 
8 13 10 14 14 13 10000 10 14 6 14 8 8 14 4 10 9 10 9 13 13 16 11 8 6 12 8 7 14 6 7 2 11 12 12 5 7 8 10 5 9 
9 4 15 11 5 14 10 10000 12 15 5 5 11 10 8 2 6 6 17 12 11 7 15 7 5 13 17 16 6 13 8 8 14 5 5 5 5 17 18 14 8 
6 10 10 3 15 4 14 12 10000 17 11 8 7 4 16 13 7 7 17 2 2 15 23 7 10 4 18 19 17 19 7 12 7 8 16 13 8 17 16 15 18 
12 18 9 18 19 15 6 15 17 10000 19 13 11 18 9 16 14 14 4 16 16 21 12 12 11 14 2 4 20 6 11 7 12 17 18 11 12 3 7 3 14 
10 2 17 9 5 14 14 5 11 19 10000 7 13 8 12 5 7 6 21 12 10 4 19 9 9 13 21 20 6 17 10 12 15 4 7 9 8 20 21 17 11 
4 6 11 8 10 10 8 5 8 13 7 10000 7 7 9 6 2 2 14 8 7 10 16 2 3 8 14 14 10 13 4 6 10 4 9 5 1 14 15 11 11 
3 12 5 8 16 6 8 11 7 11 13 7 10000 9 11 12 6 7 11 6 6 16 18 5 6 4 11 13 17 14 4 7 4 10 15 9 6 11 10 9 15 
7 8 12 2 13 7 14 10 4 18 8 7 9 10000 15 11 5 5 19 5 3 12 23 7 9 7 19 20 14 19 8 12 10 5 14 12 7 19 18 16 17 
10 12 13 16 12 16 4 8 16 9 12 9 11 15 10000 8 10 10 12 16 15 14 8 9 7 15 11 8 12 5 9 5 14 12 10 4 8 11 14 9 5 
10 5 16 12 4 15 10 2 13 16 5 6 12 11 8 10000 8 7 18 14 12 6 14 8 7 14 18 16 5 13 9 9 15 7 3 6 7 18 19 15 7 
4 6 10 6 10 8 9 6 7 14 7 2 6 5 10 8 10000 1 15 7 5 10 18 2 4 7 15 15 11 14 4 7 9 4 10 7 3 15 15 12 12 
5 5 11 6 10 9 10 6 7 14 6 2 7 5 10 7 1 10000 16 7 6 10 18 3 4 8 16 16 11 15 5 8 10 3 10 7 3 16 16 13 12 
12 20 8 18 22 15 9 17 17 4 21 14 11 19 12 18 15 16 10000 16 16 23 15 13 13 14 3 7 22 10 12 9 11 18 21 13 14 2 3 4 17 
6 11 9 4 16 3 13 12 2 16 12 8 6 5 16 14 7 7 16 10000 2 16 23 7 9 3 17 19 17 19 7 12 6 9 17 13 8 16 15 14 18 
5 9 10 3 14 4 13 11 2 16 10 7 6 3 15 12 5 6 16 2 10000 14 22 6 8 4 17 18 15 18 6 11 7 7 15 11 7 16 15 14 17 
14 5 20 13 3 18 16 7 15 21 4 10 16 12 14 6 10 10 23 16 14 10000 19 12 11 17 23 21 4 19 13 14 19 8 5 11 11 23 24 20 11 
18 18 19 23 17 23 11 15 23 12 19 16 18 23 8 14 18 18 15 23 22 19 10000 16 14 22 13 9 16 6 17 12 21 19 14 12 16 14 18 13 8 
3 7 9 7 11 8 8 7 7 12 9 2 5 7 9 8 2 3 13 7 6 12 16 10000 3 7 13 14 12 13 2 6 8 6 11 6 2 13 13 10 12 
4 8 10 9 10 10 6 5 10 11 9 3 6 9 7 7 4 4 13 9 8 11 14 3 10000 9 12 12 11 11 4 4 9 6 10 4 2 12 13 9 10 
5 12 7 6 17 2 12 13 4 14 13 8 4 7 15 14 7 8 14 3 4 17 22 7 9 10000 15 17 18 17 6 10 4 10 17 12 8 14 12 12 18 
13 19 9 19 21 16 8 17 18 2 21 14 11 19 11 18 15 16 3 17 17 23 13 13 12 15 10000 5 21 8 12 9 12 18 20 12 14 1 5 4 16 
14 19 12 20 20 18 7 16 19 4 20 14 13 20 8 16 15 16 7 19 18 21 9 14 12 17 5 10000 19 4 13 9 15 18 18 11 14 5 10 6 13 
14 7 20 15 2 19 14 6 17 20 6 10 17 14 12 5 11 11 22 17 15 4 16 12 11 18 21 19 10000 16 14 13 19 9 2 10 11 22 23 19 8 
13 17 14 19 17 19 6 13 19 6 17 13 14 19 5 13 14 15 10 19 18 19 6 13 11 17 8 4 16 10000 12 8 16 16 14 9 12 9 13 7 9 
1 9 7 8 13 7 7 8 7 11 10 4 4 8 9 9 4 5 12 7 6 13 17 2 4 6 12 13 14 12 10000 5 6 7 12 7 3 12 12 9 13 
6 11 9 12 13 12 2 8 12 7 12 6 7 12 5 9 7 8 9 12 11 14 12 6 4 10 9 9 13 8 5 10000 10 10 12 4 6 9 11 6 10 
6 14 4 9 19 4 11 14 7 12 15 10 4 10 14 15 9 10 11 6 7 19 21 8 9 4 12 15 19 16 6 10 10000 12 18 12 9 12 9 10 18 
7 3 14 6 8 11 12 5 8 17 4 4 10 5 12 7 4 3 18 9 7 8 19 6 6 10 18 18 9 16 7 10 12 10000 9 8 5 18 18 15 12 
13 7 19 15 3 18 12 5 16 18 7 9 15 14 10 3 10 10 21 17 15 5 14 11 10 17 20 18 2 14 12 12 18 9 10000 8 10 20 22 17 6 
7 8 12 12 9 13 5 5 13 11 9 5 9 12 4 6 7 7 13 13 11 11 12 6 4 12 12 11 10 9 7 4 12 8 8 10000 5 12 14 10 7 
4 7 10 8 10 9 7 5 8 12 8 1 6 7 8 7 3 3 14 8 7 11 16 2 2 8 14 14 11 12 3 6 9 5 10 5 10000 13 14 10 11 
12 19 9 19 21 15 8 17 17 3 20 14 11 19 11 18 15 16 2 16 16 23 14 13 12 14 1 5 22 9 12 9 12 18 20 12 13 10000 5 4 16 
12 20 6 18 23 13 10 18 16 7 21 15 10 18 14 19 15 16 3 15 15 24 18 13 13 12 5 10 23 13 12 11 9 18 22 14 14 5 10000 6 19 
10 16 7 16 18 13 5 14 15 3 17 11 9 16 9 15 12 13 4 14 14 20 13 10 9 12 4 6 19 7 9 6 10 15 17 10 10 4 6 10000 14 
14 11 18 18 9 20 9 8 18 14 11 11 15 17 5 7 12 12 17 18 17 11 8 12 10 18 16 13 8 9 13 10 18 12 6 7 11 16 19 14 10000 
