60
10
1000	500	0	1000	936.000000	8045.000000
10	10	10	10	1890.000000	9658.000000
7	6	7	7	155.000000	9142.000000
8	2	0	1	7249.000000	4845.000000
8	6	0	0	5168.000000	1877.000000
10	1	10	10	6158.000000	2851.000000
10	2	2	3	561.000000	6391.000000
9	1	7	8	8659.000000	3930.000000
8	3	1	1	2771.000000	6024.000000
7	2	4	6	1032.000000	5395.000000
9	5	5	9	939.000000	9268.000000
10	10	5	9	1740.000000	9850.000000
10	1	6	7	981.000000	6348.000000
6	1	6	6	3207.000000	9214.000000
9	6	3	8	157.000000	8329.000000
7	6	1	6	1163.000000	5512.000000
10	7	9	9	2430.000000	1944.000000
10	4	10	10	7205.000000	8752.000000
9	4	4	6	838.000000	2522.000000
9	4	2	7	3926.000000	6262.000000
6	4	1	6	8243.000000	2017.000000
6	4	0	3	6831.000000	8312.000000
8	8	2	7	5016.000000	1745.000000
7	2	7	7	3818.000000	2020.000000
6	4	5	5	6498.000000	5809.000000
6	6	3	6	7119.000000	5183.000000
10	7	1	6	7746.000000	9660.000000
6	5	5	6	4653.000000	2465.000000
7	0	4	4	7981.000000	9380.000000
8	6	6	7	5029.000000	688.000000
6	0	1	3	4367.000000	9970.000000
9	1	0	4	805.000000	8422.000000
6	4	1	4	5191.000000	6491.000000
10	8	9	9	8526.000000	9802.000000
9	3	5	7	5065.000000	847.000000
10	8	5	9	1400.000000	2469.000000
8	3	1	3	9463.000000	5278.000000
9	3	6	6	7179.000000	4863.000000
7	6	7	7	7559.000000	454.000000
6	5	5	5	1161.000000	2992.000000
7	5	1	2	4336.000000	5623.000000
10	9	6	7	6014.000000	3381.000000
9	9	1	4	6449.000000	2325.000000
9	2	5	9	9614.000000	2977.000000
7	4	2	4	9818.000000	6785.000000
6	5	2	5	6016.000000	4408.000000
7	7	2	2	6444.000000	5256.000000
9	5	8	8	6706.000000	9495.000000
8	6	7	7	7760.000000	9135.000000
9	6	9	9	3400.000000	7304.000000
8	1	0	2	3722.000000	5175.000000
9	8	7	9	8505.000000	1744.000000
9	7	6	8	8783.000000	5510.000000
9	1	2	7	1079.000000	4593.000000
7	0	0	7	2885.000000	454.000000
10	2	2	6	6127.000000	4899.000000
8	6	2	8	8617.000000	3906.000000
7	1	2	5	7826.000000	9570.000000
8	5	0	6	5445.000000	4740.000000
7	2	1	4	3443.000000	4643.000000
9	3	2	6	2149.000000	7019.000000
10000 4 3 15 15 15 4 18 6 6 3 4 4 6 2 6 13 13 12 7 19 12 16 14 12 14 14 14 15 17 8 1 10 16 17 12 18 15 21 11 9 14 16 21 18 13 13 12 14 6 8 20 17 7 16 13 18 15 12 9 4 
4 10000 4 15 17 17 8 18 8 9 3 1 7 3 5 9 16 11 15 8 20 11 18 16 13 14 12 16 13 20 5 4 10 14 19 15 18 15 22 14 10 16 18 21 17 14 13 10 12 6 10 21 17 11 19 13 18 12 13 11 6 
3 4 10000 17 18 18 6 20 9 8 2 4 6 7 2 8 16 15 14 10 22 14 18 17 15 17 16 17 16 20 9 2 12 17 20 14 21 17 23 13 11 17 19 23 20 16 15 14 16 8 11 23 19 10 19 15 20 16 14 12 6 
15 15 17 10000 8 5 14 4 10 13 16 15 13 12 16 13 12 8 14 8 6 7 8 9 3 1 10 8 10 10 12 15 6 11 10 13 5 1 9 13 7 4 6 7 7 3 2 10 9 10 8 7 4 13 13 3 4 10 4 8 12 
15 17 18 8 10000 3 13 9 10 11 18 18 13 16 17 11 6 15 9 10 7 14 1 3 9 8 17 2 17 3 17 16 10 18 3 8 11 8 6 9 8 4 3 10 14 6 8 16 16 12 8 7 11 10 6 7 9 17 6 7 12 
15 17 18 5 3 10000 14 6 10 12 17 17 13 15 17 12 8 12 11 9 5 12 4 5 6 6 14 4 14 5 15 16 8 15 5 10 9 5 6 10 7 2 2 7 11 4 5 14 13 11 7 6 8 11 9 5 6 14 5 7 12 
4 8 6 14 13 14 10000 17 5 3 6 8 1 8 4 3 10 15 8 7 18 14 13 11 12 14 16 12 16 15 11 5 10 18 15 9 18 14 19 7 8 13 15 20 19 12 12 14 16 6 7 19 17 4 13 12 17 16 11 7 4 
18 18 20 4 9 6 17 10000 13 16 19 19 17 16 20 16 14 11 16 11 4 10 9 11 6 4 12 9 11 10 15 19 9 12 10 15 4 4 8 16 10 6 6 3 7 6 6 12 11 13 11 5 4 16 14 6 1 12 7 11 15 
6 8 9 10 10 10 5 13 10000 4 8 8 4 7 7 4 9 11 9 3 14 10 10 9 8 9 13 9 13 12 9 7 5 14 12 8 14 10 15 7 4 9 11 15 15 8 8 11 12 3 3 15 13 5 12 8 13 13 6 4 3 
6 9 8 13 11 12 3 16 4 10000 8 10 2 9 7 1 8 15 6 7 16 13 11 9 11 13 16 10 17 13 12 7 9 18 13 6 17 13 17 5 7 11 13 18 18 11 11 15 16 7 6 17 16 2 11 11 16 16 9 6 4 
3 3 2 16 18 17 6 19 8 8 10000 2 6 5 3 8 15 13 14 9 21 12 18 16 14 15 14 16 15 20 7 2 11 16 19 14 19 16 23 13 10 16 18 22 19 15 14 12 14 7 10 22 18 10 19 14 19 14 13 11 6 
4 1 4 15 18 17 8 19 8 10 2 10000 8 4 5 9 16 12 15 9 21 11 18 17 13 15 13 16 13 20 6 4 10 14 20 15 18 15 23 14 10 16 18 21 18 14 14 10 13 7 11 22 17 11 19 14 19 13 13 11 6 
4 7 6 13 13 13 1 17 4 2 6 8 10000 8 5 2 10 14 8 6 17 13 13 11 12 13 16 11 16 14 10 5 9 17 14 8 18 13 18 7 7 12 14 19 18 11 12 14 15 6 6 18 16 4 13 11 17 16 10 6 3 
6 3 7 12 16 15 8 16 7 9 5 4 8 10000 7 9 15 9 15 7 18 8 16 15 10 12 10 14 10 18 3 6 7 11 18 14 15 12 20 14 8 13 16 18 15 12 11 8 10 4 9 19 14 11 18 11 16 10 11 10 5 
2 5 2 16 17 17 4 20 7 7 3 5 5 7 10000 6 14 15 12 9 21 14 17 15 14 16 16 15 16 19 10 2 11 17 18 12 20 16 22 11 10 16 18 22 20 15 14 14 16 7 10 22 19 8 17 14 20 16 13 10 5 
6 9 8 13 11 12 3 16 4 1 8 9 2 9 6 10000 8 14 7 6 16 13 11 9 11 12 16 10 16 13 11 6 9 18 13 7 17 13 17 6 7 11 13 18 18 10 11 14 16 6 6 17 16 2 11 11 16 16 9 5 4 
13 16 16 12 6 8 10 14 9 8 15 16 10 15 14 8 10000 17 4 10 12 16 6 3 12 12 19 5 19 6 17 14 11 20 6 3 16 12 11 4 9 8 9 15 18 9 11 18 18 11 7 13 15 6 4 10 13 19 9 6 11 
13 11 15 8 15 12 15 11 11 15 13 12 14 9 15 14 17 10000 18 9 14 2 15 16 7 8 3 14 2 17 7 13 7 4 17 18 9 8 17 17 9 12 13 13 7 10 8 2 2 9 10 15 8 15 19 9 11 3 9 12 11 
12 15 14 14 9 11 8 16 9 6 14 15 8 15 12 7 4 18 10000 10 15 17 9 7 14 14 20 8 20 10 17 12 12 22 10 2 19 14 15 2 10 11 12 18 20 12 13 19 20 11 8 16 17 5 6 12 16 20 11 7 10 
7 8 10 8 10 9 7 11 3 7 9 9 6 7 9 6 10 9 10 10000 13 8 10 9 6 7 11 8 11 12 8 8 3 12 12 10 12 8 14 9 2 8 10 14 12 6 6 9 10 3 3 13 10 7 12 6 11 11 5 4 4 
19 20 22 6 7 5 18 4 14 16 21 21 17 18 21 16 12 14 15 13 10000 13 7 9 9 7 16 8 15 7 18 20 11 16 7 14 7 7 4 15 11 6 4 4 11 7 8 16 15 15 12 1 8 16 12 8 4 16 8 11 16 
12 11 14 7 14 12 14 10 10 13 12 11 13 8 14 13 16 2 17 8 13 10000 14 14 6 7 4 13 4 16 6 13 5 5 16 16 9 7 16 16 8 10 12 13 7 8 7 3 3 8 9 14 7 14 18 7 10 4 8 10 10 
16 18 18 8 1 4 13 9 10 11 18 18 13 16 17 11 6 15 9 10 7 14 10000 3 9 9 17 2 17 3 17 16 10 18 2 8 12 8 6 9 8 4 4 10 14 6 8 16 16 12 8 7 11 10 5 7 9 17 7 7 13 
14 16 17 9 3 5 11 11 9 9 16 17 11 15 15 9 3 16 7 9 9 14 3 10000 10 10 18 2 17 4 16 15 10 19 4 5 14 9 9 6 8 6 6 12 16 7 9 17 17 11 7 10 13 8 4 8 11 18 7 6 11 
12 13 15 3 9 6 12 6 8 11 14 13 12 10 14 11 12 7 14 6 9 6 9 10 10000 2 9 8 8 11 10 13 3 9 11 13 7 3 11 13 5 5 7 9 7 3 2 8 8 7 6 10 5 12 13 2 6 8 4 7 10 
14 14 17 1 8 6 14 4 9 13 15 15 13 12 16 12 12 8 14 7 7 7 9 10 2 10000 10 8 9 10 12 15 5 10 10 13 5 1 10 13 6 5 6 7 7 3 2 9 9 9 7 8 4 13 13 3 4 9 4 8 11 
14 12 16 10 17 14 16 12 13 16 14 13 16 10 16 16 19 3 20 11 16 4 17 18 9 10 10000 16 1 19 7 15 9 2 19 20 10 10 19 19 11 14 15 14 8 12 10 3 2 10 13 16 9 17 21 11 12 1 11 14 13 
14 16 17 8 2 4 12 9 9 10 16 16 11 14 15 10 5 14 8 8 8 13 2 2 8 8 16 10000 16 4 16 15 9 17 4 7 12 7 8 8 7 4 4 10 14 5 7 15 15 10 6 8 11 9 6 6 9 16 5 5 11 
15 13 16 10 17 14 16 11 13 17 15 13 16 10 16 16 19 2 20 11 15 4 17 17 8 9 1 16 10000 19 8 15 9 2 19 20 9 10 18 19 11 13 15 14 7 11 9 3 1 11 12 16 8 17 21 10 12 1 11 14 13 
17 20 20 10 3 5 15 10 12 13 20 20 14 18 19 13 6 17 10 12 7 16 3 4 11 10 19 4 19 10000 19 18 12 20 1 9 13 10 6 10 10 6 5 11 16 8 10 18 18 14 10 8 13 12 5 9 10 19 9 9 14 
8 5 9 12 17 15 11 15 9 12 7 6 10 3 10 11 17 7 17 8 18 6 17 16 10 12 7 16 8 19 10000 8 8 9 19 17 14 12 21 16 9 14 16 18 13 12 11 5 7 6 10 19 13 13 20 11 15 7 11 11 8 
1 4 2 15 16 16 5 19 7 7 2 4 5 6 2 6 14 13 12 8 20 13 16 15 13 15 15 15 15 18 8 10000 10 16 18 12 19 15 21 11 10 15 17 21 19 14 13 12 14 6 9 21 17 8 17 13 19 15 12 10 4 
10 10 12 6 10 8 10 9 5 9 11 10 9 7 11 9 11 7 12 3 11 5 10 10 3 5 9 9 9 12 8 10 10000 10 12 12 9 6 13 11 3 7 9 12 10 5 4 7 8 4 4 12 8 10 13 4 9 9 4 6 7 
16 14 17 11 18 15 18 12 14 18 16 14 17 11 17 18 20 4 22 12 16 5 18 19 9 10 2 17 2 20 9 16 10 10000 20 21 10 11 19 21 12 14 16 14 7 12 11 4 3 12 14 17 9 19 22 11 12 2 12 15 14 
17 19 20 10 3 5 15 10 12 13 19 20 14 18 18 13 6 17 10 12 7 16 2 4 11 10 19 4 19 1 19 18 12 20 10000 9 13 10 6 9 10 6 5 11 16 8 10 18 18 14 10 8 12 11 5 9 10 19 8 9 14 
12 15 14 13 8 10 9 15 8 6 14 15 8 14 12 7 3 18 2 10 14 16 8 5 13 13 20 7 20 9 17 12 12 21 9 10000 18 13 13 2 9 10 11 17 19 11 12 18 19 11 8 15 16 5 6 11 15 20 10 6 10 
18 18 21 5 11 9 18 4 14 17 19 18 18 15 20 17 16 9 19 12 7 9 12 14 7 5 10 12 9 13 14 19 9 10 13 18 10000 5 11 18 11 8 9 5 4 8 7 11 9 13 12 8 2 17 17 7 4 10 9 13 16 
15 15 17 1 8 5 14 4 10 13 16 15 13 12 16 13 12 8 14 8 7 7 8 9 3 1 10 7 10 10 12 15 6 11 10 13 5 10000 9 13 6 4 6 7 7 3 2 10 9 9 7 7 4 13 13 3 4 10 4 8 11 
21 22 23 9 6 6 19 8 15 17 23 23 18 20 22 17 11 17 15 14 4 16 6 9 11 10 19 8 18 6 21 21 13 19 6 13 11 9 10000 14 13 7 5 7 14 9 10 19 18 17 13 4 11 16 10 10 8 19 10 12 18 
11 14 13 13 9 10 7 16 7 5 13 14 7 14 11 6 4 17 2 9 15 16 9 6 13 13 19 8 19 10 16 11 11 21 9 2 18 13 14 10000 9 10 11 17 19 11 12 18 19 10 7 15 17 4 7 11 16 19 10 6 9 
9 10 11 7 8 7 8 10 4 7 10 10 7 8 10 7 9 9 10 2 11 8 8 8 5 6 11 7 11 10 9 10 3 12 10 9 11 6 13 9 10000 6 8 12 12 5 5 10 10 4 2 12 9 7 11 4 10 11 3 3 6 
14 16 17 4 4 2 13 6 9 11 16 16 12 13 16 11 8 12 11 8 6 10 4 6 5 5 14 4 13 6 14 15 7 14 6 10 8 4 7 10 6 10000 3 8 11 3 4 13 13 10 6 6 7 11 9 4 6 13 3 6 11 
16 18 19 6 3 2 15 6 11 13 18 18 14 16 18 13 9 13 12 10 4 12 4 6 7 6 15 4 15 5 16 17 9 16 5 11 9 6 5 11 8 3 10000 7 12 5 6 15 14 12 8 5 8 12 9 6 6 15 6 8 13 
21 21 23 7 10 7 20 3 15 18 22 21 19 18 22 18 15 13 18 14 4 13 10 12 9 7 14 10 14 11 18 21 12 14 11 17 5 7 7 17 12 8 7 10000 8 8 8 15 13 16 13 4 6 18 15 8 3 14 10 13 17 
18 17 20 7 14 11 19 7 15 18 19 18 18 15 20 18 18 7 20 12 11 7 14 16 7 7 8 14 7 16 13 19 10 7 16 19 4 7 14 19 12 11 12 8 10000 9 8 9 7 13 13 11 4 19 19 9 7 7 10 14 16 
13 14 16 3 6 4 12 6 8 11 15 14 11 12 15 10 9 10 12 6 7 8 6 7 3 3 12 5 11 8 12 14 5 12 8 11 8 3 9 11 5 3 5 8 9 10000 2 11 11 8 5 8 6 10 11 2 6 11 2 6 10 
13 13 15 2 8 5 12 6 8 11 14 14 12 11 14 11 11 8 13 6 8 7 8 9 2 2 10 7 9 10 11 13 4 11 10 12 7 2 10 12 5 4 6 8 8 2 10000 9 9 8 6 9 5 11 12 1 6 10 3 7 10 
12 10 14 10 16 14 14 12 11 15 12 10 14 8 14 14 18 2 19 9 16 3 16 17 8 9 3 15 3 18 5 12 7 4 18 18 11 10 19 18 10 13 15 15 9 11 9 10000 3 8 11 16 9 15 20 10 12 3 10 12 11 
14 12 16 9 16 13 16 11 12 16 14 13 15 10 16 16 18 2 20 10 15 3 16 17 8 9 2 15 1 18 7 14 8 3 18 19 9 9 18 19 10 13 14 13 7 11 9 3 10000 10 12 15 8 17 20 10 11 1 10 13 12 
6 6 8 10 12 11 6 13 3 7 7 7 6 4 7 6 11 9 11 3 15 8 12 11 7 9 10 10 11 14 6 6 4 12 14 11 13 9 17 10 4 10 12 16 13 8 8 8 10 10000 5 16 12 8 14 8 13 10 7 6 3 
8 10 11 8 8 7 7 11 3 6 10 11 6 9 10 6 7 10 8 3 12 9 8 7 6 7 13 6 12 10 10 9 4 14 10 8 12 7 13 7 2 6 8 13 13 5 6 11 12 5 10000 12 11 6 10 5 11 13 4 2 5 
20 21 23 7 7 6 19 5 15 17 22 22 18 19 22 17 13 15 16 13 1 14 7 10 10 8 16 8 16 8 19 21 12 17 8 15 8 7 4 15 12 6 5 4 11 8 9 16 15 16 12 10000 8 16 12 8 5 16 9 12 17 
17 17 19 4 11 8 17 4 13 16 18 17 16 14 19 16 15 8 17 10 8 7 11 13 5 4 9 11 8 13 13 17 8 9 12 16 2 4 11 17 9 7 8 6 4 6 5 9 8 12 11 8 10000 16 16 6 4 9 7 11 14 
7 11 10 13 10 11 4 16 5 2 10 11 4 11 8 2 6 15 5 7 16 14 10 8 12 13 17 9 17 12 13 8 10 19 11 5 17 13 16 4 7 11 12 18 19 10 11 15 17 8 6 16 16 10000 10 11 16 17 9 5 6 
16 19 19 13 6 9 13 14 12 11 19 19 13 18 17 11 4 19 6 12 12 18 5 4 13 13 21 6 21 5 20 17 13 22 5 6 17 13 10 7 11 9 9 15 19 11 12 20 20 14 10 12 16 10 10000 12 14 21 10 9 14 
13 13 15 3 7 5 12 6 8 11 14 14 11 11 14 11 10 9 12 6 8 7 7 8 2 3 11 6 10 9 11 13 4 11 9 11 7 3 10 11 4 4 6 8 9 2 1 10 10 8 5 8 6 11 12 10000 6 10 2 6 10 
18 18 20 4 9 6 17 1 13 16 19 19 17 16 20 16 13 11 16 11 4 10 9 11 6 4 12 9 12 10 15 19 9 12 10 15 4 4 8 16 10 6 6 3 7 6 6 12 11 13 11 5 4 16 14 6 10000 12 7 11 15 
15 12 16 10 17 14 16 12 13 16 14 13 16 10 16 16 19 3 20 11 16 4 17 18 8 9 1 16 1 19 7 15 9 2 19 20 10 10 19 19 11 13 15 14 7 11 10 3 1 10 13 16 9 17 21 10 12 10000 11 14 13 
12 13 14 4 6 5 11 7 6 9 13 13 10 11 13 9 9 9 11 5 8 8 7 7 4 4 11 5 11 9 11 12 4 12 8 10 9 4 10 10 3 3 6 10 10 2 3 10 10 7 4 9 7 9 10 2 7 11 10000 5 9 
9 11 12 8 7 7 7 11 4 6 11 11 6 10 10 5 6 12 7 4 11 10 7 6 7 8 14 5 14 9 11 10 6 15 9 6 13 8 12 6 3 6 8 13 14 6 7 12 13 6 2 12 11 5 9 6 11 14 5 10000 6 
4 6 6 12 12 12 4 15 3 4 6 6 3 5 5 4 11 11 10 4 16 10 13 11 10 11 13 11 13 14 8 4 7 14 14 10 16 11 18 9 6 11 13 17 16 10 10 11 12 3 5 17 14 6 14 10 15 13 9 6 10000 
