50
10
1000	500	0	1000	2593.000000	7827.000000
10	1	3	4	6242.000000	7389.000000
8	6	8	8	6231.000000	8663.000000
9	9	3	4	5149.000000	2590.000000
8	4	6	6	7805.000000	9746.000000
6	5	5	6	374.000000	2373.000000
7	1	5	5	727.000000	4162.000000
10	3	1	2	4576.000000	5330.000000
8	5	8	8	1027.000000	8852.000000
6	3	1	3	2080.000000	4305.000000
6	1	0	0	1179.000000	4227.000000
6	2	6	6	4762.000000	8848.000000
7	1	2	5	4068.000000	7637.000000
9	3	7	7	1041.000000	4609.000000
9	3	2	9	4671.000000	3936.000000
10	7	0	7	2333.000000	8552.000000
8	2	3	8	7627.000000	8120.000000
8	0	6	6	4773.000000	9124.000000
6	0	5	6	6175.000000	1991.000000
6	5	6	6	5004.000000	3439.000000
10	3	8	8	3816.000000	6652.000000
8	2	1	3	632.000000	616.000000
7	4	1	1	4814.000000	1076.000000
8	2	3	8	5837.000000	559.000000
9	9	4	8	8302.000000	5783.000000
8	1	3	5	619.000000	6255.000000
7	3	2	6	3587.000000	4646.000000
9	6	6	7	6065.000000	9957.000000
9	4	5	7	8248.000000	9374.000000
8	7	8	8	7750.000000	3429.000000
7	5	4	7	4888.000000	360.000000
10	1	0	6	4130.000000	1794.000000
10	0	10	10	8174.000000	4362.000000
9	2	5	8	112.000000	1999.000000
6	4	6	6	1822.000000	8477.000000
9	1	4	8	8404.000000	9483.000000
10	4	0	10	568.000000	5769.000000
8	7	7	7	2664.000000	17.000000
7	1	3	6	8517.000000	9652.000000
8	5	2	2	5061.000000	5000.000000
7	5	7	7	8230.000000	4956.000000
8	5	1	1	8420.000000	1404.000000
8	6	8	8	5799.000000	9169.000000
6	2	5	6	2168.000000	4680.000000
8	6	8	8	4769.000000	1756.000000
9	1	0	5	7792.000000	8152.000000
10	7	4	7	5225.000000	6347.000000
8	5	2	2	6401.000000	1019.000000
7	5	5	6	9624.000000	1987.000000
7	5	1	7	5855.000000	2366.000000
9	6	2	8	2958.000000	4193.000000
10000 8 8 12 12 12 9 7 4 8 8 5 3 8 9 2 11 6 14 11 4 15 15 16 13 6 7 9 12 14 16 13 14 13 3 13 6 16 13 8 13 18 7 7 13 11 7 16 19 13 8 
8 10000 3 10 6 16 13 6 11 11 12 5 5 12 8 9 4 5 11 9 6 18 13 14 6 12 8 6 6 9 15 12 8 17 10 7 12 17 7 6 7 13 4 10 12 4 3 13 13 11 10 
8 3 10000 13 4 18 15 8 11 13 14 3 5 14 10 8 3 4 14 11 7 20 16 17 8 13 10 3 5 11 17 15 10 19 9 5 13 19 5 8 9 16 2 12 15 4 6 16 15 13 12 
12 10 13 10000 16 10 10 6 15 8 9 13 11 10 3 14 13 14 3 2 9 10 4 5 9 12 6 15 15 6 5 3 8 11 14 16 12 8 16 5 8 7 14 8 2 13 8 5 10 2 6 
12 6 4 16 10000 21 19 11 14 16 18 7 9 17 14 12 4 7 16 14 11 24 19 19 8 16 14 4 2 13 20 18 11 22 13 2 17 23 2 11 10 17 5 16 18 4 9 18 16 16 15 
12 16 18 10 21 10000 4 11 14 6 5 16 13 5 10 13 19 17 12 10 11 4 10 12 18 8 8 19 22 15 10 8 17 1 13 22 7 7 22 11 17 17 18 6 9 19 13 13 19 11 7 
9 13 15 10 19 4 10000 9 10 3 1 13 10 2 8 10 16 13 12 9 8 8 11 13 16 5 6 16 19 15 12 9 15 5 9 19 4 10 20 9 16 17 15 4 10 17 11 13 19 11 5 
7 6 8 6 11 11 9 10000 10 6 8 8 5 8 3 8 9 8 8 4 4 13 9 10 8 9 3 10 11 8 10 8 8 12 9 12 9 12 12 2 8 11 9 5 8 9 3 10 13 7 4 
4 11 11 15 14 14 10 10 10000 10 10 8 7 9 13 3 14 8 18 14 8 17 18 20 16 6 10 11 15 18 19 16 17 14 2 15 7 18 16 12 17 21 10 9 17 14 10 19 23 17 11 
8 11 13 8 16 6 3 6 10 10000 2 11 8 3 6 9 14 12 10 7 6 8 9 11 13 5 4 14 16 12 10 7 13 7 9 17 5 9 17 7 13 14 13 1 8 14 8 11 16 9 2 
8 12 14 9 18 5 1 8 10 2 10000 12 9 1 8 9 16 13 11 8 8 8 10 12 15 5 5 16 18 14 11 8 14 5 9 18 4 9 19 8 15 16 14 3 9 16 10 13 18 11 4 
5 5 3 13 7 16 13 8 8 11 12 10000 3 12 10 5 6 1 15 11 5 19 16 17 10 10 9 4 8 13 17 15 12 17 6 8 11 19 8 8 11 17 3 10 15 7 6 16 17 14 10 
3 5 5 11 9 13 10 5 7 8 9 3 10000 9 8 4 8 4 13 9 3 16 14 15 10 8 7 7 10 12 15 12 11 14 5 10 8 16 10 6 10 16 5 8 12 8 4 15 16 12 8 
8 12 14 10 17 5 2 8 9 3 1 12 9 10000 8 9 15 12 12 9 7 9 11 13 15 4 6 15 18 14 12 9 15 6 8 18 3 10 19 9 15 17 14 3 10 16 10 13 18 11 4 
9 8 10 3 14 10 8 3 13 6 8 10 8 8 10000 11 11 11 5 2 6 11 6 8 9 10 3 13 14 7 8 5 8 10 11 14 9 9 14 3 8 10 11 6 5 11 5 7 11 4 4 
2 9 8 14 12 13 10 8 3 9 9 5 4 9 11 10000 11 6 16 12 5 17 16 18 14 6 9 8 12 15 18 14 15 14 2 13 7 18 13 9 14 19 8 8 15 11 8 18 20 15 9 
11 4 3 13 4 19 16 9 14 14 16 6 8 15 11 11 10000 7 13 11 9 21 16 16 5 15 11 5 3 10 17 15 8 20 12 4 15 20 4 9 7 14 5 13 14 1 6 15 13 13 13 
6 5 4 14 7 17 13 8 8 12 13 1 4 12 11 6 7 10000 15 12 6 19 17 18 10 11 10 4 7 13 18 15 12 18 7 8 11 19 8 9 11 18 3 11 15 7 6 17 18 14 11 
14 11 14 3 16 12 12 8 18 10 11 15 13 12 5 16 13 15 10000 4 11 12 4 3 9 15 8 16 16 5 5 5 7 13 16 16 14 9 17 7 8 5 15 10 3 13 9 2 7 1 8 
11 9 11 2 14 10 9 4 14 7 8 11 9 9 2 12 11 12 4 10000 7 11 5 6 9 11 4 14 14 6 7 4 7 11 12 14 11 9 15 4 8 8 12 7 4 11 6 6 10 3 5 
4 6 7 9 11 11 8 4 8 6 8 5 3 7 6 5 9 6 11 7 10000 14 12 13 10 7 5 8 11 11 13 10 10 12 6 11 7 14 12 5 10 14 7 6 10 9 3 13 15 10 6 
15 18 20 10 24 4 8 13 17 8 8 19 16 9 11 17 21 19 12 11 14 10000 9 11 19 12 10 22 24 16 9 8 17 3 16 24 11 5 24 13 18 16 20 9 9 21 15 12 19 12 9 
15 13 16 4 19 10 11 9 18 9 10 16 14 11 6 16 16 17 4 5 12 9 10000 3 12 14 8 18 18 8 2 2 10 10 16 19 13 5 19 8 11 8 17 9 2 16 11 4 10 4 8 
16 14 17 5 19 12 13 10 20 11 12 17 15 13 8 18 16 18 3 6 13 11 3 10000 12 16 10 19 19 7 2 5 9 12 18 19 15 7 19 10 11 6 18 12 4 16 12 2 9 4 10 
13 6 8 9 8 18 16 8 16 13 15 10 10 15 9 14 5 10 9 9 10 19 12 12 10000 16 10 10 8 5 13 12 3 19 15 8 16 17 8 7 2 9 9 13 11 5 7 11 9 9 12 
6 12 13 12 16 8 5 9 6 5 5 10 8 4 10 6 15 11 15 11 7 12 14 16 16 10000 7 14 17 16 15 12 16 9 6 17 1 14 18 10 16 19 12 5 13 15 10 16 20 14 7 
7 8 10 6 14 8 6 3 10 4 5 9 7 6 3 9 11 10 8 4 5 10 8 10 10 7 10000 12 14 9 9 6 10 9 9 14 7 10 15 4 10 12 11 3 7 11 5 10 14 7 2 
9 6 3 15 4 19 16 10 11 14 16 4 7 15 13 8 5 4 16 14 8 22 18 19 10 14 12 10000 5 14 20 17 12 20 9 5 14 22 5 11 11 18 2 14 17 5 8 18 18 16 14 
12 6 5 15 2 22 19 11 15 16 18 8 10 18 14 12 3 7 16 14 11 24 18 19 8 17 14 5 10000 12 20 18 11 22 13 1 17 22 1 11 9 16 5 16 17 3 9 18 16 15 15 
14 9 11 6 13 15 15 8 18 12 14 13 12 14 7 15 10 13 5 6 11 16 8 7 5 16 9 14 12 10000 9 8 3 16 16 13 16 13 13 7 4 5 13 12 7 10 8 6 5 5 10 
16 15 17 5 20 10 12 10 19 10 11 17 15 12 8 18 17 18 5 7 13 9 2 2 13 15 9 20 20 9 10000 4 11 11 18 20 14 5 20 10 12 8 18 11 3 17 12 4 11 5 9 
13 12 15 3 18 8 9 8 16 7 8 15 12 9 5 14 15 15 5 4 10 8 2 5 12 12 6 17 18 8 4 10000 10 9 15 18 11 5 18 7 11 9 16 7 2 15 10 5 11 4 6 
14 8 10 8 11 17 15 8 17 13 14 12 11 15 8 15 8 12 7 7 10 17 10 9 3 16 10 12 11 3 11 10 10000 17 16 11 16 15 11 7 2 6 11 13 9 8 8 8 6 7 11 
13 17 19 11 22 1 5 12 14 7 5 17 14 6 10 14 20 18 13 11 12 3 10 12 19 9 9 20 22 16 11 9 17 10000 14 23 8 7 23 12 18 17 19 7 10 20 14 13 20 12 8 
3 10 9 14 13 13 9 9 2 9 9 6 5 8 11 2 12 7 16 12 6 16 16 18 15 6 9 9 13 16 18 15 16 14 10000 14 6 18 14 10 15 20 9 8 15 12 9 18 21 15 9 
13 7 5 16 2 22 19 12 15 17 18 8 10 18 14 13 4 8 16 14 11 24 19 19 8 17 14 5 1 13 20 18 11 23 14 10000 18 23 1 12 10 17 6 16 18 3 9 18 16 16 16 
6 12 13 12 17 7 4 9 7 5 4 11 8 3 9 7 15 11 14 11 7 11 13 15 16 1 7 14 17 16 14 11 16 8 6 18 10000 13 18 10 16 18 13 4 12 16 10 16 20 13 6 
16 17 19 8 23 7 10 12 18 9 9 19 16 10 9 18 20 19 9 9 14 5 5 7 17 14 10 22 22 13 5 5 15 7 18 23 13 10000 23 12 15 12 20 10 6 20 14 8 15 8 9 
13 7 5 16 2 22 20 12 16 17 19 8 10 19 14 13 4 8 17 15 12 24 19 19 8 18 15 5 1 13 20 18 11 23 14 1 18 23 10000 12 10 17 6 17 18 4 10 18 16 16 16 
8 6 8 5 11 11 9 2 12 7 8 8 6 9 3 9 9 9 7 4 5 13 8 10 7 10 4 11 11 7 10 7 7 12 10 12 10 12 12 10000 7 10 9 6 7 9 3 9 11 6 5 
13 7 9 8 10 17 16 8 17 13 15 11 10 15 8 14 7 11 8 8 10 18 11 11 2 16 10 11 9 4 12 11 2 18 15 10 16 15 10 7 10000 8 10 13 10 7 7 9 7 8 11 
18 13 16 7 17 17 17 11 21 14 16 17 16 17 10 19 14 18 5 8 14 16 8 6 9 19 12 18 16 5 8 9 6 17 20 17 18 12 17 10 8 10000 17 15 8 14 12 5 3 6 13 
7 4 2 14 5 18 15 9 10 13 14 3 5 14 11 8 5 3 15 12 7 20 17 18 9 12 11 2 5 13 18 16 11 19 9 6 13 20 6 9 10 17 10000 12 15 5 6 17 17 14 12 
7 10 12 8 16 6 4 5 9 1 3 10 8 3 6 8 13 11 10 7 6 9 9 12 13 5 3 14 16 12 11 7 13 7 8 16 4 10 17 6 13 15 12 10000 8 14 7 12 16 9 2 
13 12 15 2 18 9 10 8 17 8 9 15 12 10 5 15 14 15 3 4 10 9 2 4 11 13 7 17 17 7 3 2 9 10 15 18 12 6 18 7 10 8 15 8 10000 15 10 4 10 3 7 
11 4 4 13 4 19 17 9 14 14 16 7 8 16 11 11 1 7 13 11 9 21 16 16 5 15 11 5 3 10 17 15 8 20 12 3 16 20 4 9 7 14 5 14 15 10000 7 15 13 13 13 
7 3 6 8 9 13 11 3 10 8 10 6 4 10 5 8 6 6 9 6 3 15 11 12 7 10 5 8 9 8 12 10 8 14 9 9 10 14 10 3 7 12 6 7 10 7 10000 11 13 9 7 
16 13 16 5 18 13 13 10 19 11 13 16 15 13 7 18 15 17 2 6 13 12 4 2 11 16 10 18 18 6 4 5 8 13 18 18 16 8 18 9 9 5 17 12 4 15 11 10000 7 3 10 
19 13 15 10 16 19 19 13 23 16 18 17 16 18 11 20 13 18 7 10 15 19 10 9 9 20 14 18 16 5 11 11 6 20 21 16 20 15 16 11 7 3 17 16 10 13 13 7 10000 8 15 
13 11 13 2 16 11 11 7 17 9 11 14 12 11 4 15 13 14 1 3 10 12 4 4 9 14 7 16 15 5 5 4 7 12 15 16 13 8 16 6 8 6 14 9 3 13 9 3 8 10000 7 
8 10 12 6 15 7 5 4 11 2 4 10 8 4 4 9 13 11 8 5 6 9 8 10 12 7 2 14 15 10 9 6 11 8 9 16 6 9 16 5 11 13 12 2 7 13 7 10 15 7 10000 
