50
10
1000	500	0	1000	8124.000000	5306.000000
7	6	7	7	575.000000	3702.000000
6	5	5	6	4942.000000	1988.000000
10	8	1	9	2988.000000	9830.000000
8	0	8	8	9105.000000	2650.000000
8	8	7	8	7506.000000	7207.000000
6	0	0	4	7742.000000	8626.000000
10	1	10	10	8979.000000	42.000000
8	8	1	1	2158.000000	177.000000
7	3	4	5	3242.000000	4588.000000
7	3	5	5	6602.000000	666.000000
9	1	9	9	398.000000	5707.000000
10	9	6	10	1155.000000	6236.000000
8	5	7	8	1573.000000	6685.000000
7	6	2	4	2375.000000	967.000000
9	3	3	4	3072.000000	7224.000000
10	10	5	9	202.000000	4914.000000
6	5	0	2	7430.000000	2250.000000
9	5	3	6	1593.000000	3275.000000
10	8	3	3	2336.000000	5433.000000
9	0	0	9	3634.000000	2412.000000
8	3	6	6	2637.000000	4498.000000
10	6	3	6	4471.000000	1604.000000
7	5	2	3	5969.000000	952.000000
7	4	4	5	3103.000000	5607.000000
7	6	2	3	3013.000000	475.000000
8	0	4	4	8083.000000	2446.000000
7	1	5	7	3736.000000	2941.000000
9	6	8	9	4058.000000	2789.000000
9	3	8	8	9547.000000	274.000000
10	7	1	1	846.000000	2339.000000
10	6	4	5	6801.000000	3223.000000
7	2	1	2	3786.000000	412.000000
7	0	1	4	1980.000000	8420.000000
8	7	6	8	9420.000000	3795.000000
8	4	7	7	2292.000000	7707.000000
9	0	1	1	2260.000000	3088.000000
6	4	4	4	7122.000000	7444.000000
7	6	2	4	325.000000	5533.000000
7	2	4	7	1314.000000	9354.000000
9	0	2	8	2200.000000	6405.000000
6	4	5	6	6145.000000	5764.000000
7	7	7	7	9498.000000	3836.000000
7	0	5	7	5116.000000	4372.000000
7	2	7	7	2576.000000	1704.000000
7	7	2	7	1096.000000	8389.000000
10	2	10	10	3164.000000	968.000000
8	7	8	8	1294.000000	8907.000000
10	7	7	10	8568.000000	9854.000000
6	0	0	0	4857.000000	1279.000000
7	7	5	5	2818.000000	7493.000000
10000 16 10 14 6 4 7 11 16 10 10 16 15 14 15 11 16 7 14 12 11 12 11 10 11 15 6 10 10 11 16 5 14 14 4 13 13 5 16 16 13 5 5 7 14 16 14 16 10 11 12 
16 10000 10 14 18 16 18 19 8 6 14 5 6 7 7 9 3 15 3 5 7 5 9 13 7 9 16 7 8 20 3 13 10 10 18 9 4 16 4 12 7 12 18 10 6 10 8 11 21 10 9 
10 10 10000 17 9 12 15 9 7 7 5 12 12 12 6 12 12 6 8 9 3 7 2 3 9 5 7 4 3 10 9 5 4 15 10 13 6 12 12 17 11 8 10 5 5 15 5 16 18 2 12 
14 14 17 10000 19 11 10 23 20 11 20 10 9 7 18 6 12 18 14 9 15 11 17 19 9 19 18 14 15 24 16 16 19 4 18 5 14 10 11 4 8 11 18 12 17 5 18 4 12 18 5 
6 18 9 19 10000 10 13 6 15 13 7 19 18 18 14 16 19 4 16 15 11 14 10 8 14 13 3 11 11 5 17 5 12 19 3 17 14 11 19 21 16 9 3 9 14 20 13 21 15 9 16 
4 16 12 11 10 10000 3 15 18 11 14 15 13 12 17 9 16 10 15 11 13 12 13 13 10 17 10 12 12 15 17 9 16 12 8 11 14 1 15 14 11 4 8 8 15 14 16 13 6 13 10 
7 18 15 10 13 3 10000 18 21 13 17 16 15 13 19 10 17 13 17 13 15 14 16 16 12 19 13 14 14 18 19 11 19 12 11 12 16 3 17 13 12 7 11 10 18 14 18 13 3 16 11 
11 19 9 23 6 15 18 10000 14 15 5 21 20 20 14 19 21 6 17 18 12 16 10 7 17 12 6 12 12 2 17 8 11 22 8 21 15 16 21 25 19 13 8 12 14 23 12 24 20 9 20 
16 8 7 20 15 18 21 14 10000 10 9 12 13 14 2 15 11 12 7 11 6 9 6 8 12 2 13 7 7 15 6 12 4 17 17 16 6 18 12 19 13 14 17 11 4 17 3 18 24 6 15 
10 6 7 11 13 11 13 15 10 10000 11 7 6 6 8 6 7 10 5 3 5 2 7 10 3 9 11 4 4 16 7 8 9 9 13 7 4 10 7 11 5 7 13 4 6 9 8 10 15 8 6 
10 14 5 20 7 14 17 5 9 11 10000 16 16 16 9 15 16 4 12 13 7 12 5 2 13 8 5 8 7 6 12 6 6 19 9 17 10 14 16 21 15 11 9 8 9 19 7 20 19 4 16 
16 5 12 10 19 15 16 21 12 7 16 10000 2 4 11 7 2 16 6 4 10 6 12 15 6 12 17 9 10 22 7 14 13 7 19 6 7 14 1 8 4 12 19 10 10 6 11 7 19 13 7 
15 6 12 9 18 13 15 20 13 6 16 2 10000 2 11 5 4 15 6 3 10 5 12 15 5 13 16 9 10 21 8 13 13 5 18 4 7 13 3 7 3 11 18 9 10 5 12 6 17 13 5 
14 7 12 7 18 12 13 20 14 6 16 4 2 10000 12 4 5 15 7 3 10 5 12 15 4 13 16 9 10 21 9 13 14 4 17 3 8 12 4 6 2 10 17 9 11 4 12 5 16 13 3 
15 7 6 18 14 17 19 14 2 8 9 11 11 12 10000 13 10 11 5 9 4 8 5 8 10 2 12 5 5 15 5 10 4 15 16 14 5 17 11 17 11 13 16 9 2 16 2 17 22 6 14 
11 9 12 6 16 9 10 19 15 6 15 7 5 4 13 10000 8 14 9 4 10 6 12 14 4 14 14 9 10 19 11 11 14 4 15 2 9 9 7 6 3 7 15 8 12 5 13 5 13 13 1 
16 3 12 12 19 16 17 21 11 7 16 2 4 5 10 8 10000 16 5 5 9 5 11 14 6 11 17 9 9 21 6 14 12 8 19 7 6 15 2 10 5 13 19 10 8 8 10 9 20 12 8 
7 15 6 18 4 10 13 6 12 10 4 16 15 15 11 14 16 10000 12 13 8 11 7 4 11 10 2 8 7 6 14 3 9 17 6 15 11 11 16 19 14 8 6 7 10 18 9 19 16 6 14 
14 3 8 14 16 15 17 17 7 5 12 6 6 7 5 9 5 12 10000 5 5 4 7 10 6 7 14 5 6 18 3 11 8 11 16 9 2 14 6 13 7 11 16 8 4 11 6 12 20 8 9 
12 5 9 9 15 11 13 18 11 3 13 4 3 3 9 4 5 13 5 10000 7 2 9 12 2 11 13 6 7 18 7 10 11 7 15 5 5 11 5 9 2 8 15 6 8 7 10 8 16 10 5 
11 7 3 15 11 13 15 12 6 5 7 10 10 10 4 10 9 8 5 7 10000 5 3 6 7 5 9 2 2 13 6 7 5 13 12 11 4 13 10 15 9 9 13 5 3 13 4 14 18 4 11 
12 5 7 11 14 12 14 16 9 2 12 6 5 5 8 6 5 11 4 2 5 10000 7 10 3 9 12 4 5 17 6 9 9 8 14 7 3 11 6 11 4 8 14 5 6 9 8 10 16 8 7 
11 9 2 17 10 13 16 10 6 7 5 12 12 12 5 12 11 7 7 9 3 7 10000 4 9 4 8 4 3 11 8 6 3 15 11 13 6 13 12 17 11 9 12 6 4 16 3 16 19 2 13 
10 13 3 19 8 13 16 7 8 10 2 15 15 15 8 14 14 4 10 12 6 10 4 10000 11 6 6 6 6 8 11 5 5 17 9 16 9 14 15 20 14 10 10 8 7 18 6 19 19 3 15 
11 7 9 9 14 10 12 17 12 3 13 6 5 4 10 4 6 11 6 2 7 3 9 11 10000 11 12 6 6 17 8 9 11 7 14 5 6 9 6 9 3 7 14 5 8 7 10 8 14 10 4 
15 9 5 19 13 17 19 12 2 9 8 12 13 13 2 14 11 10 7 11 5 9 4 6 11 10000 11 6 6 14 6 10 2 17 15 15 6 17 12 19 12 13 15 9 3 17 2 18 22 5 15 
6 16 7 18 3 10 13 6 13 11 5 17 16 16 12 14 17 2 14 13 9 12 8 6 12 11 10000 9 9 6 15 3 10 18 4 16 12 11 17 20 15 8 4 8 12 19 11 19 15 7 15 
10 7 4 14 11 12 14 12 7 4 8 9 9 9 5 9 9 8 5 6 2 4 4 6 6 6 9 10000 1 13 6 7 6 12 12 10 3 12 9 14 8 8 12 4 4 13 5 13 17 5 10 
10 8 3 15 11 12 14 12 7 4 7 10 10 10 5 10 9 7 6 7 2 5 3 6 6 6 9 1 10000 13 7 6 5 13 11 11 4 12 10 15 9 8 12 4 4 13 5 14 17 4 10 
11 20 10 24 5 15 18 2 15 16 6 22 21 21 15 19 21 6 18 18 13 17 11 8 17 14 6 13 13 10000 18 9 12 23 8 21 16 16 22 25 20 13 8 13 15 24 13 24 20 10 20 
16 3 9 16 17 17 19 17 6 7 12 7 8 9 5 11 6 14 3 7 6 6 8 11 8 6 15 6 7 18 10000 13 8 13 18 12 4 17 7 15 9 13 18 10 4 13 6 14 22 9 12 
5 13 5 16 5 9 11 8 12 8 6 14 13 13 10 11 14 3 11 10 7 9 6 5 9 10 3 7 6 9 13 10000 9 15 6 13 10 9 14 17 12 6 6 5 9 16 9 16 14 6 12 
14 10 4 19 12 16 19 11 4 9 6 13 13 14 4 14 12 9 8 11 5 9 3 5 11 2 10 6 5 12 8 9 10000 17 14 15 7 16 13 19 13 12 14 9 4 17 2 18 22 3 15 
14 10 15 4 19 12 12 22 17 9 19 7 5 4 15 4 8 17 11 7 13 8 15 17 7 17 18 12 13 23 13 15 17 10000 18 2 11 11 7 3 5 10 18 11 14 2 16 2 14 16 3 
4 18 10 18 3 8 11 8 17 13 9 19 18 17 16 15 19 6 16 15 12 14 11 9 14 15 4 12 11 8 18 6 14 18 10000 17 15 9 19 20 16 8 1 9 15 20 14 20 13 11 16 
13 9 13 5 17 11 12 21 16 7 17 6 4 3 14 2 7 15 9 5 11 7 13 16 5 15 16 10 11 21 12 13 15 2 17 10000 10 10 6 4 3 9 17 9 13 3 14 4 14 14 2 
13 4 6 14 14 14 16 15 6 4 10 7 7 8 5 9 6 11 2 5 4 3 6 9 6 6 12 3 4 16 4 10 7 11 15 10 10000 14 7 13 7 10 15 7 3 11 5 12 19 7 9 
5 16 12 10 11 1 3 16 18 10 14 14 13 12 17 9 15 11 14 11 13 11 13 14 9 17 11 12 12 16 17 9 16 11 9 10 14 10000 15 13 11 4 9 8 15 13 16 13 6 14 9 
16 4 12 11 19 15 17 21 12 7 16 1 3 4 11 7 2 16 6 5 10 6 12 15 6 12 17 9 10 22 7 14 13 7 19 6 7 15 10000 8 5 12 19 10 9 6 11 8 19 13 7 
16 12 17 4 21 14 13 25 19 11 21 8 7 6 17 6 10 19 13 9 15 11 17 20 9 19 20 14 15 25 15 17 19 3 20 4 13 13 8 10000 7 13 20 13 16 2 18 1 15 18 5 
13 7 11 8 16 11 12 19 13 5 15 4 3 2 11 3 5 14 7 2 9 4 11 14 3 12 15 8 9 20 9 12 13 5 16 3 7 11 5 7 10000 8 16 8 10 5 12 6 15 12 3 
5 12 8 11 9 4 7 13 14 7 11 12 11 10 13 7 13 8 11 8 9 8 9 10 7 13 8 8 8 13 13 6 12 10 8 9 10 4 12 13 8 10000 8 4 11 12 12 12 10 10 8 
5 18 10 18 3 8 11 8 17 13 9 19 18 17 16 15 19 6 16 15 13 14 12 10 14 15 4 12 12 8 18 6 14 18 1 17 15 9 19 20 16 8 10000 9 15 20 14 20 13 11 16 
7 10 5 12 9 8 10 12 11 4 8 10 9 9 9 8 10 7 8 6 5 5 6 8 5 9 8 4 4 13 10 5 9 11 9 9 7 8 10 13 8 4 9 10000 8 12 8 12 13 7 8 
14 6 5 17 14 15 18 14 4 6 9 10 10 11 2 12 8 10 4 8 3 6 4 7 8 3 12 4 4 15 4 9 4 14 15 13 3 15 9 16 10 11 15 8 10000 14 2 15 21 5 12 
16 10 15 5 20 14 14 23 17 9 19 6 5 4 16 5 8 18 11 7 13 9 16 18 7 17 19 13 13 24 13 16 17 2 20 3 11 13 6 2 5 12 20 12 14 10000 16 2 16 17 4 
14 8 5 18 13 16 18 12 3 8 7 11 12 12 2 13 10 9 6 10 4 8 3 6 10 2 11 5 5 13 6 9 2 16 14 14 5 16 11 18 12 12 14 8 2 16 10000 17 21 4 14 
16 11 16 4 21 13 13 24 18 10 20 7 6 5 17 5 9 19 12 8 14 10 16 19 8 18 19 13 14 24 14 16 18 2 20 4 12 13 8 1 6 12 20 12 15 2 17 10000 15 17 5 
10 21 18 12 15 6 3 20 24 15 19 19 17 16 22 13 20 16 20 16 18 16 19 19 14 22 15 17 17 20 22 14 22 14 13 14 19 6 19 15 15 10 13 13 21 16 21 15 10000 19 13 
11 10 2 18 9 13 16 9 6 8 4 13 13 13 6 13 12 6 8 10 4 8 2 3 10 5 7 5 4 10 9 6 3 16 11 14 7 14 13 18 12 10 11 7 5 17 4 17 19 10000 14 
12 9 12 5 16 10 11 20 15 6 16 7 5 3 14 1 8 14 9 5 11 7 13 15 4 15 15 10 10 20 12 12 15 3 16 2 9 9 7 5 3 8 16 8 12 4 14 5 13 14 10000 
