40
10
1000	500	0	1000	4022.000000	1785.000000
9	1	7	8	7929.000000	8440.000000
9	9	7	8	673.000000	9657.000000
10	9	6	10	1737.000000	990.000000
10	0	1	9	4073.000000	5232.000000
7	6	0	5	1521.000000	6130.000000
8	3	2	5	7581.000000	4966.000000
9	7	5	8	1944.000000	6938.000000
9	3	8	9	5660.000000	6480.000000
8	3	0	2	3060.000000	5357.000000
6	2	4	5	5738.000000	8362.000000
6	2	6	6	4355.000000	126.000000
8	3	3	8	1479.000000	6571.000000
6	0	2	3	2000.000000	405.000000
10	1	4	6	1327.000000	6309.000000
10	5	7	7	490.000000	9840.000000
9	5	7	9	1255.000000	7867.000000
7	5	2	5	502.000000	1132.000000
8	5	0	1	3232.000000	9143.000000
9	0	6	9	5204.000000	2462.000000
7	3	4	6	700.000000	554.000000
6	1	5	5	8783.000000	502.000000
10	7	0	1	2554.000000	2292.000000
10	8	3	8	6844.000000	2226.000000
9	8	5	5	2878.000000	6871.000000
8	1	1	5	322.000000	7067.000000
10	0	7	10	4749.000000	5211.000000
9	6	0	6	2805.000000	963.000000
10	8	3	7	886.000000	7512.000000
10	7	8	8	8180.000000	3461.000000
7	7	4	6	5632.000000	142.000000
8	0	1	1	5770.000000	4274.000000
7	5	6	7	1878.000000	7871.000000
9	9	5	8	1151.000000	1540.000000
8	2	7	8	7234.000000	4364.000000
6	2	6	6	1272.000000	9468.000000
7	0	7	7	8999.000000	8812.000000
10	10	7	10	4451.000000	3538.000000
8	2	0	0	9878.000000	959.000000
8	2	4	6	4896.000000	1632.000000
10	8	2	5	1477.000000	1099.000000
10000 16 18 5 7 11 10 12 10 8 14 4 11 5 11 18 14 8 15 3 8 10 4 6 11 13 8 3 14 9 5 7 13 6 9 17 18 4 12 2 6 
16 10000 15 20 11 14 7 13 6 12 5 19 14 20 14 16 14 21 10 14 22 16 17 13 11 16 10 19 15 10 18 10 13 20 9 14 3 13 16 15 20 
18 15 10000 18 12 8 17 7 12 10 11 21 7 19 7 1 4 18 6 18 19 25 16 20 8 6 13 18 5 20 22 15 5 17 17 2 17 15 26 19 18 
5 20 18 10000 10 11 15 12 14 10 17 6 12 2 11 18 14 3 17 8 3 15 4 11 12 13 11 3 14 14 8 11 14 2 13 17 22 8 17 7 1 
7 11 12 10 10000 6 8 6 5 3 8 11 6 11 6 12 8 11 9 6 12 14 7 9 5 9 2 9 8 9 11 4 7 10 7 11 13 4 15 8 10 
11 14 8 11 6 10000 13 2 9 4 10 14 1 12 1 8 4 11 7 11 12 19 8 14 4 4 7 11 4 15 15 10 4 10 12 7 16 8 20 12 11 
10 7 17 15 8 13 10000 12 5 10 8 12 13 15 13 18 14 17 13 7 17 10 12 6 11 16 6 13 15 4 11 4 13 15 2 16 9 7 10 9 15 
12 13 7 12 6 2 12 10000 8 4 9 15 2 14 2 7 3 12 6 12 14 19 10 14 2 4 7 13 3 15 16 10 2 11 12 6 15 9 20 13 12 
10 6 12 14 5 9 5 8 10000 6 4 13 9 15 9 13 10 15 8 9 16 14 11 9 6 11 4 13 10 8 13 5 9 14 6 11 9 7 14 10 14 
8 12 10 10 3 4 10 4 6 10000 9 11 4 11 4 11 7 10 8 8 11 16 7 10 4 7 4 9 7 11 12 6 6 9 9 9 14 5 17 9 10 
14 5 11 17 8 10 8 9 4 9 10000 17 10 18 10 11 10 18 6 12 19 17 14 13 7 12 7 16 10 11 17 9 8 17 9 10 7 10 17 14 17 
4 19 21 6 11 14 12 15 13 11 17 10000 15 5 14 21 17 8 19 5 8 9 6 7 14 17 11 4 17 11 3 9 17 8 11 20 20 7 12 4 7 
11 14 7 12 6 1 13 2 9 4 10 15 10000 13 1 7 3 12 7 12 13 19 9 14 3 3 8 12 3 15 16 10 3 11 13 6 16 9 21 13 11 
5 20 19 2 11 12 15 14 15 11 18 5 13 10000 12 20 15 4 18 8 3 14 4 11 14 14 12 2 15 14 8 11 15 3 14 19 22 8 16 7 2 
11 14 7 11 6 1 13 2 9 4 10 14 1 12 10000 8 4 11 7 11 12 19 9 14 4 3 8 12 3 15 16 10 4 10 13 7 17 9 21 12 11 
18 16 1 18 12 8 18 7 13 11 11 21 7 20 8 10000 5 18 6 18 19 25 16 20 8 6 13 19 5 20 22 16 5 17 18 2 18 15 26 19 18 
14 14 4 14 8 4 14 3 10 7 10 17 3 15 4 5 10000 14 5 14 15 22 12 16 4 3 9 15 2 17 18 12 2 13 14 4 16 11 23 15 14 
8 21 18 3 11 11 17 12 15 10 18 8 12 4 11 18 14 10000 17 10 2 17 5 13 13 12 12 5 13 17 11 13 14 2 15 17 23 10 19 9 2 
15 10 6 17 9 7 13 6 8 8 6 19 7 18 7 6 5 17 10000 14 18 21 14 16 5 8 9 17 6 16 19 11 4 16 13 4 12 12 22 16 17 
3 14 18 8 6 11 7 12 9 8 12 5 12 8 11 18 14 10 14 10000 10 9 6 4 10 14 6 6 14 7 5 4 13 9 6 17 15 3 10 2 8 
8 22 19 3 12 12 17 14 16 11 19 8 13 3 12 19 15 2 18 10 10000 17 6 13 14 14 13 5 14 17 10 13 15 3 16 18 24 10 19 9 2 
10 16 25 15 14 19 10 19 14 16 17 9 19 14 19 25 22 17 21 9 17 10000 13 6 18 22 13 12 22 7 7 10 21 16 9 24 17 11 3 9 15 
4 17 16 4 7 8 12 10 11 7 14 6 9 4 9 16 12 5 14 6 6 13 10000 9 10 11 8 3 11 12 8 8 12 4 11 15 19 5 15 5 4 
6 13 20 11 9 14 6 14 9 10 13 7 14 11 14 20 16 13 16 4 13 6 9 10000 13 17 8 9 16 4 5 5 16 12 5 19 14 6 7 5 11 
11 11 8 12 5 4 11 2 6 4 7 14 3 14 4 8 4 13 5 10 14 18 10 13 10000 6 6 12 5 13 15 8 3 12 11 7 13 8 19 12 12 
13 16 6 13 9 4 16 4 11 7 12 17 3 14 3 6 3 12 8 14 14 22 11 17 6 10000 10 14 2 18 18 13 4 12 15 6 18 11 23 15 13 
8 10 13 11 2 7 6 7 4 4 7 11 8 12 8 13 9 12 9 6 13 13 8 8 6 10 10000 10 9 8 11 3 8 11 6 11 12 4 14 8 11 
3 19 18 3 9 11 13 13 13 9 16 4 12 2 12 19 15 5 17 6 5 12 3 9 12 14 10 10000 14 12 6 9 14 4 12 18 20 7 15 5 3 
14 15 5 14 8 4 15 3 10 7 10 17 3 15 3 5 2 13 6 14 14 22 11 16 5 2 9 14 10000 17 18 12 3 12 15 4 17 11 23 15 13 
9 10 20 14 9 15 4 15 8 11 11 11 15 14 15 20 17 17 16 7 17 7 12 4 13 18 8 12 17 10000 9 6 16 15 3 19 11 8 7 8 15 
5 18 22 8 11 15 11 16 13 12 17 3 16 8 16 22 18 11 19 5 10 7 8 5 15 18 11 6 18 9 10000 9 18 10 10 21 19 8 9 4 9 
7 10 15 11 4 10 4 10 5 6 9 9 10 11 10 16 12 13 11 4 13 10 8 5 8 13 3 9 12 6 9 10000 11 11 3 14 12 4 11 6 11 
13 13 5 14 7 4 13 2 9 6 8 17 3 15 4 5 2 14 4 13 15 21 12 16 3 4 8 14 3 16 18 11 10000 13 13 4 15 11 22 14 14 
6 20 17 2 10 10 15 11 14 9 17 8 11 3 10 17 13 2 16 9 3 16 4 12 12 12 11 4 12 15 10 11 13 10000 14 16 22 8 18 8 2 
9 9 17 13 7 12 2 12 6 9 9 11 13 14 13 18 14 15 13 6 16 9 11 5 11 15 6 12 15 3 10 3 13 14 10000 16 10 6 9 8 14 
17 14 2 17 11 7 16 6 11 9 10 20 6 19 7 2 4 17 4 17 18 24 15 19 7 6 11 18 4 19 21 14 4 16 16 10000 16 14 25 18 17 
18 3 17 22 13 16 9 15 9 14 7 20 16 22 17 18 16 23 12 15 24 17 19 14 13 18 12 20 17 11 19 12 15 22 10 16 10000 14 16 17 22 
4 13 15 8 4 8 7 9 7 5 10 7 9 8 9 15 11 10 12 3 10 11 5 6 8 11 4 7 11 8 8 4 11 8 6 14 14 10000 13 4 8 
12 16 26 17 15 20 10 20 14 17 17 12 21 16 21 26 23 19 22 10 19 3 15 7 19 23 14 15 23 7 9 11 22 18 9 25 16 13 10000 11 17 
2 15 19 7 8 12 9 13 10 9 14 4 13 7 12 19 15 9 16 2 9 9 5 5 12 15 8 5 15 8 4 6 14 8 8 18 17 4 11 10000 7 
6 20 18 1 10 11 15 12 14 10 17 7 11 2 11 18 14 2 17 8 2 15 4 11 12 13 11 3 13 15 9 11 14 2 14 17 22 8 17 7 10000 
