50
10
1000	500	0	1000	9970.000000	153.000000
7	1	7	7	9369.000000	3860.000000
10	0	5	10	3908.000000	1065.000000
6	5	0	1	8766.000000	6842.000000
10	6	8	9	9790.000000	1329.000000
6	2	0	6	267.000000	6991.000000
9	9	9	9	2323.000000	6555.000000
9	1	3	5	7623.000000	2994.000000
7	3	7	7	2198.000000	7403.000000
6	5	6	6	8112.000000	5251.000000
9	6	4	8	8768.000000	4355.000000
8	5	3	6	6571.000000	1033.000000
10	10	8	8	5911.000000	3379.000000
8	0	5	6	4840.000000	9856.000000
6	2	4	5	7886.000000	1609.000000
6	5	4	4	525.000000	7845.000000
8	2	7	7	2860.000000	2766.000000
10	6	3	3	4597.000000	3954.000000
6	4	4	4	5818.000000	611.000000
6	1	3	4	3245.000000	2755.000000
9	1	5	5	3003.000000	7803.000000
10	1	1	7	2399.000000	4945.000000
8	0	6	7	6838.000000	9924.000000
6	3	1	3	9748.000000	1593.000000
10	4	4	7	4515.000000	8050.000000
7	2	7	7	2418.000000	1332.000000
6	0	3	3	6458.000000	856.000000
10	2	5	7	3876.000000	8452.000000
6	2	5	6	197.000000	1581.000000
8	6	7	8	361.000000	456.000000
6	3	0	5	7319.000000	4011.000000
6	6	3	3	6552.000000	6223.000000
10	6	1	9	9687.000000	4525.000000
10	6	7	8	1652.000000	3543.000000
8	4	7	7	8774.000000	1179.000000
7	6	4	7	9416.000000	9325.000000
9	6	2	6	5763.000000	7682.000000
7	5	5	7	948.000000	7808.000000
10	5	5	8	9918.000000	1790.000000
7	5	2	3	1274.000000	6899.000000
10	10	0	7	278.000000	1496.000000
6	3	4	6	8923.000000	1807.000000
10	10	3	5	7363.000000	1296.000000
8	2	6	7	5456.000000	957.000000
7	1	4	6	357.000000	6390.000000
8	0	3	8	7849.000000	9148.000000
7	4	0	0	6452.000000	5803.000000
9	3	5	9	4452.000000	542.000000
8	7	5	8	3582.000000	3162.000000
10	3	8	10	8289.000000	4796.000000
7	6	5	5	7231.000000	357.000000
10000 8 13 14 3 24 20 8 22 11 9 8 11 22 6 25 16 14 9 15 21 18 21 3 20 16 8 21 20 20 10 14 9 18 4 19 18 24 4 23 20 4 6 10 23 19 14 12 15 10 6 
8 10000 13 7 6 20 16 4 16 4 2 8 7 16 6 20 14 10 10 13 15 15 14 5 13 15 9 15 19 20 5 8 2 16 6 11 11 19 5 18 19 5 7 10 19 12 8 12 12 3 9 
13 13 10000 16 12 14 12 9 14 12 12 6 7 18 9 16 4 6 4 4 14 9 19 12 15 4 6 15 8 8 10 12 14 7 10 20 14 15 13 13 8 11 7 4 13 18 11 2 5 12 7 
14 7 16 10000 12 18 13 9 14 4 5 13 9 10 11 17 15 11 14 14 12 14 8 11 9 17 13 11 21 22 7 5 5 16 12 6 7 16 11 15 21 11 12 14 17 5 6 16 13 5 14 
3 6 12 12 10000 23 19 6 20 9 7 7 9 20 4 23 15 12 9 14 19 17 19 1 18 15 7 19 20 19 8 12 7 17 3 17 16 22 1 21 20 2 5 9 22 17 12 11 13 8 6 
24 20 14 18 23 10000 5 17 4 17 18 18 14 11 19 2 10 11 17 11 6 6 15 22 9 13 18 8 11 14 16 13 20 8 21 19 12 3 22 3 11 21 19 16 2 16 13 16 11 17 20 
20 16 12 13 19 5 10000 13 2 12 14 14 10 9 15 5 8 7 14 8 3 4 12 18 6 11 15 5 11 13 12 9 16 7 17 16 8 4 18 3 11 17 15 13 4 13 9 13 8 13 16 
8 4 9 9 6 17 13 10000 14 5 4 5 4 15 3 18 10 7 6 9 14 12 14 6 12 11 5 14 16 16 3 7 6 12 5 14 11 17 6 15 15 4 4 6 17 13 7 9 9 4 6 
22 16 14 14 20 4 2 14 10000 13 15 16 11 8 17 4 10 9 16 10 2 5 11 20 5 13 16 4 13 15 13 10 17 8 19 15 8 3 20 3 13 18 16 15 5 12 10 15 9 14 18 
11 4 12 4 9 17 12 5 13 10000 3 9 6 12 8 17 12 8 11 11 12 12 10 9 10 14 10 11 18 19 3 4 4 14 9 9 7 16 8 15 18 8 9 11 16 8 4 12 10 1 10 
9 2 12 5 7 18 14 4 15 3 10000 8 7 14 6 18 13 9 10 12 14 13 12 6 12 15 9 13 19 19 3 6 2 15 7 11 9 18 6 16 18 6 7 10 18 10 6 12 11 2 9 
8 8 6 13 7 18 14 5 16 9 8 10000 5 18 3 19 9 8 2 8 16 12 18 7 15 9 1 16 13 13 7 11 10 12 5 18 14 18 7 16 13 5 2 3 17 17 10 5 8 9 2 
11 7 7 9 9 14 10 4 11 6 7 5 10000 14 6 14 7 3 6 6 11 8 14 9 10 9 6 11 12 13 4 6 8 9 8 14 9 14 9 12 12 7 6 5 13 13 5 7 5 6 7 
22 16 18 10 20 11 9 15 8 12 14 18 14 10000 18 10 15 12 19 15 6 11 4 20 4 18 19 4 19 21 13 9 15 15 20 10 5 9 20 10 20 19 18 18 12 7 9 19 14 13 20 
6 6 9 11 4 19 15 3 17 8 6 3 6 18 10000 20 11 9 5 10 16 13 17 4 15 11 4 16 16 16 5 10 7 14 2 16 13 19 5 17 16 3 2 6 18 16 9 8 10 7 3 
25 20 16 17 23 2 5 18 4 17 18 19 14 10 20 10000 12 12 18 12 5 7 14 23 8 14 19 7 13 15 16 13 20 9 22 19 11 1 23 3 13 21 19 17 3 15 13 17 12 17 21 
16 14 4 15 15 10 8 10 10 12 13 9 7 15 11 12 10000 5 8 1 11 5 17 14 12 4 9 12 6 7 10 11 15 3 13 19 12 11 15 9 6 13 10 7 9 17 10 6 2 12 10 
14 10 6 11 12 11 7 7 9 8 9 8 3 12 9 12 5 10000 8 4 9 5 13 12 9 7 8 10 10 11 6 6 11 6 11 15 8 11 12 9 10 10 8 7 10 13 6 7 3 8 9 
9 10 4 14 9 17 14 6 16 11 10 2 6 19 5 18 8 8 10000 7 16 12 19 9 16 7 2 17 12 11 8 12 12 11 7 19 15 18 9 16 12 7 4 2 16 18 11 3 7 10 3 
15 13 4 14 14 11 8 9 10 11 12 8 6 15 10 12 1 4 7 10000 11 5 17 14 11 4 8 12 7 8 9 10 14 4 12 19 12 12 14 10 7 12 9 6 10 16 9 6 2 11 10 
21 15 14 12 19 6 3 14 2 12 14 16 11 6 16 5 11 9 16 11 10000 6 9 19 4 13 16 3 14 16 12 8 15 9 18 14 6 5 19 4 14 17 16 15 6 11 8 15 10 13 18 
18 15 9 14 17 6 4 12 5 12 13 12 8 11 13 7 5 5 12 5 6 10000 14 17 8 8 12 8 9 10 11 9 15 4 15 17 9 7 17 5 9 15 13 11 6 14 9 10 5 12 14 
21 14 19 8 19 15 12 14 11 10 12 18 14 4 17 14 17 13 19 17 9 14 10000 18 6 20 19 7 22 23 12 8 13 17 18 6 5 13 18 13 22 17 18 19 15 3 9 20 16 11 20 
3 5 12 11 1 22 18 6 20 9 6 7 9 20 4 23 14 12 9 14 19 17 18 10000 17 15 7 19 20 19 7 12 6 17 3 16 15 22 1 20 19 2 5 9 22 16 11 11 13 8 6 
20 13 15 9 18 9 6 12 5 10 12 15 10 4 15 8 12 9 16 11 4 8 6 17 10000 15 15 2 16 18 10 6 13 11 17 11 3 8 17 7 16 16 15 15 9 8 6 16 10 10 17 
16 15 4 17 15 13 11 11 13 14 15 9 9 18 11 14 4 7 7 4 13 8 20 15 15 10000 9 15 5 5 12 13 16 5 13 22 15 14 16 12 5 14 10 7 11 20 13 5 5 14 10 
8 9 6 13 7 18 15 5 16 10 9 1 6 19 4 19 9 8 2 8 16 12 19 7 15 9 10000 17 13 13 7 11 10 12 5 18 14 18 8 16 13 6 3 3 17 17 10 5 8 9 2 
21 15 15 11 19 8 5 14 4 11 13 16 11 4 16 7 12 10 17 12 3 8 7 19 2 15 17 10000 16 18 12 7 15 11 18 12 5 6 18 7 16 17 16 16 9 9 8 16 11 12 18 
20 19 8 21 20 11 11 16 13 18 19 13 12 19 16 13 6 10 12 7 14 9 22 20 16 5 13 16 10000 3 16 16 20 5 18 25 17 13 20 11 1 18 15 11 10 22 16 9 8 18 15 
20 20 8 22 19 14 13 16 15 19 19 13 13 21 16 15 7 11 11 8 16 10 23 19 18 5 13 18 3 10000 16 17 21 7 17 26 19 15 20 14 3 18 15 11 12 23 17 9 9 19 14 
10 5 10 7 8 16 12 3 13 3 3 7 4 13 5 16 10 6 8 9 12 11 12 7 10 12 7 12 16 16 10000 5 5 12 7 12 8 15 7 14 15 6 6 8 15 11 4 10 8 3 8 
14 8 12 5 12 13 9 7 10 4 6 11 6 9 10 13 11 6 12 10 8 9 8 12 6 13 11 7 16 17 5 10000 8 12 12 9 4 12 12 11 16 11 10 11 13 7 1 13 9 5 12 
9 2 14 5 7 20 16 6 17 4 2 10 8 15 7 20 15 11 12 14 15 15 13 6 13 16 10 15 20 21 5 8 10000 17 7 10 11 19 6 18 20 6 8 12 20 10 7 14 13 3 10 
18 16 7 16 17 8 7 12 8 14 15 12 9 15 14 9 3 6 11 4 9 4 17 17 11 5 12 11 5 7 12 12 17 10000 16 20 12 9 17 7 5 15 13 10 7 17 11 9 4 14 13 
4 6 10 12 3 21 17 5 19 9 7 5 8 20 2 22 13 11 7 12 18 15 18 3 17 13 5 18 18 17 7 12 7 16 10000 17 15 21 3 19 18 2 3 7 20 17 11 9 12 8 4 
19 11 20 6 17 19 16 14 15 9 11 18 14 10 16 19 19 15 19 19 14 17 6 16 11 22 18 12 25 26 12 9 10 20 17 10000 9 18 16 17 25 16 17 19 20 4 10 21 17 10 19 
18 11 14 7 16 12 8 11 8 7 9 14 9 5 13 11 12 8 15 12 6 9 5 15 3 15 14 5 17 19 8 4 11 12 15 9 10000 10 15 10 17 14 14 14 12 6 5 15 11 8 15 
24 19 15 16 22 3 4 17 3 16 18 18 14 9 19 1 11 11 18 12 5 7 13 22 8 14 18 6 13 15 15 12 19 9 21 18 10 10000 22 2 13 20 19 17 4 15 12 17 11 16 20 
4 5 13 11 1 22 18 6 20 8 6 7 9 20 5 23 15 12 9 14 19 17 18 1 17 16 8 18 20 20 7 12 6 17 3 16 15 22 10000 21 20 2 6 10 22 16 11 12 13 7 7 
23 18 13 15 21 3 3 15 3 15 16 16 12 10 17 3 9 9 16 10 4 5 13 20 7 12 16 7 11 14 14 11 18 7 19 17 10 2 21 10000 11 19 17 15 3 14 11 15 9 15 18 
20 19 8 21 20 11 11 15 13 18 18 13 12 20 16 13 6 10 12 7 14 9 22 19 16 5 13 16 1 3 15 16 20 5 18 25 17 13 20 11 10000 18 15 11 10 22 16 9 8 18 15 
4 5 11 11 2 21 17 4 18 8 6 5 7 19 3 21 13 10 7 12 17 15 17 2 16 14 6 17 18 18 6 11 6 15 2 16 14 20 2 19 18 10000 4 8 20 15 10 10 12 7 5 
6 7 7 12 5 19 15 4 16 9 7 2 6 18 2 19 10 8 4 9 16 13 18 5 15 10 3 16 15 15 6 10 8 13 3 17 14 19 6 17 15 4 10000 4 18 16 10 7 9 8 2 
10 10 4 14 9 16 13 6 15 11 10 3 5 18 6 17 7 7 2 6 15 11 19 9 15 7 3 16 11 11 8 11 12 10 7 19 14 17 10 15 11 8 4 10000 15 18 10 3 6 10 4 
23 19 13 17 22 2 4 17 5 16 18 17 13 12 18 3 9 10 16 10 6 6 15 22 9 11 17 9 10 12 15 13 20 7 20 20 12 4 22 3 10 20 18 15 10000 16 13 15 10 17 19 
19 12 18 5 17 16 13 13 12 8 10 17 13 7 16 15 17 13 18 16 11 14 3 16 8 20 17 9 22 23 11 7 10 17 17 4 6 15 16 14 22 15 16 18 16 10000 8 19 15 9 18 
14 8 11 6 12 13 9 7 10 4 6 10 5 9 9 13 10 6 11 9 8 9 9 11 6 13 10 8 16 17 4 1 7 11 11 10 5 12 11 11 16 10 10 10 13 8 10000 12 8 5 12 
12 12 2 16 11 16 13 9 15 12 12 5 7 19 8 17 6 7 3 6 15 10 20 11 16 5 5 16 9 9 10 13 14 9 9 21 15 17 12 15 9 10 7 3 15 19 12 10000 6 12 6 
15 12 5 13 13 11 8 9 9 10 11 8 5 14 10 12 2 3 7 2 10 5 16 13 10 5 8 11 8 9 8 9 13 4 12 17 11 11 13 9 8 12 9 6 10 15 8 6 10000 10 10 
10 3 12 5 8 17 13 4 14 1 2 9 6 13 7 17 12 8 10 11 13 12 11 8 10 14 9 12 18 19 3 5 3 14 8 10 8 16 7 15 18 7 8 10 17 9 5 12 10 10000 10 
6 9 7 14 6 20 16 6 18 10 9 2 7 20 3 21 10 9 3 10 18 14 20 6 17 10 2 18 15 14 8 12 10 13 4 19 15 20 7 18 15 5 2 4 19 18 12 6 10 10 10000 
