50
10
1000	500	0	1000	3205.000000	2836.000000
10	6	3	7	15.000000	2527.000000
7	7	5	6	6883.000000	8581.000000
8	6	0	1	2973.000000	5095.000000
6	1	2	3	1766.000000	3264.000000
10	7	0	5	5984.000000	1802.000000
8	7	7	7	3653.000000	9670.000000
8	2	6	6	2089.000000	9565.000000
9	9	4	9	7064.000000	7324.000000
6	0	0	5	3231.000000	2494.000000
6	6	6	6	5808.000000	2342.000000
10	6	3	8	2448.000000	6215.000000
10	6	1	6	3883.000000	1393.000000
7	4	0	3	3567.000000	6088.000000
8	6	0	1	1722.000000	651.000000
8	6	0	3	4781.000000	6299.000000
6	3	2	6	2380.000000	1554.000000
7	2	3	3	6355.000000	634.000000
8	2	6	8	3952.000000	1901.000000
8	5	7	7	548.000000	9786.000000
7	7	0	2	457.000000	270.000000
10	9	5	9	575.000000	9418.000000
10	7	3	4	6434.000000	590.000000
8	8	1	8	3514.000000	7023.000000
8	6	8	8	4709.000000	1430.000000
10	5	4	10	1004.000000	7968.000000
7	4	3	4	1944.000000	491.000000
8	5	6	6	4983.000000	3230.000000
6	3	6	6	999.000000	1808.000000
8	8	1	1	177.000000	3687.000000
7	2	4	5	5785.000000	8494.000000
7	3	4	4	4204.000000	2831.000000
10	0	2	10	827.000000	1532.000000
8	2	5	7	8930.000000	5526.000000
7	6	3	3	5904.000000	9344.000000
6	4	0	5	6696.000000	3196.000000
9	5	4	9	5629.000000	4383.000000
7	4	4	5	7617.000000	7325.000000
6	6	6	6	3710.000000	4267.000000
7	1	5	7	6242.000000	6100.000000
9	3	2	4	273.000000	3042.000000
10	7	9	10	7608.000000	5685.000000
9	3	1	1	3447.000000	1784.000000
8	3	7	8	8644.000000	9659.000000
6	2	4	6	1083.000000	4815.000000
8	1	7	8	5167.000000	7678.000000
10	2	6	8	5672.000000	5580.000000
8	8	3	8	5737.000000	3511.000000
7	3	3	6	7529.000000	9544.000000
6	2	6	6	8373.000000	3494.000000
7	6	1	1	345.000000	1802.000000
10000 7 14 5 4 6 14 14 12 1 6 7 4 7 6 8 4 8 3 15 8 15 8 9 5 12 6 4 5 7 13 2 6 13 15 8 6 13 4 9 6 11 3 18 6 11 8 6 16 11 7 
7 10000 19 8 4 13 17 15 18 7 12 9 9 11 6 13 6 14 8 15 5 14 14 12 10 12 6 11 3 3 17 9 3 19 19 14 12 18 9 15 2 17 8 23 6 15 13 12 21 17 2 
14 19 10000 11 15 14 7 10 3 15 13 11 16 9 19 7 17 16 15 13 22 13 17 8 15 12 19 12 18 17 3 13 19 8 3 11 9 3 11 6 18 6 16 5 14 4 7 11 3 11 19 
5 8 11 10000 5 9 10 10 10 6 8 3 8 3 10 5 8 12 7 11 11 10 12 5 9 7 10 6 8 7 9 6 9 12 11 9 6 11 3 7 7 10 7 15 4 7 6 7 13 12 9 
4 4 15 5 10000 9 14 13 14 4 9 7 6 7 6 9 4 11 6 14 7 13 11 9 7 10 6 7 4 4 14 5 4 16 15 10 9 15 5 11 4 13 5 19 4 12 10 8 18 14 5 
6 13 14 9 9 10000 17 18 12 6 2 12 5 10 9 10 8 3 5 20 12 19 3 12 3 16 9 4 10 13 14 5 11 10 16 4 6 12 7 9 12 9 6 17 12 12 8 4 16 6 12 
14 17 7 10 14 17 10000 4 9 15 16 8 17 8 19 8 17 19 16 7 20 7 19 6 17 7 19 14 17 14 5 14 18 14 5 15 12 10 11 9 15 12 16 10 11 6 10 14 8 16 18 
14 15 10 10 13 18 4 10000 11 15 17 7 17 8 18 9 17 20 16 4 19 4 20 6 18 4 19 14 16 13 8 15 17 16 8 16 13 12 12 11 14 14 16 14 10 8 11 15 11 18 16 
12 18 3 10 14 12 9 11 10000 13 11 10 14 8 18 6 15 14 13 14 20 14 14 8 13 13 18 10 17 16 4 11 18 6 5 9 7 2 10 3 17 4 14 6 13 4 5 9 5 9 18 
1 7 15 6 4 6 15 15 13 10000 6 8 3 8 5 9 3 8 2 16 8 15 8 10 4 12 5 4 5 7 14 3 6 13 15 8 7 14 4 10 7 11 2 18 7 12 8 6 17 11 6 
6 12 13 8 9 2 16 17 11 6 10000 11 5 9 9 9 8 4 4 19 12 18 4 11 3 15 9 3 10 12 13 4 11 9 15 3 5 11 6 8 12 8 5 16 11 11 7 3 15 6 11 
7 9 11 3 7 12 8 7 10 8 11 10000 11 3 12 5 10 14 10 9 13 8 14 3 11 5 12 8 10 7 9 8 10 14 10 11 8 11 5 8 8 11 10 15 4 7 7 9 13 14 10 
4 9 16 8 6 5 17 17 14 3 5 11 10000 10 5 10 4 6 2 19 8 18 6 12 2 15 5 5 6 9 15 3 7 14 17 7 7 15 6 11 8 12 2 20 9 13 10 6 18 10 8 
7 11 9 3 7 10 8 8 8 8 9 3 10 10000 12 3 10 13 9 10 14 9 13 2 10 7 12 7 10 9 7 7 11 11 9 9 6 9 4 6 9 9 9 13 6 5 5 7 11 11 11 
6 6 19 10 6 9 19 18 18 5 9 12 5 12 10000 13 3 10 6 19 3 18 10 14 7 15 1 9 3 7 18 7 3 18 20 12 11 18 9 15 6 16 5 23 9 16 13 10 22 15 4 
8 13 7 5 9 10 8 9 6 9 9 5 10 3 13 10000 11 12 9 11 15 11 12 3 10 9 13 7 12 11 5 8 13 9 7 8 5 7 5 3 12 6 10 11 8 3 3 6 9 10 13 
4 6 17 8 4 8 17 17 15 3 8 10 4 10 3 11 10000 9 4 17 5 17 9 12 5 14 3 7 3 7 16 5 4 16 18 10 9 16 7 12 6 14 3 21 8 14 11 8 20 13 5 
8 14 16 12 11 3 19 20 14 8 4 14 6 13 10 12 9 10000 6 22 12 22 1 14 4 19 9 6 11 14 16 7 12 12 18 6 8 14 9 11 14 11 7 19 14 15 10 6 18 8 13 
3 8 15 7 6 5 16 16 13 2 4 10 2 9 6 9 4 6 10000 18 8 17 6 11 2 14 5 4 6 9 14 2 7 13 16 7 6 14 5 10 8 11 2 19 9 12 9 5 17 10 8 
15 15 13 11 14 20 7 4 14 16 19 9 19 10 19 11 17 22 18 10000 20 1 22 9 19 4 19 16 16 13 11 16 17 19 11 19 15 15 13 14 14 17 18 17 10 11 14 17 14 21 16 
8 5 22 11 7 12 20 19 20 8 12 13 8 14 3 15 5 12 8 20 10000 19 12 15 9 16 4 11 4 7 20 10 3 20 22 14 14 21 11 17 6 18 7 25 10 18 15 13 24 18 4 
15 14 13 10 13 19 7 4 14 15 18 8 18 9 18 11 17 22 17 1 19 10000 22 8 18 4 19 16 16 12 11 16 16 19 11 18 15 15 13 14 13 16 17 17 10 10 13 16 14 20 16 
8 14 17 12 11 3 19 20 14 8 4 14 6 13 10 12 9 1 6 22 12 22 10000 15 4 19 9 7 12 14 16 7 12 12 18 6 8 14 10 12 14 11 7 19 14 15 11 7 19 7 13 
9 12 8 5 9 12 6 6 8 10 11 3 12 2 14 3 12 14 11 9 15 8 15 10000 12 6 14 9 12 10 6 9 13 12 7 10 7 9 6 6 11 9 11 12 7 4 6 9 10 13 13 
5 10 15 9 7 3 17 18 13 4 3 11 2 10 7 10 5 4 2 19 9 18 4 12 10000 16 6 4 8 11 15 3 8 12 17 6 7 14 7 10 10 11 3 19 10 13 9 5 18 9 9 
12 12 12 7 10 16 7 4 13 12 15 5 15 7 15 9 14 19 14 4 16 4 19 6 16 10000 16 13 13 9 10 13 13 17 11 15 12 14 10 12 10 14 14 16 7 9 11 14 14 18 13 
6 6 19 10 6 9 19 19 18 5 9 12 5 12 1 13 3 9 5 19 4 19 9 14 6 16 10000 9 4 8 18 7 4 18 20 11 11 18 9 15 7 16 4 23 9 16 13 10 22 15 5 
4 11 12 6 7 4 14 14 10 4 3 8 5 7 9 7 7 6 4 16 11 16 7 9 4 13 9 10000 9 10 11 2 9 10 13 4 3 10 4 7 10 8 5 15 9 9 5 2 14 7 10 
5 3 18 8 4 10 17 16 17 5 10 10 6 10 3 12 3 11 6 16 4 16 12 12 8 13 4 9 10000 5 17 7 1 18 18 12 11 18 8 14 3 16 5 22 7 15 13 11 21 16 2 
7 3 17 7 4 13 14 13 16 7 12 7 9 9 7 11 7 14 9 13 7 12 14 10 11 9 8 10 5 10000 15 9 5 18 17 14 11 17 8 14 2 16 8 21 3 13 12 12 19 17 4 
13 17 3 9 14 14 5 8 4 14 13 9 15 7 18 5 16 16 14 11 20 11 16 6 15 10 18 11 17 15 10000 12 18 9 2 11 9 5 10 5 16 7 15 7 12 3 6 10 5 12 18 
2 9 13 6 5 5 14 15 11 3 4 8 3 7 7 8 5 7 2 16 10 16 7 9 3 13 7 2 7 9 12 10000 8 11 14 6 5 12 4 8 8 9 3 17 8 10 7 4 15 9 8 
6 3 19 9 4 11 18 17 18 6 11 10 7 11 3 13 4 12 7 17 3 16 12 13 8 13 4 9 1 5 18 8 10000 19 19 13 12 18 8 15 4 16 6 23 7 16 13 11 21 16 2 
13 19 8 12 16 10 14 16 6 13 9 14 14 11 18 9 16 12 13 19 20 19 12 12 12 17 18 10 18 18 9 11 19 10000 10 7 7 5 11 6 19 3 14 9 16 9 7 8 9 5 19 
15 19 3 11 15 16 5 8 5 15 15 10 17 9 20 7 18 18 16 11 22 11 18 7 17 11 20 13 18 17 2 14 19 10 10000 13 10 6 12 7 17 9 16 6 14 4 8 12 4 13 19 
8 14 11 9 10 4 15 16 9 8 3 11 7 9 12 8 10 6 7 19 14 18 6 10 6 15 11 4 12 14 11 6 13 7 13 10000 4 9 7 6 13 6 8 14 12 10 6 3 13 4 14 
6 12 9 6 9 6 12 13 7 7 5 8 7 6 11 5 9 8 6 15 14 15 8 7 7 12 11 3 11 11 9 5 12 7 10 4 10000 8 4 4 12 5 7 13 10 7 3 2 11 6 12 
13 18 3 11 15 12 10 12 2 14 11 11 15 9 18 7 16 14 14 15 21 15 14 9 14 14 18 10 18 17 5 12 18 5 6 9 8 10000 10 4 18 4 14 6 14 5 6 9 5 8 19 
4 9 11 3 5 7 11 12 10 4 6 5 6 4 9 5 7 9 5 13 11 13 10 6 7 10 9 4 8 8 10 4 8 11 12 7 4 10 10000 7 8 9 5 15 6 8 5 5 14 10 9 
9 15 6 7 11 9 9 11 3 10 8 8 11 6 15 3 12 11 10 14 17 14 12 6 10 12 15 7 14 14 5 8 15 6 7 6 4 4 7 10000 14 3 11 9 11 4 2 6 8 7 15 
6 2 18 7 4 12 15 14 17 7 12 8 8 9 6 12 6 14 8 14 6 13 14 11 10 10 7 10 3 2 16 8 4 19 17 13 12 18 8 14 10000 16 7 22 4 14 12 11 20 17 3 
11 17 6 10 13 9 12 14 4 11 8 11 12 9 16 6 14 11 11 17 18 16 11 9 11 14 16 8 16 16 7 9 16 3 9 6 5 4 9 3 16 10000 12 9 14 7 4 6 8 5 17 
3 8 16 7 5 6 16 16 14 2 5 10 2 9 5 10 3 7 2 18 7 17 7 11 3 14 4 5 5 8 15 3 6 14 16 8 7 14 5 11 7 12 10000 19 8 13 9 6 18 11 7 
18 23 5 15 19 17 10 14 6 18 16 15 20 13 23 11 21 19 19 17 25 17 19 12 19 16 23 15 22 21 7 17 23 9 6 14 13 6 15 9 22 9 19 10000 18 9 11 14 3 13 23 
6 6 14 4 4 12 11 10 13 7 11 4 9 6 9 8 8 14 9 10 10 10 14 7 10 7 9 9 7 3 12 8 7 16 14 12 10 14 6 11 4 14 8 18 10000 10 10 10 16 15 7 
11 15 4 7 12 12 6 8 4 12 11 7 13 5 16 3 14 15 12 11 18 10 15 4 13 9 16 9 15 13 3 10 16 9 4 10 7 5 8 4 14 7 13 9 10 10000 5 9 7 11 16 
8 13 7 6 10 8 10 11 5 8 7 7 10 5 13 3 11 10 9 14 15 13 11 6 9 11 13 5 13 12 6 7 13 7 8 6 3 6 5 2 12 4 9 11 10 5 10000 5 9 7 14 
6 12 11 7 8 4 14 15 9 6 3 9 6 7 10 6 8 6 5 17 13 16 7 9 5 14 10 2 11 12 10 4 11 8 12 3 2 9 5 6 11 6 6 14 10 9 5 10000 13 6 12 
16 21 3 13 18 16 8 11 5 17 15 13 18 11 22 9 20 18 17 14 24 14 19 10 18 14 22 14 21 19 5 15 21 9 4 13 11 5 14 8 20 8 18 3 16 7 9 13 10000 13 22 
11 17 11 12 14 6 16 18 9 11 6 14 10 11 15 10 13 8 10 21 18 20 7 13 9 18 15 7 16 17 12 9 16 5 13 4 6 8 10 7 17 5 11 13 15 11 7 6 13 10000 17 
7 2 19 9 5 12 18 16 18 6 11 10 8 11 4 13 5 13 8 16 4 16 13 13 9 13 5 10 2 4 18 8 2 19 19 14 12 19 9 15 3 17 7 23 7 16 14 12 22 17 10000 
