50
10
1000	500	0	1000	1676.000000	7486.000000
7	7	0	3	2764.000000	108.000000
8	7	7	7	2727.000000	889.000000
10	0	2	2	2043.000000	6086.000000
9	7	7	7	5381.000000	3970.000000
10	10	6	6	8056.000000	9924.000000
6	0	0	2	6206.000000	1882.000000
8	5	1	8	6711.000000	1452.000000
8	5	3	4	2601.000000	256.000000
10	1	2	5	9337.000000	3299.000000
10	10	1	5	9166.000000	1250.000000
6	4	4	6	4788.000000	5705.000000
9	5	5	5	7555.000000	9352.000000
6	0	6	6	375.000000	1204.000000
10	7	0	5	1861.000000	192.000000
6	2	4	4	6348.000000	2951.000000
9	5	1	4	60.000000	1145.000000
7	7	7	7	5831.000000	8155.000000
8	0	7	7	7810.000000	1465.000000
9	2	3	8	8749.000000	9542.000000
10	3	7	10	9213.000000	2844.000000
9	4	5	9	2301.000000	8239.000000
9	7	8	8	6747.000000	8789.000000
7	7	6	7	8226.000000	341.000000
9	1	2	3	4575.000000	2648.000000
8	8	8	8	7699.000000	7162.000000
9	3	0	1	9567.000000	6499.000000
7	1	3	3	4529.000000	2713.000000
10	3	9	10	5926.000000	5616.000000
8	4	6	7	4965.000000	940.000000
9	0	0	4	1184.000000	970.000000
9	9	5	8	708.000000	8217.000000
8	5	3	3	930.000000	3824.000000
8	2	3	5	6872.000000	7836.000000
6	1	6	6	1957.000000	3580.000000
6	1	4	6	6996.000000	9256.000000
7	3	2	2	324.000000	9363.000000
8	8	8	8	3454.000000	9067.000000
10	6	4	9	442.000000	2436.000000
10	5	5	8	2193.000000	2788.000000
10	10	3	3	2064.000000	2689.000000
8	1	6	7	9476.000000	2346.000000
10	2	5	5	1305.000000	5240.000000
7	2	2	4	4047.000000	2401.000000
9	4	6	6	8110.000000	4870.000000
9	6	8	9	51.000000	1842.000000
6	3	3	5	5210.000000	912.000000
9	1	5	6	8820.000000	3625.000000
9	3	7	8	7836.000000	4778.000000
10	1	7	8	6307.000000	4378.000000
6	3	4	5	7684.000000	1702.000000
10000 15 14 3 11 14 15 16 15 18 20 8 13 13 15 14 14 9 18 15 18 2 11 20 12 13 16 12 10 15 14 3 8 11 8 12 5 5 11 10 10 19 5 12 14 12 15 17 14 12 17 
15 10000 2 13 10 23 8 9 1 15 14 12 21 6 2 10 6 18 11 23 15 17 20 11 7 18 19 7 13 5 4 17 9 18 8 21 20 18 7 6 6 15 11 6 15 7 6 15 14 12 11 
14 2 10000 11 9 21 8 9 2 15 13 11 20 5 3 9 6 16 11 22 14 15 18 12 6 17 18 6 12 5 4 16 7 17 6 19 18 17 6 4 4 14 10 5 14 6 5 14 13 10 11 
3 13 11 10000 8 15 12 14 12 16 18 6 13 11 12 11 11 9 15 16 16 5 11 17 9 12 16 9 8 12 11 6 6 11 6 12 8 7 8 7 7 17 3 9 13 10 13 15 12 10 15 
11 10 9 8 10000 14 5 6 10 9 10 4 12 12 11 3 13 9 7 14 8 11 11 10 4 8 10 4 4 7 11 13 9 9 7 12 15 11 11 7 8 9 9 5 6 12 7 7 6 3 7 
14 23 21 15 14 10000 17 18 23 14 18 11 2 24 24 15 24 6 17 2 15 12 4 20 17 6 8 17 10 20 23 16 19 5 18 3 16 10 22 19 19 16 17 18 11 23 19 13 11 12 17 
15 8 8 12 5 17 10000 2 8 7 7 9 16 12 10 3 13 13 4 17 7 15 14 6 4 11 12 4 8 4 11 17 12 12 10 15 20 16 12 9 9 7 12 5 8 13 3 7 7 5 3 
16 9 9 14 6 18 2 10000 9 7 5 10 16 13 11 4 14 14 3 17 6 17 15 4 5 12 12 6 9 4 12 19 13 13 11 16 21 17 13 10 10 6 14 6 8 14 4 7 8 6 3 
15 1 2 12 10 23 8 9 10000 15 14 12 21 5 2 10 6 18 11 23 15 16 19 12 7 18 19 7 13 5 4 17 8 18 7 21 19 18 7 6 5 15 11 6 15 7 6 15 14 12 11 
18 15 15 16 9 14 7 7 15 10000 5 11 13 19 17 7 20 12 5 13 1 18 13 7 10 9 7 10 9 10 17 20 17 11 15 13 22 17 18 15 15 2 17 11 4 19 10 2 5 7 5 
20 14 13 18 10 18 7 5 14 5 10000 13 17 18 15 7 19 16 3 17 4 20 16 3 10 13 11 10 11 9 16 22 18 14 16 17 25 20 18 15 15 3 18 11 8 19 8 5 8 9 4 
8 12 11 6 4 11 9 10 12 11 13 10000 10 13 13 7 14 6 11 12 11 8 8 13 7 7 10 7 3 10 12 10 9 6 8 9 12 8 11 8 9 12 8 7 7 13 10 10 7 5 10 
13 21 20 13 12 2 16 16 21 13 17 10 10000 22 22 14 23 5 16 3 14 11 2 19 15 5 7 15 9 18 22 14 18 4 17 2 15 9 20 17 18 15 15 16 10 22 18 12 10 11 16 
13 6 5 11 12 24 12 13 5 19 18 13 22 10000 4 13 1 18 15 24 18 15 20 16 9 19 22 9 15 10 2 15 6 19 6 21 17 17 3 5 5 19 9 8 18 2 10 18 17 14 15 
15 2 3 12 11 24 10 11 2 17 15 13 22 4 10000 11 5 18 13 24 16 17 20 13 8 19 20 8 14 7 3 17 8 19 7 21 19 19 6 6 6 16 11 7 16 5 7 16 16 13 13 
14 10 9 11 3 15 3 4 10 7 7 7 14 13 11 10000 14 11 5 15 6 14 12 7 4 9 10 4 6 5 12 16 11 10 9 13 18 14 12 9 9 7 12 5 6 13 5 6 5 3 4 
14 6 6 11 13 24 13 14 6 20 19 14 23 1 5 14 10000 19 16 25 19 15 21 17 10 20 22 10 15 10 3 15 6 20 7 22 17 18 3 6 6 19 9 9 18 2 11 19 18 15 16 
9 18 16 9 9 6 13 14 18 12 16 6 5 18 18 11 19 10000 14 7 13 8 3 17 12 5 9 12 6 15 18 11 14 3 12 4 12 6 16 13 14 14 11 13 8 18 15 11 8 8 14 
18 11 11 15 7 17 4 3 11 5 3 11 16 15 13 5 16 14 10000 17 4 18 15 3 7 12 11 8 10 6 14 20 15 13 13 16 22 18 15 12 12 4 16 8 7 16 6 5 7 7 1 
15 23 22 16 14 2 17 17 23 13 17 12 3 24 24 15 25 7 17 10000 14 14 5 19 17 6 7 17 10 19 23 17 20 6 19 4 17 11 22 19 20 15 18 18 10 24 19 12 10 12 16 
18 15 14 16 8 15 7 6 15 1 4 11 14 18 16 6 19 13 4 14 10000 18 13 6 10 10 8 10 9 10 17 21 17 12 15 14 23 17 18 15 15 2 17 11 5 19 9 2 5 7 4 
2 17 15 5 11 12 15 17 16 18 20 8 11 15 17 14 15 8 18 14 18 10000 9 20 13 12 15 12 9 16 15 4 10 10 10 10 5 3 13 11 12 19 7 13 14 14 16 16 14 12 17 
11 20 18 11 11 4 14 15 19 13 16 8 2 20 20 12 21 3 15 5 13 9 10000 18 14 4 8 13 7 17 20 13 16 2 15 2 13 7 18 16 16 14 13 14 9 20 17 12 9 9 15 
20 11 12 17 10 20 6 4 12 7 3 13 19 16 13 7 17 17 3 19 6 20 18 10000 9 14 13 9 12 7 15 22 17 16 15 18 24 20 17 14 14 5 17 10 10 17 7 7 9 9 3 
12 7 6 9 4 17 4 5 7 10 10 7 15 9 8 4 10 12 7 17 10 13 14 9 10000 11 13 1 7 4 8 14 8 12 6 15 16 14 9 5 6 10 9 2 9 10 4 9 8 5 7 
13 18 17 12 8 6 11 12 18 9 13 7 5 19 19 9 20 5 12 6 10 12 4 14 11 10000 4 11 5 14 18 15 16 3 14 5 16 10 18 15 15 11 14 13 5 19 14 8 5 7 11 
16 19 18 16 10 8 12 12 19 7 11 10 7 22 20 10 22 9 11 7 8 15 8 13 13 4 10000 13 8 15 21 19 19 7 17 8 20 14 20 17 17 9 17 14 5 22 15 6 5 8 11 
12 7 6 9 4 17 4 6 7 10 10 7 15 9 8 4 10 12 8 17 10 12 13 9 1 11 13 10000 7 4 8 14 8 12 6 14 16 13 9 5 5 10 9 2 9 10 4 9 8 5 7 
10 13 12 8 4 10 8 9 13 9 11 3 9 15 14 6 15 6 10 10 9 9 7 12 7 5 8 7 10000 10 14 12 11 5 9 8 14 9 13 10 10 10 10 8 5 14 10 8 5 3 9 
15 5 5 12 7 20 4 4 5 10 9 10 18 10 7 5 10 15 6 19 10 16 17 7 4 14 15 4 10 10000 8 17 10 15 9 18 20 17 10 7 7 10 12 4 11 10 1 10 10 8 6 
14 4 4 11 11 23 11 12 4 17 16 12 22 2 3 12 3 18 14 23 17 15 20 15 8 18 21 8 14 8 10000 15 6 18 6 21 17 17 4 5 4 17 9 7 16 3 9 17 16 13 14 
3 17 16 6 13 16 17 19 17 20 22 10 14 15 17 16 15 11 20 17 21 4 13 22 14 15 19 14 12 17 15 10000 9 13 10 13 3 6 12 12 12 22 7 14 17 13 18 19 16 14 20 
8 9 7 6 9 19 12 13 8 17 18 9 18 6 8 11 6 14 15 20 17 10 16 17 8 16 19 8 11 10 6 9 10000 15 3 17 12 12 3 4 4 18 3 7 15 5 11 16 14 11 15 
11 18 17 11 9 5 12 13 18 11 14 6 4 19 19 10 20 3 13 6 12 10 2 16 12 3 7 12 5 15 18 13 15 10000 14 3 14 8 17 14 15 13 13 13 7 19 15 10 7 8 13 
8 8 6 6 7 18 10 11 7 15 16 8 17 6 7 9 7 12 13 19 15 10 15 15 6 14 17 6 9 9 6 10 3 14 10000 16 13 12 4 2 2 16 4 5 13 6 9 14 12 9 13 
12 21 19 12 12 3 15 16 21 13 17 9 2 21 21 13 22 4 16 4 14 10 2 18 15 5 8 14 8 18 21 13 17 3 16 10000 14 8 19 17 17 15 14 15 10 21 18 12 10 10 16 
5 20 18 8 15 16 20 21 19 22 25 12 15 17 19 18 17 12 22 17 23 5 13 24 16 16 20 16 14 20 17 3 12 14 13 14 10000 7 14 14 14 24 9 16 18 16 20 21 18 16 22 
5 18 17 7 11 10 16 17 18 17 20 8 9 17 19 14 18 6 18 11 17 3 7 20 14 10 14 13 9 17 17 6 12 8 12 8 7 10000 15 13 14 19 9 14 13 16 17 16 13 11 17 
11 7 6 8 11 22 12 13 7 18 18 11 20 3 6 12 3 16 15 22 18 13 18 17 9 18 20 9 13 10 4 12 3 17 4 19 14 15 10000 4 4 19 6 8 17 2 11 17 16 13 15 
10 6 4 7 7 19 9 10 6 15 15 8 17 5 6 9 6 13 12 19 15 11 16 14 5 15 17 5 10 7 5 12 4 14 2 17 14 13 4 10000 1 15 6 4 13 5 8 14 12 9 12 
10 6 4 7 8 19 9 10 5 15 15 9 18 5 6 9 6 14 12 20 15 12 16 14 6 15 17 5 10 7 4 12 4 15 2 17 14 14 4 1 10000 15 6 5 13 5 8 14 13 10 12 
19 15 14 17 9 16 7 6 15 2 3 12 15 19 16 7 19 14 4 15 2 19 14 5 10 11 9 10 10 10 17 22 18 13 16 15 24 19 19 15 15 10000 18 11 6 19 10 3 6 8 4 
5 11 10 3 9 17 12 14 11 17 18 8 15 9 11 12 9 11 16 18 17 7 13 17 9 14 17 9 10 12 9 7 3 13 4 14 9 9 6 6 6 18 10000 8 14 8 12 16 14 11 15 
12 6 5 9 5 18 5 6 6 11 11 7 16 8 7 5 9 13 8 18 11 13 14 10 2 13 14 2 8 4 7 14 7 13 5 15 16 14 8 4 5 11 8 10000 10 9 4 10 9 7 8 
14 15 14 13 6 11 8 8 15 4 8 7 10 18 16 6 18 8 7 10 5 14 9 10 9 5 5 9 5 11 16 17 15 7 13 10 18 13 17 13 13 6 14 10 10000 18 10 3 1 4 7 
12 7 6 10 12 23 13 14 7 19 19 13 22 2 5 13 2 18 16 24 19 14 20 17 10 19 22 10 14 10 3 13 5 19 6 21 16 16 2 5 5 19 8 9 18 10000 11 18 17 14 16 
15 6 5 13 7 19 3 4 6 10 8 10 18 10 7 5 11 15 6 19 9 16 17 7 4 14 15 4 10 1 9 18 11 15 9 18 20 17 11 8 8 10 12 4 10 11 10000 10 10 8 6 
17 15 14 15 7 13 7 7 15 2 5 10 12 18 16 6 19 11 5 12 2 16 12 7 9 8 6 9 8 10 17 19 16 10 14 12 21 16 17 14 14 3 16 10 3 18 10 10000 4 6 5 
14 14 13 12 6 11 7 8 14 5 8 7 10 17 16 5 18 8 7 10 5 14 9 9 8 5 5 8 5 10 16 16 14 7 12 10 18 13 16 12 13 6 14 9 1 17 10 4 10000 4 7 
12 12 10 10 3 12 5 6 12 7 9 5 11 14 13 3 15 8 7 12 7 12 9 9 5 7 8 5 3 8 13 14 11 8 9 10 16 11 13 9 10 8 11 7 4 14 8 6 4 10000 7 
17 11 11 15 7 17 3 3 11 5 4 10 16 15 13 4 16 14 1 16 4 17 15 3 7 11 11 7 9 6 14 20 15 13 13 16 22 17 15 12 12 4 15 8 7 16 6 5 7 7 10000 
