50
10
1000	500	0	1000	3610.000000	9927.000000
7	4	7	7	1724.000000	6661.000000
8	1	5	5	9122.000000	4932.000000
8	5	3	8	1421.000000	9909.000000
10	4	3	3	2275.000000	628.000000
7	5	2	7	60.000000	2125.000000
9	0	1	3	6323.000000	6220.000000
6	1	5	6	5079.000000	2879.000000
9	6	6	6	7120.000000	5772.000000
9	9	9	9	5766.000000	8353.000000
7	4	4	5	5654.000000	9401.000000
8	2	3	6	7195.000000	1313.000000
7	5	3	5	1389.000000	6086.000000
10	0	8	9	5891.000000	7120.000000
6	3	3	3	7475.000000	9323.000000
8	7	7	7	1846.000000	3277.000000
8	3	4	6	5756.000000	7944.000000
9	6	0	7	3152.000000	5597.000000
7	2	3	5	3030.000000	979.000000
10	5	4	6	5922.000000	4205.000000
9	6	0	2	1378.000000	998.000000
7	0	1	7	4964.000000	8832.000000
9	6	0	4	2121.000000	8443.000000
9	0	0	3	7851.000000	7713.000000
9	9	2	9	5357.000000	6705.000000
9	8	2	2	1456.000000	2706.000000
7	1	3	6	4222.000000	8742.000000
10	0	7	9	1720.000000	9647.000000
8	1	3	4	280.000000	9680.000000
9	9	9	9	4405.000000	1851.000000
9	8	8	9	7515.000000	3870.000000
6	0	0	6	7615.000000	2616.000000
6	1	0	3	2340.000000	7826.000000
6	4	1	4	670.000000	4618.000000
6	0	2	4	6086.000000	1803.000000
9	0	0	5	7098.000000	353.000000
10	5	8	9	774.000000	3999.000000
8	3	8	8	381.000000	8120.000000
9	3	9	9	6092.000000	2870.000000
10	7	8	9	2383.000000	5554.000000
8	5	0	2	6939.000000	2209.000000
10	2	5	8	1977.000000	5873.000000
10	7	10	10	8788.000000	2779.000000
10	4	7	7	7253.000000	9666.000000
6	1	6	6	3003.000000	5770.000000
7	6	7	7	1345.000000	2083.000000
8	1	4	8	1068.000000	1661.000000
6	1	2	5	9947.000000	3799.000000
10	9	7	7	5389.000000	4457.000000
8	7	1	6	8877.000000	889.000000
9	0	1	7	2862.000000	5283.000000
10000 8 15 5 19 18 10 15 11 6 5 19 9 8 8 14 6 9 18 13 19 4 5 10 8 16 3 4 7 17 15 17 5 13 17 21 14 8 15 10 17 9 18 8 9 17 18 18 12 21 10 
8 10000 16 7 13 10 10 11 11 9 10 16 2 9 13 7 9 4 12 10 12 8 4 13 8 8 7 6 7 12 13 15 3 5 14 17 6 4 12 3 14 2 17 13 4 10 11 18 9 19 4 
15 16 10000 19 17 19 7 10 5 10 12 9 16 8 10 15 10 13 15 7 18 12 16 7 9 16 13 18 21 12 4 6 15 17 9 11 17 19 8 14 7 15 5 11 13 17 18 3 8 9 13 
5 7 19 10000 19 16 13 16 15 10 9 21 8 11 13 14 10 10 19 15 18 8 4 14 11 15 7 1 3 18 18 20 5 11 19 23 12 5 17 9 19 9 21 12 9 16 17 21 14 24 10 
19 13 17 19 10000 6 14 8 15 17 19 10 12 15 21 6 17 11 2 11 2 18 16 19 14 5 17 19 19 5 13 12 15 9 8 10 8 16 9 10 10 11 14 21 11 4 4 17 10 14 10 
18 10 19 16 6 10000 15 11 16 17 19 15 9 16 21 5 17 10 7 13 4 17 14 20 15 4 16 16 16 9 16 16 13 6 13 15 5 13 13 9 14 9 18 21 10 3 3 21 12 18 9 
10 10 7 13 14 15 10000 8 2 5 7 10 10 2 7 11 4 7 13 5 15 6 10 5 3 13 7 12 14 10 6 8 9 12 9 12 12 13 7 8 9 9 9 8 7 13 14 9 4 12 8 
15 11 10 16 8 11 8 10000 8 12 14 6 10 9 14 7 11 7 6 4 9 12 13 12 8 8 12 16 17 3 6 6 12 10 3 7 9 15 3 8 4 9 8 15 8 8 9 10 4 9 7 
11 11 5 15 15 16 2 8 10000 6 8 9 12 4 8 12 6 8 13 4 15 8 12 5 4 13 9 14 16 10 4 7 11 14 9 11 14 15 7 10 8 11 7 8 9 14 15 7 5 11 9 
6 9 10 10 17 17 5 12 6 10000 3 15 10 3 4 13 1 8 16 9 18 2 8 5 4 15 4 9 12 14 10 13 7 13 14 17 14 11 11 9 13 10 13 4 8 16 17 13 8 17 9 
5 10 12 9 19 19 7 14 8 3 10000 17 11 5 4 15 3 10 18 11 19 2 8 6 6 16 4 8 11 16 12 15 8 14 16 19 15 11 14 11 15 11 15 4 9 17 18 15 10 19 10 
19 16 9 21 10 15 10 6 9 15 17 10000 16 12 17 12 14 12 9 7 12 16 18 13 12 12 17 20 22 6 6 3 17 15 3 2 14 20 4 13 2 14 5 17 13 12 13 8 8 4 12 
9 2 16 8 12 9 10 10 12 10 11 16 10000 10 14 6 10 4 11 10 11 10 5 14 9 7 8 8 8 11 14 15 4 4 13 17 5 5 12 3 14 2 17 14 4 9 9 18 9 19 4 
8 9 8 11 15 16 2 9 4 3 5 12 10 10000 6 12 2 7 14 6 16 4 8 5 2 13 5 10 13 11 8 10 8 12 11 14 12 12 9 8 11 9 11 6 7 14 15 11 6 14 8 
8 13 10 13 21 21 7 14 8 4 4 17 14 6 10000 17 5 12 19 11 21 6 11 4 7 18 7 12 15 17 11 14 11 17 16 18 18 15 14 13 15 13 14 1 12 19 20 13 11 18 13 
14 7 15 14 6 5 11 7 12 13 15 12 6 12 17 10000 13 6 6 9 5 13 11 15 10 2 12 13 14 6 12 12 10 4 9 13 3 11 9 5 11 6 14 17 6 3 4 17 8 15 5 
6 9 10 10 17 17 4 11 6 1 3 14 10 2 5 13 10000 8 15 8 17 3 8 5 3 14 4 9 12 13 9 12 7 13 13 16 13 11 11 9 12 9 12 5 8 15 16 12 8 16 8 
9 4 13 10 11 10 7 7 8 8 10 12 4 7 12 6 8 10000 10 7 10 8 7 11 5 7 7 9 10 8 10 11 5 6 10 14 6 8 9 2 11 3 13 12 1 8 9 15 6 15 1 
18 12 15 19 2 7 13 6 13 16 18 9 11 14 19 6 15 10 10000 9 4 17 16 17 13 5 16 18 19 4 11 10 14 9 7 9 8 16 8 10 9 11 13 20 10 5 5 15 9 12 9 
13 10 7 15 11 13 5 4 4 9 11 7 10 6 11 9 8 7 9 10000 12 10 12 9 6 10 10 14 16 6 4 5 11 11 5 9 11 14 3 8 5 9 7 12 7 11 11 9 2 9 7 
19 12 18 18 2 4 15 9 15 18 19 12 11 16 21 5 17 10 4 12 10000 18 15 19 14 4 17 18 18 7 14 13 14 8 10 12 7 15 11 10 12 10 16 21 11 3 2 19 11 15 10 
4 8 12 8 18 17 6 12 8 2 2 16 10 4 6 13 3 8 17 10 18 10000 6 7 5 15 2 7 10 15 12 14 6 13 15 18 13 10 13 9 14 9 15 5 8 16 17 15 9 18 9 
5 4 16 4 16 14 10 13 12 8 8 18 5 8 11 11 8 7 16 12 15 6 10000 12 8 12 5 3 5 14 15 17 2 9 16 19 10 4 14 6 16 6 18 11 6 13 14 19 11 21 7 
10 13 7 14 19 20 5 12 5 5 6 13 14 5 4 15 5 11 17 9 19 7 12 10000 6 17 8 13 16 14 8 11 12 16 13 15 16 15 11 12 12 13 11 5 11 18 19 9 9 14 12 
8 8 9 11 14 15 3 8 4 4 6 12 9 2 7 10 3 5 13 6 14 5 8 6 10000 12 5 10 12 10 8 10 7 11 10 14 11 11 8 7 10 7 11 8 6 13 14 11 5 14 6 
16 8 16 15 5 4 13 8 13 15 16 12 7 13 18 2 14 7 5 10 4 15 12 17 12 10000 14 14 15 7 13 13 11 5 10 13 3 12 10 6 12 7 15 19 7 2 3 18 9 16 6 
3 7 13 7 17 16 7 12 9 4 4 17 8 5 7 12 4 7 16 10 17 2 5 8 5 14 10000 6 9 14 12 15 5 11 15 18 12 8 13 8 15 8 16 7 7 15 16 16 9 19 8 
4 6 18 1 19 16 12 16 14 9 8 20 8 10 12 13 9 9 18 14 18 7 3 13 10 14 6 10000 3 17 17 19 4 11 18 22 12 5 17 9 19 8 20 12 9 16 17 21 13 23 10 
7 7 21 3 19 16 14 17 16 12 11 22 8 13 15 14 12 10 19 16 18 10 5 16 12 15 9 3 10000 18 19 21 6 11 20 24 12 4 18 10 21 9 22 14 10 16 17 23 15 25 11 
17 12 12 18 5 9 10 3 10 14 16 6 11 11 17 6 13 8 4 6 7 15 14 14 10 7 14 17 18 10000 8 7 13 10 4 7 9 15 4 9 6 10 9 17 9 7 7 12 6 10 8 
15 13 4 18 13 16 6 6 4 10 12 6 14 8 11 12 9 10 11 4 14 12 15 8 8 13 12 17 19 8 10000 3 14 14 6 8 14 17 4 11 4 12 4 12 10 13 14 5 5 7 10 
17 15 6 20 12 16 8 6 7 13 15 3 15 10 14 12 12 11 10 5 13 14 17 11 10 13 15 19 21 7 3 10000 15 15 4 5 14 19 4 13 2 14 3 15 12 13 14 6 6 5 11 
5 3 15 5 15 13 9 12 11 7 8 17 4 8 11 10 7 5 14 11 14 6 2 12 7 11 5 4 6 13 14 15 10000 8 15 18 9 4 13 5 15 4 17 11 5 12 13 18 10 20 6 
13 5 17 11 9 6 12 10 14 13 14 15 4 12 17 4 13 6 9 11 8 13 9 16 11 5 11 11 11 10 14 15 8 10000 13 16 2 8 12 4 14 4 17 17 6 6 6 19 10 19 5 
17 14 9 19 8 13 9 3 9 14 16 3 13 11 16 9 13 10 7 5 10 15 16 13 10 10 15 18 20 4 6 4 15 13 10000 4 12 18 3 11 2 12 6 16 11 10 11 9 6 6 10 
21 17 11 23 10 15 12 7 11 17 19 2 17 14 18 13 16 14 9 9 12 18 19 15 14 13 18 22 24 7 8 5 18 16 4 10000 15 21 6 15 4 16 6 19 14 13 13 9 9 4 13 
14 6 17 12 8 5 12 9 14 14 15 14 5 12 18 3 13 6 8 11 7 13 10 16 11 3 12 12 12 9 14 14 9 2 12 15 10000 9 11 5 13 5 17 18 6 4 5 19 10 18 5 
8 4 19 5 16 13 13 15 15 11 11 20 5 12 15 11 11 8 16 14 15 10 4 15 11 12 8 5 4 15 17 19 4 8 18 21 9 10000 16 7 18 6 20 15 8 13 13 21 13 23 8 
15 12 8 17 9 13 7 3 7 11 14 4 12 9 14 9 11 9 8 3 11 13 14 11 8 10 13 17 18 4 4 4 13 12 3 6 11 16 10000 10 3 11 6 14 9 10 11 8 4 7 9 
10 3 14 9 10 9 8 8 10 9 11 13 3 8 13 5 9 2 10 8 10 9 6 12 7 6 8 9 10 9 11 13 5 4 11 15 5 7 10 10000 12 2 14 13 2 8 9 16 7 16 2 
17 14 7 19 10 14 9 4 8 13 15 2 14 11 15 11 12 11 9 5 12 14 16 12 10 12 15 19 21 6 4 2 15 14 2 4 13 18 3 12 10000 13 4 15 11 12 12 7 6 5 11 
9 2 15 9 11 9 9 9 11 10 11 14 2 9 13 6 9 3 11 9 10 9 6 13 7 7 8 8 9 10 12 14 4 4 12 16 5 6 11 2 13 10000 15 13 3 8 9 17 8 18 3 
18 17 5 21 14 18 9 8 7 13 15 5 17 11 14 14 12 13 13 7 16 15 18 11 11 15 16 20 22 9 4 3 17 17 6 6 17 20 6 14 4 15 10000 15 14 15 16 4 8 4 13 
8 13 11 12 21 21 8 15 8 4 4 17 14 6 1 17 5 12 20 12 21 5 11 5 8 19 7 12 14 17 12 15 11 17 16 19 18 15 14 13 15 13 15 10000 12 20 21 13 12 18 13 
9 4 13 9 11 10 7 8 9 8 9 13 4 7 12 6 8 1 10 7 11 8 6 11 6 7 7 9 10 9 10 12 5 6 11 14 6 8 9 2 11 3 14 12 10000 9 10 15 6 16 2 
17 10 17 16 4 3 13 8 14 16 17 12 9 14 19 3 15 8 5 11 3 16 13 18 13 2 15 16 16 7 13 13 12 6 10 13 4 13 10 8 12 8 15 20 9 10000 2 18 10 16 8 
18 11 18 17 4 3 14 9 15 17 18 13 9 15 20 4 16 9 5 11 2 17 14 19 14 3 16 17 17 7 14 14 13 6 11 13 5 13 11 9 12 9 16 21 10 2 10000 19 11 16 9 
18 18 3 21 17 21 9 10 7 13 15 8 18 11 13 17 12 15 15 9 19 15 19 9 11 18 16 21 23 12 5 6 18 19 9 9 19 21 8 16 7 17 4 13 15 18 19 10000 10 7 15 
12 9 8 14 10 12 4 4 5 8 10 8 9 6 11 8 8 6 9 2 11 9 11 9 5 9 9 13 15 6 5 6 10 10 6 9 10 13 4 7 6 8 8 12 6 10 11 10 10000 10 6 
21 19 9 24 14 18 12 9 11 17 19 4 19 14 18 15 16 15 12 9 15 18 21 14 14 16 19 23 25 10 7 5 20 19 6 4 18 23 7 16 5 18 4 18 16 16 16 7 10 10000 15 
10 4 13 10 10 9 8 7 9 9 10 12 4 8 13 5 8 1 9 7 10 9 7 12 6 6 8 10 11 8 10 11 6 5 10 13 5 8 9 2 11 3 13 13 2 8 9 15 6 15 10000 
