40
10
1000	500	0	1000	3106.000000	8832.000000
8	2	5	7	382.000000	4661.000000
7	1	3	3	1603.000000	2162.000000
9	5	1	2	2675.000000	614.000000
10	9	6	6	240.000000	9242.000000
9	7	6	6	7357.000000	8200.000000
6	3	1	3	2756.000000	6258.000000
10	8	2	2	2152.000000	6197.000000
6	4	6	6	4177.000000	1450.000000
9	7	0	0	4295.000000	7937.000000
8	0	5	8	9011.000000	8257.000000
10	3	3	3	2805.000000	6851.000000
7	2	3	4	142.000000	2501.000000
8	5	2	5	612.000000	7194.000000
7	7	1	5	5479.000000	2711.000000
8	3	2	7	2599.000000	2082.000000
7	2	5	7	459.000000	1181.000000
9	8	9	9	9898.000000	449.000000
8	5	8	8	7044.000000	8310.000000
10	8	3	8	2051.000000	2313.000000
9	7	5	5	5189.000000	6110.000000
9	9	7	8	6734.000000	1591.000000
8	1	2	2	6371.000000	3426.000000
10	4	5	9	7566.000000	2692.000000
8	4	0	0	7921.000000	1523.000000
9	1	3	9	2082.000000	6055.000000
9	0	2	6	7077.000000	448.000000
8	7	4	5	2277.000000	151.000000
6	0	3	4	8018.000000	3555.000000
7	1	7	7	7882.000000	8325.000000
7	2	6	6	3751.000000	1230.000000
7	1	3	6	5875.000000	2001.000000
10	5	5	10	4603.000000	2507.000000
9	2	2	9	6149.000000	6740.000000
6	3	4	6	2256.000000	6842.000000
6	3	0	3	5342.000000	1821.000000
8	5	7	8	8053.000000	3494.000000
8	8	5	8	3890.000000	6419.000000
9	1	5	9	7946.000000	9510.000000
9	8	3	3	202.000000	9013.000000
8	7	3	3	8344.000000	1380.000000
10000 10 14 17 6 9 6 6 15 3 12 5 14 6 14 14 17 22 8 14 7 17 13 16 18 6 19 18 15 10 16 15 13 8 5 15 15 6 10 6 19 
10 10000 6 10 10 16 6 5 10 11 19 7 5 6 11 7 7 21 16 6 11 15 13 15 17 5 16 10 16 17 10 13 10 13 6 12 16 8 18 9 18 
14 6 10000 4 15 17 9 9 6 13 20 10 3 11 8 2 4 17 17 1 11 11 10 12 13 8 12 5 14 18 5 9 7 13 10 8 14 10 20 14 14 
17 10 4 10000 18 18 12 12 4 16 20 13 7 14 8 3 5 15 18 4 13 9 10 11 11 11 9 2 13 19 3 7 6 15 13 6 13 12 21 18 12 
6 10 15 18 10000 15 8 8 18 9 18 8 14 5 17 16 17 27 14 15 12 21 17 20 22 8 23 19 20 16 18 19 17 13 7 19 20 10 16 1 23 
9 16 17 18 15 10000 10 12 15 7 4 10 19 14 12 16 20 17 1 16 7 14 10 12 14 12 16 20 10 2 16 13 13 4 11 14 10 8 3 15 14 
6 6 9 12 8 10 10000 2 11 5 14 2 10 5 9 9 12 19 10 9 5 13 10 12 15 2 15 13 12 12 11 11 9 7 2 11 12 3 13 8 15 
6 5 9 12 8 12 2 10000 11 6 15 2 9 4 10 9 11 20 11 8 7 13 11 13 15 1 16 13 13 13 11 12 9 9 2 11 13 4 14 7 16 
15 10 6 4 18 15 11 11 10000 13 17 12 9 14 4 4 8 12 15 5 10 6 6 8 8 11 7 5 9 16 1 4 3 12 12 3 9 10 18 18 9 
3 11 13 16 9 7 5 6 13 10000 10 4 14 8 11 13 16 19 6 13 5 14 10 13 15 6 16 17 12 8 14 13 11 5 5 13 12 4 8 9 16 
12 19 20 20 18 4 14 15 17 10 10000 13 22 17 14 18 23 16 4 19 9 15 12 12 14 15 17 22 10 3 18 14 15 7 14 15 10 11 4 18 14 
5 7 10 13 8 10 2 2 12 4 13 10000 11 5 10 10 13 20 9 10 5 14 10 13 15 3 16 14 13 11 12 12 10 7 2 12 13 3 12 7 16 
14 5 3 7 14 19 10 9 9 14 22 11 10000 10 11 5 3 20 19 4 13 14 13 15 16 9 15 7 16 20 8 12 9 15 10 11 16 11 21 14 17 
6 6 11 14 5 14 5 4 14 8 17 5 10 10000 14 11 13 23 14 11 10 17 14 17 19 4 19 15 17 15 14 15 13 12 4 15 17 7 16 4 20 
14 11 8 8 17 12 9 10 4 11 14 10 11 14 10000 6 11 10 12 7 7 4 3 5 6 10 6 9 6 13 5 2 2 9 11 2 6 9 15 17 7 
14 7 2 3 16 16 9 9 4 13 18 10 5 11 6 10000 5 15 16 2 10 9 9 11 11 9 10 4 12 17 3 7 5 12 10 6 12 10 19 15 12 
17 7 4 5 17 20 12 11 8 16 23 13 3 13 11 5 10000 19 20 4 14 13 13 15 15 11 14 5 16 21 7 11 9 16 12 10 16 13 23 16 16 
22 21 17 15 27 17 19 20 12 19 16 20 20 23 10 15 19 10000 17 17 15 7 10 7 5 20 6 16 8 17 13 9 12 15 20 10 8 17 19 26 4 
8 16 17 18 14 1 10 11 15 6 4 9 19 14 12 16 20 17 10000 16 6 14 10 12 14 11 16 19 10 2 16 13 13 4 11 14 10 8 4 14 15 
14 6 1 4 15 16 9 8 5 13 19 10 4 11 7 2 4 17 16 10000 10 10 9 12 12 8 11 5 13 17 5 8 6 13 10 7 13 9 19 14 13 
7 11 11 13 12 7 5 7 10 5 9 5 13 10 7 10 14 15 6 10 10000 10 6 9 11 7 12 14 8 7 11 9 8 3 7 9 8 3 9 12 12 
17 15 11 9 21 14 13 13 6 14 15 14 14 17 4 9 13 7 14 10 10 10000 4 3 3 13 3 10 5 14 7 2 5 11 14 3 5 12 17 20 4 
13 13 10 10 17 10 10 11 6 10 12 10 13 14 3 9 13 10 10 9 6 4 10000 3 5 11 7 11 4 11 7 4 4 7 11 4 4 8 13 17 6 
16 15 12 11 20 12 12 13 8 13 12 13 15 17 5 11 15 7 12 12 9 3 3 10000 3 13 5 12 2 12 9 4 6 9 14 5 2 11 14 20 4 
18 17 13 11 22 14 15 15 8 15 14 15 16 19 6 11 15 5 14 12 11 3 5 3 10000 15 3 12 5 14 9 5 7 12 16 6 4 13 16 22 1 
6 5 8 11 8 12 2 1 11 6 15 3 9 4 10 9 11 20 11 8 7 13 11 13 15 10000 16 12 13 13 11 12 9 9 2 11 13 4 14 8 16 
19 16 12 9 23 16 15 16 7 16 17 16 15 19 6 10 14 6 16 11 12 3 7 5 3 16 10000 10 7 16 7 4 7 13 17 5 7 14 19 22 4 
18 10 5 2 19 20 13 13 5 17 22 14 7 15 9 4 5 16 19 5 14 10 11 12 12 12 10 10000 14 20 4 9 7 16 14 7 14 13 22 19 13 
15 16 14 13 20 10 12 13 9 12 10 13 16 17 6 12 16 8 10 13 8 5 4 2 5 13 7 14 10000 10 10 6 8 8 14 7 1 11 12 20 5 
10 17 18 19 16 2 12 13 16 8 3 11 20 15 13 17 21 17 2 17 7 14 11 12 14 13 16 20 10 10000 17 14 14 5 12 14 10 9 3 16 14 
16 10 5 3 18 16 11 11 1 14 18 12 8 14 5 3 7 13 16 5 11 7 7 9 9 11 7 4 10 17 10000 5 4 13 12 4 10 11 19 18 10 
15 13 9 7 19 13 11 12 4 13 14 12 12 15 2 7 11 9 13 8 9 2 4 4 5 12 4 9 6 14 5 10000 3 10 13 2 6 10 16 19 6 
13 10 7 6 17 13 9 9 3 11 15 10 9 13 2 5 9 12 13 6 8 5 4 6 7 9 7 7 8 14 4 3 10000 10 10 3 8 8 16 16 8 
8 13 13 15 13 4 7 9 12 5 7 7 15 12 9 12 16 15 4 13 3 11 7 9 12 9 13 16 8 5 13 10 10 10000 8 10 8 5 7 13 12 
5 6 10 13 7 11 2 2 12 5 14 2 10 4 11 10 12 20 11 10 7 14 11 14 16 2 17 14 14 12 12 13 10 8 10000 12 14 4 13 6 17 
15 12 8 6 19 14 11 11 3 13 15 12 11 15 2 6 10 10 14 7 9 3 4 5 6 11 5 7 7 14 4 2 3 10 12 10000 7 10 17 18 7 
15 16 14 13 20 10 12 13 9 12 10 13 16 17 6 12 16 8 10 13 8 5 4 2 4 13 7 14 1 10 10 6 8 8 14 7 10000 11 13 20 5 
6 8 10 12 10 8 3 4 10 4 11 3 11 7 9 10 13 17 8 9 3 12 8 11 13 4 14 13 11 9 11 10 8 5 4 10 11 10000 11 10 14 
10 18 20 21 16 3 13 14 18 8 4 12 21 16 15 19 23 19 4 19 9 17 13 14 16 14 19 22 12 3 19 16 16 7 13 17 13 11 10000 16 17 
6 9 14 18 1 15 8 7 18 9 18 7 14 4 17 15 16 26 14 14 12 20 17 20 22 8 22 19 20 16 18 19 16 13 6 18 20 10 16 10000 23 
19 18 14 12 23 14 15 16 9 16 14 16 17 20 7 12 16 4 15 13 12 4 6 4 1 16 4 13 5 14 10 6 8 12 17 7 5 14 17 23 10000 
