50
10
1000	500	0	1000	9358.000000	8386.000000
6	4	6	6	6547.000000	9248.000000
9	6	6	9	2102.000000	4413.000000
9	8	3	8	7647.000000	8881.000000
7	1	1	6	6804.000000	2945.000000
8	7	1	6	9164.000000	82.000000
7	5	7	7	8308.000000	3483.000000
7	4	1	6	881.000000	323.000000
7	2	4	5	1586.000000	5734.000000
9	2	0	9	2593.000000	9041.000000
10	1	3	10	7441.000000	1049.000000
7	5	0	3	4705.000000	7775.000000
10	2	7	8	7003.000000	53.000000
6	2	5	5	8629.000000	4585.000000
7	4	4	7	3869.000000	3935.000000
6	4	6	6	6764.000000	771.000000
9	8	2	6	7404.000000	2269.000000
10	8	6	10	6531.000000	9648.000000
7	7	6	6	9439.000000	8915.000000
8	5	5	7	1263.000000	2225.000000
8	6	8	8	3024.000000	8594.000000
7	1	7	7	2431.000000	7217.000000
10	3	2	7	6944.000000	1891.000000
9	9	8	9	1273.000000	7012.000000
6	1	3	3	2095.000000	3642.000000
9	3	7	8	7967.000000	2995.000000
7	2	4	6	5996.000000	4538.000000
7	5	0	5	9610.000000	5923.000000
10	9	9	10	9400.000000	6471.000000
7	3	6	7	5110.000000	6822.000000
7	0	4	7	9152.000000	2078.000000
9	1	9	9	8280.000000	2448.000000
10	7	8	9	2749.000000	5614.000000
9	0	5	6	2342.000000	1400.000000
9	1	3	8	9382.000000	3884.000000
6	0	4	6	316.000000	2157.000000
8	4	3	5	792.000000	8432.000000
8	8	6	7	36.000000	2975.000000
10	3	4	8	983.000000	7089.000000
10	2	0	0	181.000000	431.000000
6	4	5	6	7681.000000	3690.000000
10	3	7	8	4169.000000	9957.000000
10	8	5	7	3531.000000	2620.000000
9	2	6	7	5493.000000	6214.000000
6	4	3	6	771.000000	3570.000000
10	1	0	3	9897.000000	1784.000000
7	1	6	6	6099.000000	411.000000
9	0	4	9	1149.000000	4527.000000
6	0	4	4	7961.000000	1679.000000
6	2	0	1	8573.000000	9571.000000
9	0	8	9	4934.000000	8510.000000
10000 6 17 4 13 17 11 24 17 14 16 10 18 8 15 17 13 7 2 21 13 15 14 17 18 12 11 5 4 10 13 13 15 20 10 22 18 22 17 25 10 11 17 9 20 14 18 19 14 3 9 
6 10000 14 3 13 20 13 22 13 8 17 5 19 11 12 17 15 1 6 18 8 10 15 12 15 13 10 10 8 6 16 15 11 18 13 19 12 19 12 22 12 5 15 7 17 17 18 15 16 5 4 
17 14 10000 15 10 17 13 9 3 10 13 9 14 14 4 12 12 14 18 5 9 6 11 6 2 13 8 16 16 8 15 13 3 7 15 6 9 6 6 9 12 12 5 8 4 17 12 2 13 17 10 
4 3 15 10000 12 18 11 22 14 11 16 7 18 9 13 17 14 3 4 19 10 11 15 14 16 12 10 8 6 7 14 13 12 19 11 20 14 20 14 23 11 8 15 7 18 15 18 16 15 3 6 
13 13 10 12 10000 8 4 13 12 15 5 11 6 5 7 5 2 14 14 12 14 13 3 14 10 3 4 9 9 9 6 4 10 10 6 14 17 14 15 15 3 15 7 8 13 7 6 12 4 14 12 
17 20 17 18 8 10000 8 17 19 23 4 18 5 10 14 5 6 20 18 17 21 20 6 22 16 7 11 12 13 16 4 6 17 14 8 19 24 20 22 18 8 23 13 15 19 4 7 19 4 20 19 
11 13 13 11 4 8 10000 17 15 16 6 12 8 3 9 7 4 13 12 15 15 14 5 16 13 2 6 6 7 10 4 3 12 13 3 17 18 17 17 18 2 16 10 8 16 5 8 15 4 13 13 
24 22 9 22 13 17 17 10000 11 18 14 17 13 18 10 12 14 22 25 4 18 15 13 14 8 16 14 21 22 16 17 16 12 4 19 4 17 6 14 2 16 21 8 15 7 19 11 9 15 25 19 
17 13 3 14 12 19 15 11 10000 7 15 8 16 15 6 15 14 13 17 8 7 4 14 3 5 14 10 17 16 8 17 15 3 9 17 8 6 7 3 11 13 10 8 8 5 19 14 3 16 16 9 
14 8 10 11 15 23 16 18 7 10000 19 5 21 16 11 19 17 8 14 14 2 4 17 5 11 17 12 16 15 7 20 18 7 16 18 15 4 14 6 18 15 4 13 9 12 21 19 10 19 13 5 
16 17 13 16 5 4 6 14 15 19 10000 15 3 8 10 2 3 18 17 13 18 16 2 18 12 5 8 11 12 13 4 4 14 11 7 15 20 16 18 15 6 19 9 12 15 6 3 15 2 18 16 
10 5 9 7 11 18 12 17 8 5 15 10000 17 11 8 15 13 6 10 14 4 5 13 8 10 12 7 11 10 3 15 13 6 14 13 15 8 14 8 18 11 5 11 4 12 16 15 10 14 9 2 
18 19 14 18 6 5 8 13 16 21 3 17 10000 10 10 2 5 20 19 13 19 17 4 19 13 7 10 13 14 15 6 6 15 10 10 15 21 16 19 14 8 21 9 13 15 7 2 15 4 20 18 
8 11 14 9 5 10 3 18 15 16 8 11 10 10000 10 9 6 11 9 16 14 14 7 16 14 4 6 4 5 9 6 5 12 15 3 18 18 18 17 19 3 14 11 8 16 7 10 15 6 10 11 
15 12 4 13 7 14 9 10 6 11 10 8 10 10 10000 9 8 13 15 7 10 8 8 9 4 9 5 13 13 7 12 10 5 6 12 8 11 8 9 11 8 13 3 6 7 13 9 6 10 15 10 
17 17 12 17 5 5 7 12 15 19 2 15 2 9 9 10000 4 18 18 12 18 16 3 17 11 6 8 12 13 13 6 5 13 9 9 14 20 15 18 14 7 20 8 12 14 7 2 14 4 18 16 
13 15 12 14 2 6 4 14 14 17 3 13 5 6 8 4 10000 15 14 13 16 15 2 16 11 2 6 9 10 11 4 2 12 11 6 15 19 15 17 15 3 17 8 9 14 6 5 14 2 15 14 
7 1 14 3 14 20 13 22 13 8 18 6 20 11 13 18 15 10000 6 19 8 10 16 12 15 14 11 10 9 7 17 15 12 19 13 20 12 19 13 23 13 5 16 8 17 18 19 15 17 5 4 
2 6 18 4 14 18 12 25 17 14 17 10 19 9 15 18 14 6 10000 22 13 15 15 17 19 13 12 6 5 10 14 14 15 21 11 23 18 23 18 26 12 11 18 10 21 15 19 19 15 3 10 
21 18 5 19 12 17 15 4 8 14 13 14 13 16 7 12 13 19 22 10000 14 11 12 10 4 14 11 19 19 12 16 15 8 3 17 2 13 3 10 5 14 17 5 12 3 18 11 5 14 21 15 
13 8 9 10 14 21 15 18 7 2 18 4 19 14 10 18 16 8 13 14 10000 3 16 5 11 15 11 15 14 6 18 17 6 15 16 14 5 13 6 18 14 4 12 7 12 20 18 9 17 12 4 
15 10 6 11 13 20 14 15 4 4 16 5 17 14 8 16 15 10 15 11 3 10000 14 3 8 14 9 15 15 6 17 16 4 12 16 11 5 10 3 15 13 7 10 7 9 19 16 6 16 14 6 
14 15 11 15 3 6 5 13 14 17 2 13 4 7 8 3 2 16 15 12 16 14 10000 16 11 4 6 10 11 11 5 3 12 10 7 14 18 14 16 14 4 18 7 10 13 6 4 13 3 16 14 
17 12 6 14 14 22 16 14 3 5 18 8 19 16 9 17 16 12 17 10 5 3 16 10000 7 16 11 17 17 8 19 17 5 12 18 10 3 9 1 14 15 9 10 9 7 21 17 5 18 16 8 
18 15 2 16 10 16 13 8 5 11 12 10 13 14 4 11 11 15 19 4 11 8 11 7 10000 12 9 16 16 9 15 13 5 5 15 5 10 5 8 8 12 14 4 9 3 17 11 3 13 18 12 
12 13 13 12 3 7 2 16 14 17 5 12 7 4 9 6 2 14 13 14 15 14 4 16 12 10000 6 7 8 10 3 2 12 12 4 16 19 16 17 17 2 16 9 9 15 5 7 14 3 14 13 
11 10 8 10 4 11 6 14 10 12 8 7 10 6 5 8 6 11 12 11 11 9 6 11 9 6 10000 8 8 5 9 7 7 10 7 13 13 13 12 15 4 12 7 4 11 10 9 10 7 12 9 
5 10 16 8 9 12 6 21 17 16 11 11 13 4 13 12 9 10 6 19 15 15 10 17 16 7 8 10000 2 10 8 8 14 18 5 21 19 21 18 22 6 14 14 9 19 9 14 18 10 8 11 
4 8 16 6 9 13 7 22 16 15 12 10 14 5 13 13 10 9 5 19 14 15 11 17 16 8 8 2 10000 9 9 9 14 18 6 21 18 20 17 23 7 13 15 8 19 10 14 17 11 7 10 
10 6 8 7 9 16 10 16 8 7 13 3 15 9 7 13 11 7 10 12 6 6 11 8 9 10 5 10 9 10000 13 11 6 13 11 14 10 13 9 17 9 7 9 2 11 14 13 10 12 9 4 
13 16 15 14 6 4 4 17 17 20 4 15 6 6 12 6 4 17 14 16 18 17 5 19 15 3 9 8 9 13 10000 2 15 14 4 18 22 19 20 19 5 19 12 12 18 2 7 17 3 16 16 
13 15 13 13 4 6 3 16 15 18 4 13 6 5 10 5 2 15 14 15 17 16 3 17 13 2 7 8 9 11 2 10000 13 13 4 16 20 17 18 17 3 18 10 10 16 4 6 15 2 15 14 
15 11 3 12 10 17 12 12 3 7 14 6 15 12 5 13 12 12 15 8 6 4 12 5 5 12 7 14 14 6 15 13 10000 9 14 9 7 8 5 12 11 10 7 6 6 17 13 4 14 15 8 
20 18 7 19 10 14 13 4 9 16 11 14 10 15 6 9 11 19 21 3 15 12 10 12 5 12 10 18 18 13 14 13 9 10000 15 5 15 6 12 5 12 18 4 12 6 16 8 7 12 21 16 
10 13 15 11 6 8 3 19 17 18 7 13 10 3 12 9 6 13 11 17 16 16 7 18 15 4 7 5 6 11 4 4 14 15 10000 19 20 19 18 20 4 17 12 10 18 5 10 17 6 12 13 
22 19 6 20 14 19 17 4 8 15 15 15 15 18 8 14 15 20 23 2 14 11 14 10 5 16 13 21 21 14 18 16 9 5 19 10000 13 2 10 4 16 18 7 14 3 20 13 6 16 23 16 
18 12 9 14 17 24 18 17 6 4 20 8 21 18 11 20 19 12 18 13 5 5 18 3 10 19 13 19 18 10 22 20 7 15 20 13 10000 12 3 17 17 8 13 11 10 23 20 8 20 16 9 
22 19 6 20 14 20 17 6 7 14 16 14 16 18 8 15 15 19 23 3 13 10 14 9 5 16 13 21 20 13 19 17 8 6 19 2 12 10000 9 6 16 17 8 13 2 20 14 4 17 22 15 
17 12 6 14 15 22 17 14 3 6 18 8 19 17 9 18 17 13 18 10 6 3 16 1 8 17 12 18 17 9 20 18 5 12 18 10 3 9 10000 14 16 9 11 10 8 21 17 6 18 16 9 
25 22 9 23 15 18 18 2 11 18 15 18 14 19 11 14 15 23 26 5 18 15 14 14 8 17 15 22 23 17 19 17 12 5 20 4 17 6 14 10000 17 21 9 16 7 20 12 9 16 25 19 
10 12 12 11 3 8 2 16 13 15 6 11 8 3 8 7 3 13 12 14 14 13 4 15 12 2 4 6 7 9 5 3 11 12 4 16 17 16 16 17 10000 15 9 7 14 6 8 14 5 12 12 
11 5 12 8 15 23 16 21 10 4 19 5 21 14 13 20 17 5 11 17 4 7 18 9 14 16 12 14 13 7 19 18 10 18 17 18 8 17 9 21 15 10000 15 8 15 20 20 13 19 9 4 
17 15 5 15 7 13 10 8 8 13 9 11 9 11 3 8 8 16 18 5 12 10 7 10 4 9 7 14 15 9 12 10 7 4 12 7 13 8 11 9 9 15 10000 9 6 13 7 7 10 18 13 
9 7 8 7 8 15 8 15 8 9 12 4 13 8 6 12 9 8 10 12 7 7 10 9 9 9 4 9 8 2 12 10 6 12 10 14 11 13 10 16 7 8 9 10000 11 13 12 10 11 10 5 
20 17 4 18 13 19 16 7 5 12 15 12 15 16 7 14 14 17 21 3 12 9 13 7 3 15 11 19 19 11 18 16 6 6 18 3 10 2 8 7 14 15 6 11 10000 19 13 3 15 20 13 
14 17 17 15 7 4 5 19 19 21 6 16 7 7 13 7 6 18 15 18 20 19 6 21 17 5 10 9 10 14 2 4 17 16 5 20 23 20 21 20 6 20 13 13 19 10000 9 19 4 16 17 
18 18 12 18 6 7 8 11 14 19 3 15 2 10 9 2 5 19 19 11 18 16 4 17 11 7 9 14 14 13 7 6 13 8 10 13 20 14 17 12 8 20 7 12 13 9 10000 13 5 19 17 
19 15 2 16 12 19 15 9 3 10 15 10 15 15 6 14 14 15 19 5 9 6 13 5 3 14 10 18 17 10 17 15 4 7 17 6 8 4 6 9 14 13 7 10 3 19 13 10000 15 18 11 
14 16 13 15 4 4 4 15 16 19 2 14 4 6 10 4 2 17 15 14 17 16 3 18 13 3 7 10 11 12 3 2 14 12 6 16 20 17 18 16 5 19 10 11 15 4 5 15 10000 16 15 
3 5 17 3 14 20 13 25 16 13 18 9 20 10 15 18 15 5 3 21 12 14 16 16 18 14 12 8 7 9 16 15 15 21 12 23 16 22 16 25 12 9 18 10 20 16 19 18 16 10000 8 
9 4 10 6 12 19 13 19 9 5 16 2 18 11 10 16 14 4 10 15 4 6 14 8 12 13 9 11 10 4 16 14 8 16 13 16 9 15 9 19 12 4 13 5 13 17 17 11 15 8 10000 
