40
10
1000	500	0	1000	732.000000	4308.000000
9	6	6	9	9676.000000	8140.000000
8	8	2	6	1344.000000	8189.000000
9	6	3	9	4107.000000	6964.000000
6	6	6	6	5564.000000	6316.000000
6	5	2	5	5536.000000	501.000000
7	4	5	7	3609.000000	3466.000000
9	8	9	9	7196.000000	8261.000000
6	4	1	4	4417.000000	8076.000000
6	0	2	4	5259.000000	9620.000000
9	5	8	8	834.000000	779.000000
7	6	6	6	8594.000000	1214.000000
6	2	4	4	277.000000	1641.000000
9	4	1	6	4761.000000	474.000000
7	6	4	6	2026.000000	7020.000000
9	2	2	3	9937.000000	9105.000000
7	7	6	7	9410.000000	8214.000000
9	9	4	4	6812.000000	510.000000
9	6	2	7	336.000000	7336.000000
8	7	5	5	4097.000000	59.000000
9	4	5	5	8479.000000	8713.000000
10	9	10	10	1681.000000	4955.000000
8	8	7	7	3286.000000	5089.000000
7	4	5	5	2551.000000	5377.000000
9	7	8	9	6178.000000	3120.000000
7	7	3	5	2928.000000	8135.000000
10	4	8	8	9863.000000	5055.000000
10	5	8	8	1957.000000	23.000000
8	3	1	4	9608.000000	5831.000000
10	4	1	10	5179.000000	5932.000000
8	7	1	8	4464.000000	4334.000000
10	6	3	10	9707.000000	4681.000000
7	3	0	7	3032.000000	3833.000000
8	8	7	8	9811.000000	1876.000000
9	9	5	7	479.000000	9273.000000
8	1	1	4	9758.000000	1669.000000
7	2	4	6	4157.000000	6840.000000
7	0	2	3	9217.000000	3971.000000
10	0	4	7	8604.000000	3508.000000
8	4	0	8	2550.000000	2417.000000
8	3	7	8	2136.000000	5364.000000
10000 20 8 9 11 13 6 16 11 14 8 17 6 12 7 21 20 15 7 11 18 3 6 5 12 9 19 9 19 10 8 18 5 19 10 19 9 17 16 6 4 
20 10000 17 12 9 18 16 5 11 10 24 15 23 19 16 2 1 17 19 20 3 18 15 16 13 14 7 23 5 11 13 7 16 13 19 13 12 9 10 19 17 
8 17 10000 7 10 18 11 12 7 9 15 21 14 17 3 18 17 19 3 18 15 7 8 7 15 4 19 17 18 9 10 19 10 22 3 22 7 18 18 12 6 
9 12 7 10000 4 14 8 7 3 6 14 15 14 14 5 13 11 14 8 14 10 7 5 5 9 4 13 15 12 3 6 13 7 16 9 16 1 12 12 10 6 
11 9 10 4 10000 12 7 6 5 7 15 12 15 12 8 11 9 12 11 13 8 9 6 7 7 7 9 15 9 2 5 9 8 13 12 13 4 9 9 10 8 
13 18 18 14 12 10000 8 16 16 19 10 7 11 2 15 20 18 3 18 4 18 12 11 12 6 17 13 8 14 11 8 12 9 9 21 9 13 11 9 8 12 
6 16 11 8 7 8 10000 12 10 13 8 11 8 7 8 17 15 9 11 7 15 5 4 5 6 10 13 8 13 6 3 13 2 13 14 13 7 12 10 3 5 
16 5 12 7 6 16 12 10000 6 5 20 15 20 17 11 6 5 16 14 18 3 13 11 11 11 9 9 20 7 7 10 9 13 14 14 15 7 10 10 15 12 
11 11 7 3 5 16 10 6 10000 4 17 17 16 16 6 12 10 16 9 17 9 9 7 7 11 3 13 17 12 5 8 13 9 17 9 17 3 13 13 12 8 
14 10 9 6 7 19 13 5 4 10000 20 19 19 19 9 10 9 19 11 20 7 12 10 11 14 6 13 21 12 8 11 14 13 18 10 19 6 14 14 16 11 
8 24 15 14 15 10 8 20 17 20 10000 16 3 8 13 25 23 12 14 7 23 9 10 10 12 16 20 3 21 14 11 20 8 19 18 18 14 18 17 5 10 
17 15 21 15 12 7 11 15 17 19 16 10000 17 8 18 17 15 4 21 10 15 16 14 15 7 18 9 14 10 12 11 8 13 3 23 3 15 6 5 13 16 
6 23 14 14 15 11 8 20 16 19 3 17 10000 10 12 25 23 14 12 9 22 8 10 9 13 15 21 5 21 14 10 20 8 20 16 19 13 19 18 5 9 
12 19 17 14 12 2 7 17 16 19 8 8 10 10000 15 21 19 5 17 2 19 11 10 11 7 16 14 6 15 11 8 13 8 11 20 11 13 12 10 6 12 
7 16 3 5 8 15 8 11 6 9 13 18 12 15 10000 17 15 17 4 15 14 5 5 4 12 3 17 14 16 7 8 17 7 19 6 19 5 16 15 10 4 
21 2 18 13 11 20 17 6 12 10 25 17 25 21 17 10000 3 19 20 22 4 19 16 17 15 15 9 25 7 12 15 9 18 15 19 15 13 11 12 20 18 
20 1 17 11 9 18 15 5 10 9 23 15 23 19 15 3 10000 17 19 20 3 17 14 15 13 13 7 23 5 10 13 8 16 13 18 14 11 9 10 18 16 
15 17 19 14 12 3 9 16 16 19 12 4 14 5 17 19 17 10000 19 6 17 14 12 13 6 18 11 10 13 12 9 11 11 7 22 7 14 9 7 10 14 
7 19 3 8 11 18 11 14 9 11 14 21 12 17 4 20 19 19 10000 17 17 6 8 6 15 6 20 15 19 11 11 20 9 22 4 22 8 19 19 11 6 
11 20 18 14 13 4 7 18 17 20 7 10 9 2 15 22 20 6 17 10000 20 11 11 12 8 17 16 5 16 12 9 15 8 12 20 12 14 13 12 6 12 
18 3 15 10 8 18 15 3 9 7 23 15 22 19 14 4 3 17 17 20 10000 16 13 14 13 12 8 22 7 9 12 9 15 14 17 15 10 10 11 18 15 
3 18 7 7 9 12 5 13 9 12 9 16 8 11 5 19 17 14 6 11 16 10000 4 2 10 7 17 10 16 8 6 17 4 18 9 18 7 16 15 6 2 
6 15 8 5 6 11 4 11 7 10 10 14 10 10 5 16 14 12 8 11 13 4 10000 2 7 7 14 11 13 5 3 13 3 15 11 15 4 13 12 6 3 
5 16 7 5 7 12 5 11 7 11 10 15 9 11 4 17 15 13 6 12 14 2 2 10000 9 6 15 11 15 6 5 15 4 17 9 17 5 14 13 6 1 
12 13 15 9 7 6 6 11 11 14 12 7 13 7 12 15 13 6 15 8 13 10 7 9 10000 12 9 11 9 6 5 8 7 8 17 8 9 7 5 8 10 
9 14 4 4 7 17 10 9 3 6 16 18 15 16 3 15 13 18 6 17 12 7 7 6 12 10000 16 17 15 7 9 16 9 19 6 19 4 16 15 12 6 
19 7 19 13 9 13 13 9 13 13 20 9 21 14 17 9 7 11 20 16 8 17 14 15 9 16 10000 19 2 10 11 1 14 7 21 7 12 3 4 16 16 
9 23 17 15 15 8 8 20 17 21 3 14 5 6 14 25 23 10 15 5 22 10 11 11 11 17 19 10000 20 14 10 19 8 17 19 16 15 17 16 5 11 
19 5 18 12 9 14 13 7 12 12 21 10 21 15 16 7 5 13 19 16 7 16 13 15 9 15 2 20 10000 9 11 3 14 8 20 9 12 4 6 16 15 
10 11 9 3 2 11 6 7 5 8 14 12 14 11 7 12 10 12 11 12 9 8 5 6 6 7 10 14 9 10000 4 10 7 13 12 13 3 9 9 9 7 
8 13 10 6 5 8 3 10 8 11 11 11 10 8 8 15 13 9 11 9 12 6 3 5 5 9 11 10 11 4 10000 11 4 12 13 12 6 10 9 6 6 
18 7 19 13 9 12 13 9 13 14 20 8 20 13 17 9 8 11 20 15 9 17 13 15 8 16 1 19 3 10 11 10000 14 6 21 7 12 2 4 16 16 
5 16 10 7 8 9 2 13 9 13 8 13 8 8 7 18 16 11 9 8 15 4 3 4 7 9 14 8 14 7 4 14 10000 15 13 15 7 13 12 3 4 
19 13 22 16 13 9 13 14 17 18 19 3 20 11 19 15 13 7 22 12 14 18 15 17 8 19 7 17 8 13 12 6 15 10000 24 1 16 5 5 15 17 
10 19 3 9 12 21 14 14 9 10 18 23 16 20 6 19 18 22 4 20 17 9 11 9 17 6 21 19 20 12 13 21 13 24 10000 24 9 21 20 15 9 
19 13 22 16 13 9 13 15 17 19 18 3 19 11 19 15 14 7 22 12 15 18 15 17 8 19 7 16 9 13 12 7 15 1 24 10000 16 5 5 15 17 
9 12 7 1 4 13 7 7 3 6 14 15 13 13 5 13 11 14 8 14 10 7 4 5 9 4 12 15 12 3 6 12 7 16 9 16 10000 12 12 10 6 
17 9 18 12 9 11 12 10 13 14 18 6 19 12 16 11 9 9 19 13 10 16 13 14 7 16 3 17 4 9 10 2 13 5 21 5 12 10000 2 14 15 
16 10 18 12 9 9 10 10 13 14 17 5 18 10 15 12 10 7 19 12 11 15 12 13 5 15 4 16 6 9 9 4 12 5 20 5 12 2 10000 13 14 
6 19 12 10 10 8 3 15 12 16 5 13 5 6 10 20 18 10 11 6 18 6 6 6 8 12 16 5 16 9 6 16 3 15 15 15 10 14 13 10000 6 
4 17 6 6 8 12 5 12 8 11 10 16 9 12 4 18 16 14 6 12 15 2 3 1 10 6 16 11 15 7 6 16 4 17 9 17 6 15 14 6 10000 
