60
10
1000	500	0	1000	6382.000000	8917.000000
9	0	5	6	7793.000000	2582.000000
7	1	7	7	3294.000000	8352.000000
8	4	8	8	1966.000000	2563.000000
9	8	1	4	893.000000	2019.000000
7	6	7	7	6166.000000	2249.000000
10	8	9	10	4935.000000	1358.000000
10	4	6	7	1471.000000	1775.000000
10	2	5	7	7877.000000	7846.000000
9	8	9	9	5381.000000	289.000000
9	0	0	3	9250.000000	3883.000000
9	9	0	9	1339.000000	8708.000000
10	3	1	2	634.000000	9175.000000
8	2	0	3	499.000000	4063.000000
8	1	0	8	8212.000000	9962.000000
8	4	0	5	4712.000000	5668.000000
9	7	6	7	48.000000	8879.000000
9	9	1	5	1049.000000	6311.000000
6	2	3	6	1746.000000	1312.000000
7	0	6	7	6834.000000	4010.000000
8	0	0	7	8430.000000	7087.000000
8	3	5	8	2070.000000	7127.000000
7	1	3	5	2464.000000	9958.000000
8	0	3	5	1667.000000	66.000000
6	3	3	5	3840.000000	8198.000000
9	6	2	3	2229.000000	8318.000000
9	4	7	9	1286.000000	1112.000000
10	3	4	7	3862.000000	1345.000000
10	10	5	8	7258.000000	707.000000
7	7	5	5	7532.000000	799.000000
9	9	7	9	6547.000000	2292.000000
10	10	9	9	145.000000	8954.000000
9	1	4	7	616.000000	65.000000
10	7	1	1	2099.000000	1621.000000
7	5	1	2	571.000000	8868.000000
9	9	2	5	1841.000000	6452.000000
10	1	10	10	5983.000000	7984.000000
7	6	4	5	1127.000000	5082.000000
6	1	2	2	794.000000	8592.000000
6	6	4	6	9333.000000	9412.000000
8	0	0	0	5204.000000	2838.000000
7	0	1	5	4328.000000	5180.000000
10	8	8	9	6886.000000	1935.000000
8	3	7	8	1706.000000	7347.000000
7	0	5	6	34.000000	8227.000000
9	4	3	8	4314.000000	9393.000000
8	4	5	6	2174.000000	2693.000000
9	6	2	2	6652.000000	6575.000000
10	7	3	6	2747.000000	3914.000000
10	9	1	10	8230.000000	2079.000000
8	8	4	4	7905.000000	9273.000000
9	3	2	2	1057.000000	8635.000000
8	3	0	0	4445.000000	1935.000000
10	10	3	10	7093.000000	1984.000000
10	10	2	4	2855.000000	1779.000000
7	6	4	4	9098.000000	4104.000000
6	4	5	5	5572.000000	205.000000
8	5	3	8	90.000000	7.000000
7	7	1	2	1314.000000	4268.000000
9	3	6	7	8261.000000	918.000000
6	6	3	6	7946.000000	2984.000000
10000 13 7 16 18 14 16 18 4 18 12 11 12 16 5 8 13 12 18 10 6 10 9 21 6 9 19 16 17 17 14 13 22 17 12 11 3 14 12 6 13 9 15 10 13 5 16 5 13 15 4 11 15 14 16 12 18 22 14 17 13 
13 10000 15 12 14 4 7 13 11 7 4 18 20 15 15 9 20 16 13 4 10 15 19 14 14 16 14 9 4 4 3 20 16 12 20 15 12 15 19 15 6 9 3 16 20 16 12 9 11 2 14 19 7 2 11 5 7 17 14 4 1 
7 15 10000 12 14 14 15 14 10 17 15 4 6 11 11 7 7 7 15 12 11 4 4 17 2 3 16 15 18 18 14 7 18 14 6 5 6 8 6 13 12 7 15 4 7 3 12 8 9 16 10 5 14 15 14 15 17 18 10 18 15 
16 12 12 10000 3 9 7 2 16 9 15 13 14 5 20 9 14 8 3 11 16 10 15 6 12 12 4 5 12 12 10 14 6 2 13 8 14 6 13 21 7 8 10 10 12 15 1 13 4 13 18 13 6 11 3 15 9 7 4 14 12 
18 14 14 3 10000 11 9 2 19 10 18 14 15 5 22 11 14 9 3 13 19 11 17 5 14 13 2 7 13 14 12 14 4 3 14 10 16 7 14 23 9 10 12 11 13 17 3 15 6 15 21 14 8 13 4 17 11 5 5 15 15 
14 4 14 9 11 10000 4 10 12 5 7 17 18 12 16 8 19 14 10 4 11 13 18 11 13 15 11 5 4 4 1 19 12 9 18 13 12 12 17 16 3 7 2 14 18 15 9 9 8 5 15 17 4 2 7 7 5 13 11 5 4 
16 7 15 7 9 4 10000 7 15 3 10 17 18 11 19 9 18 13 7 7 14 13 18 8 14 15 8 3 5 6 4 18 10 6 18 12 14 11 17 19 4 8 5 14 17 17 7 11 7 7 17 17 2 5 5 10 3 11 10 7 7 
18 13 14 2 2 10 7 10000 18 9 17 14 15 5 22 11 15 10 2 12 18 11 17 4 14 14 2 5 12 13 11 15 4 2 15 10 16 7 14 22 8 9 11 12 14 17 3 15 5 14 20 14 6 12 3 16 9 5 5 14 14 
4 11 10 16 19 12 15 18 10000 16 9 14 15 17 5 8 16 14 18 8 2 12 12 20 9 12 19 16 15 15 12 16 22 17 15 13 4 15 15 5 12 9 12 13 16 8 16 4 13 12 3 14 14 12 16 8 16 23 15 14 10 
18 7 17 9 10 5 3 9 16 10000 11 19 21 13 21 11 21 15 8 8 15 16 21 8 17 18 9 4 4 5 5 21 10 8 20 15 16 13 19 20 6 11 5 16 20 19 9 13 9 7 19 19 4 5 6 11 1 11 12 6 8 
12 4 15 15 18 7 10 17 9 11 10000 19 21 18 13 10 21 18 16 5 7 16 19 17 14 17 17 12 8 8 7 21 19 16 21 16 11 17 20 12 9 11 7 17 21 15 15 8 14 5 12 19 11 6 14 1 11 20 16 7 4 
11 18 4 13 14 17 17 14 14 19 19 10000 2 10 14 10 3 5 15 15 15 4 4 18 6 2 16 16 20 21 17 3 18 15 2 5 10 8 2 17 15 10 18 3 3 7 13 12 10 20 14 1 15 18 15 19 19 18 9 21 18 
12 20 6 14 15 18 18 15 15 21 21 2 10000 11 16 11 2 6 16 17 17 6 4 19 7 4 17 17 22 22 19 2 19 16 1 6 11 9 2 18 16 11 20 5 3 8 14 14 12 21 15 2 17 20 16 20 21 19 10 23 20 
16 15 11 5 5 12 11 5 17 13 18 10 11 10000 20 10 10 5 7 13 17 7 13 9 11 10 7 9 16 16 13 10 8 6 10 6 14 3 10 21 10 8 14 7 9 14 5 14 5 16 19 10 9 14 7 18 13 9 2 17 16 
5 15 11 20 22 16 19 22 5 21 13 14 16 20 10000 12 17 17 22 13 6 14 12 24 10 13 23 20 19 19 16 17 25 21 16 15 6 18 16 3 16 13 17 15 17 8 19 8 17 16 2 15 18 17 20 12 21 26 18 19 14 
8 9 7 9 11 8 9 11 8 11 10 10 11 10 12 10000 12 8 11 6 8 7 10 13 6 8 12 9 12 12 8 12 14 10 11 6 6 8 10 12 6 2 9 7 11 8 8 5 6 11 10 10 8 9 9 10 12 15 8 12 9 
13 20 7 14 14 19 18 15 16 21 21 3 2 10 17 12 10000 6 16 17 18 6 6 18 8 5 16 17 22 23 19 1 18 16 2 7 13 8 2 19 16 12 20 5 2 9 14 14 12 22 16 3 17 20 16 21 21 18 10 23 20 
12 16 7 8 9 14 13 10 14 15 18 5 6 5 17 8 6 10000 11 13 15 3 8 13 7 5 11 12 17 18 14 6 13 10 6 2 11 3 5 18 11 7 15 3 5 9 8 12 6 17 15 5 12 15 10 17 16 13 5 19 16 
18 13 15 3 3 10 7 2 18 8 16 15 16 7 22 11 16 11 10000 12 18 12 18 3 15 15 2 5 12 12 10 16 4 1 16 11 16 8 15 23 8 10 11 13 15 17 3 15 6 14 21 15 6 11 3 16 8 5 6 14 13 
10 4 12 11 13 4 7 12 8 8 5 15 17 13 13 6 17 13 12 10000 7 12 15 14 11 13 13 8 7 7 4 17 15 11 16 12 9 12 16 12 5 6 5 13 17 12 10 6 9 5 11 15 7 5 10 5 9 16 12 7 4 
6 10 11 16 19 11 14 18 2 15 7 15 17 17 6 8 18 15 18 7 10000 13 14 20 10 13 19 15 13 13 11 17 22 17 17 14 6 16 16 5 11 10 11 14 17 10 16 4 14 11 5 16 14 11 16 7 15 22 16 13 9 
10 15 4 10 11 13 13 11 12 16 16 4 6 7 14 7 6 3 12 12 13 10000 6 15 5 3 13 13 17 17 14 6 15 12 5 2 9 5 4 16 11 6 15 1 5 7 9 10 7 16 13 4 12 15 11 16 16 15 6 18 15 
9 19 4 15 17 18 18 17 12 21 19 4 4 13 12 10 6 8 18 15 14 6 10000 20 5 4 18 18 21 21 18 6 21 17 5 8 9 11 5 14 16 11 19 6 6 4 15 11 13 20 11 4 17 19 17 18 21 21 12 22 18 
21 14 17 6 5 11 8 4 20 8 17 18 19 9 24 13 18 13 3 14 20 15 20 10000 17 17 3 6 12 12 11 19 3 4 18 13 19 11 18 25 9 12 12 15 17 20 6 17 8 14 23 18 7 12 5 17 8 4 9 14 14 
6 14 2 12 14 13 14 14 9 17 14 6 7 11 10 6 8 7 15 11 10 5 5 17 10000 4 16 14 17 17 13 8 18 14 7 6 5 9 7 12 12 7 14 5 8 3 12 7 9 16 9 6 13 15 13 14 17 19 10 18 14 
9 16 3 12 13 15 15 14 12 18 17 2 4 10 13 8 5 5 15 13 13 3 4 17 4 10000 15 15 19 19 15 5 17 14 4 4 8 7 3 15 13 8 16 3 5 5 12 10 9 18 12 3 14 16 14 17 18 18 9 20 16 
19 14 16 4 2 11 8 2 19 9 17 16 17 7 23 12 16 11 2 13 19 13 18 3 16 15 10000 6 12 13 11 16 3 2 16 11 17 8 15 24 9 11 12 13 15 18 4 16 7 15 22 16 7 12 4 17 9 4 7 14 14 
16 9 15 5 7 5 3 5 16 4 12 16 17 9 20 9 17 12 5 8 15 13 18 6 14 15 6 10000 7 8 6 17 7 4 17 11 14 10 16 20 5 8 7 13 16 17 5 12 6 9 18 16 2 7 3 12 5 9 8 9 9 
17 4 18 12 13 4 5 12 15 4 8 20 22 16 19 12 22 17 12 7 13 17 21 12 17 19 12 7 10000 1 4 22 14 11 22 16 15 16 21 18 6 11 3 18 21 19 11 12 12 4 18 21 7 3 10 8 4 15 14 3 5 
17 4 18 12 14 4 6 13 15 5 8 21 22 16 19 12 23 18 12 7 13 17 21 12 17 19 13 8 1 10000 4 23 14 11 22 17 15 16 21 18 7 11 3 18 22 19 12 12 12 3 17 21 7 3 10 8 5 15 15 2 5 
14 3 14 10 12 1 4 11 12 5 7 17 19 13 16 8 19 14 10 4 11 14 18 11 13 15 11 6 4 4 10000 19 13 9 18 13 12 13 18 16 3 8 1 14 18 15 9 9 9 4 15 17 5 2 8 7 5 14 12 5 4 
13 20 7 14 14 19 18 15 16 21 21 3 2 10 17 12 1 6 16 17 17 6 6 19 8 5 16 17 22 23 19 10000 18 16 1 7 12 8 2 19 16 12 20 5 2 9 14 14 12 22 16 2 17 20 16 21 21 18 10 23 20 
22 16 18 6 4 12 10 4 22 10 19 18 19 8 25 14 18 13 4 15 22 15 21 3 18 17 3 7 14 14 13 18 10000 5 18 14 20 11 18 26 11 13 14 15 17 21 7 18 9 16 24 18 9 14 6 19 10 2 9 16 16 
17 12 14 2 3 9 6 2 17 8 16 15 16 6 21 10 16 10 1 11 17 12 17 4 14 14 2 4 11 11 9 16 5 10000 15 10 15 8 15 22 7 9 10 12 14 17 3 14 5 13 20 15 5 11 2 15 8 6 6 13 13 
12 20 6 13 14 18 18 15 15 20 21 2 1 10 16 11 2 6 16 16 17 5 5 18 7 4 16 17 22 22 18 1 18 15 10000 6 11 8 1 18 16 11 19 4 2 8 13 13 11 21 15 2 16 19 15 20 21 18 10 23 19 
11 15 5 8 10 13 12 10 13 15 16 5 6 6 15 6 7 2 11 12 14 2 8 13 6 4 11 11 16 17 13 7 14 10 6 10000 9 4 5 17 10 6 14 2 6 8 8 10 6 16 14 5 11 14 10 16 15 14 5 17 15 
3 12 6 14 16 12 14 16 4 16 11 10 11 14 6 6 13 11 16 9 6 9 9 19 5 8 17 14 15 15 12 12 20 15 11 9 10000 12 11 8 11 7 13 9 12 5 14 4 11 13 5 10 13 13 14 10 16 20 12 15 11 
14 15 8 6 7 12 11 7 15 13 17 8 9 3 18 8 8 3 8 12 16 5 11 11 9 7 8 10 16 16 13 8 11 8 8 4 12 10000 8 19 10 7 14 5 7 11 6 12 4 16 16 8 10 14 8 17 14 11 2 17 15 
12 19 6 13 14 17 17 14 15 19 20 2 2 10 16 10 2 5 15 16 16 4 5 18 7 3 15 16 21 21 18 2 18 15 1 5 11 8 10000 18 15 10 19 4 2 8 13 13 11 20 15 1 16 19 15 19 20 18 9 22 19 
6 15 13 21 23 16 19 22 5 20 12 17 18 21 3 12 19 18 23 12 5 16 14 25 12 15 24 20 18 18 16 19 26 22 18 17 8 19 18 10000 16 14 16 16 19 11 20 8 18 15 3 17 18 16 21 11 20 27 20 18 14 
13 6 12 7 9 3 4 8 12 6 9 15 16 10 16 6 16 11 8 5 11 11 16 9 12 13 9 5 6 7 3 16 11 7 16 10 11 10 15 16 10000 6 4 12 15 14 7 9 6 7 14 15 3 5 6 9 6 12 9 8 6 
9 9 7 8 10 7 8 9 9 11 11 10 11 8 13 2 12 7 10 6 10 6 11 12 7 8 11 8 11 11 8 12 13 9 11 6 7 7 10 14 6 10000 9 7 11 9 7 6 5 10 11 10 7 9 8 10 11 14 7 12 9 
15 3 15 10 12 2 5 11 12 5 7 18 20 14 17 9 20 15 11 5 11 15 19 12 14 16 12 7 3 3 1 20 14 10 19 14 13 14 19 16 4 9 10000 15 19 16 10 10 10 3 15 18 5 1 9 7 5 15 13 4 3 
10 16 4 10 11 14 14 12 13 16 17 3 5 7 15 7 5 3 13 13 14 1 6 15 5 3 13 13 18 18 14 5 15 12 4 2 9 5 4 16 12 7 15 10000 4 7 10 11 8 17 13 3 13 16 12 17 17 16 7 19 16 
13 20 7 12 13 18 17 14 16 20 21 3 3 9 17 11 2 5 15 17 17 5 6 17 8 5 15 16 21 22 18 2 17 14 2 6 12 7 2 19 15 11 19 4 10000 9 12 14 11 21 16 3 16 19 15 20 20 17 9 23 19 
5 16 3 15 17 15 17 17 8 19 15 7 8 14 8 8 9 9 17 12 10 7 4 20 3 5 18 17 19 19 15 9 21 17 8 8 5 11 8 11 14 9 16 7 9 10000 15 8 12 17 8 7 15 16 16 15 19 21 12 19 15 
16 12 12 1 3 9 7 3 16 9 15 13 14 5 19 8 14 8 3 10 16 9 15 6 12 12 4 5 11 12 9 14 7 3 13 8 14 6 13 20 7 7 10 10 12 15 10000 12 3 13 18 13 5 10 3 15 9 7 4 13 12 
5 9 8 13 15 9 11 15 4 13 8 12 14 14 8 5 14 12 15 6 4 10 11 17 7 10 16 12 12 12 9 14 18 14 13 10 4 12 13 8 9 6 10 11 14 8 12 10000 10 10 6 12 11 10 13 7 13 19 12 12 8 
13 11 9 4 6 8 7 5 13 9 14 10 12 5 17 6 12 6 6 9 14 7 13 8 9 9 7 6 12 12 9 12 9 5 11 6 11 4 11 18 6 5 10 8 11 12 3 10 10000 12 15 11 6 10 5 13 10 10 3 13 11 
15 2 16 13 15 5 7 14 12 7 5 20 21 16 16 11 22 17 14 5 11 16 20 14 16 18 15 9 4 3 4 22 16 13 21 16 13 16 20 15 7 10 3 17 21 17 13 10 12 10000 15 20 8 3 11 5 7 17 15 3 2 
4 14 10 18 21 15 17 20 3 19 12 14 15 19 2 10 16 15 21 11 5 13 11 23 9 12 22 18 18 17 15 16 24 20 15 14 5 16 15 3 14 11 15 13 16 8 18 6 15 15 10000 14 17 15 19 11 19 25 17 17 13 
11 19 5 13 14 17 17 14 14 19 19 1 2 10 15 10 3 5 15 15 16 4 4 18 6 3 16 16 21 21 17 2 18 15 2 5 10 8 1 17 15 10 18 3 3 7 13 12 11 20 14 10000 16 18 15 19 20 18 9 22 18 
15 7 14 6 8 4 2 6 14 4 11 15 17 9 18 8 17 12 6 7 14 12 17 7 13 14 7 2 7 7 5 17 9 5 16 11 13 10 16 18 3 7 5 13 16 15 5 11 6 8 17 16 10000 6 4 11 5 10 8 8 8 
14 2 15 11 13 2 5 12 12 5 6 18 20 14 17 9 20 15 11 5 11 15 19 12 15 16 12 7 3 3 2 20 14 11 19 14 13 14 19 16 5 9 1 16 19 16 10 10 10 3 15 18 6 10000 9 6 5 15 13 4 3 
16 11 14 3 4 7 5 3 16 6 14 15 16 7 20 9 16 10 3 10 16 11 17 5 13 14 4 3 10 10 8 16 6 2 15 10 14 8 15 21 6 8 9 12 15 16 3 13 5 11 19 15 4 9 10000 14 7 7 6 11 11 
12 5 15 15 17 7 10 16 8 11 1 19 20 18 12 10 21 17 16 5 7 16 18 17 14 17 17 12 8 8 7 21 19 15 20 16 10 17 19 11 9 10 7 17 20 15 15 7 13 5 11 19 11 6 14 10000 11 20 16 7 4 
18 7 17 9 11 5 3 9 16 1 11 19 21 13 21 12 21 16 8 9 15 16 21 8 17 18 9 5 4 5 5 21 10 8 21 15 16 14 20 20 6 11 5 17 20 19 9 13 10 7 19 20 5 5 7 11 10000 11 12 6 8 
22 17 18 7 5 13 11 5 23 11 20 18 19 9 26 15 18 13 5 16 22 15 21 4 19 18 4 9 15 15 14 18 2 6 18 14 20 11 18 27 12 14 15 16 17 21 7 19 10 17 25 18 10 15 7 20 11 10000 9 17 17 
14 14 10 4 5 11 10 5 15 12 16 9 10 2 18 8 10 5 6 12 16 6 12 9 10 9 7 8 14 15 12 10 9 6 10 5 12 2 9 20 9 7 13 7 9 12 4 12 3 15 17 9 8 13 6 16 12 9 10000 16 14 
17 4 18 14 15 5 7 14 14 6 7 21 23 17 19 12 23 19 14 7 13 18 22 14 18 20 14 9 3 2 5 23 16 13 23 17 15 17 22 18 8 12 4 19 23 19 13 12 13 3 17 22 8 4 11 7 6 17 16 10000 5 
13 1 15 12 15 4 7 14 10 8 4 18 20 16 14 9 20 16 13 4 9 15 18 14 14 16 14 9 5 5 4 20 16 13 19 15 11 15 19 14 6 9 3 16 19 15 12 8 11 2 13 18 8 3 11 4 8 17 14 5 10000 
