50
10
1000	500	0	1000	4302.000000	1064.000000
7	0	7	7	8481.000000	2617.000000
10	10	0	8	4062.000000	9992.000000
7	2	4	4	2314.000000	9750.000000
10	8	10	10	7702.000000	102.000000
6	5	1	2	4943.000000	6757.000000
9	5	2	7	1293.000000	2064.000000
7	6	6	7	1743.000000	72.000000
9	6	5	9	1468.000000	3935.000000
7	1	6	7	2134.000000	9791.000000
9	4	8	8	4812.000000	4088.000000
6	6	3	5	9395.000000	1331.000000
7	7	4	5	3550.000000	7173.000000
7	3	1	6	8978.000000	332.000000
7	2	1	7	95.000000	3950.000000
7	5	6	7	986.000000	5707.000000
6	3	4	5	669.000000	905.000000
9	5	3	4	7554.000000	7561.000000
10	7	7	10	5883.000000	8331.000000
9	0	2	8	1212.000000	7444.000000
9	2	5	7	3840.000000	3206.000000
8	0	3	6	2885.000000	5509.000000
9	2	0	5	1291.000000	7921.000000
10	5	10	10	1098.000000	5465.000000
8	5	4	8	513.000000	8403.000000
6	0	5	6	2761.000000	3365.000000
10	6	8	8	5984.000000	4167.000000
10	10	9	9	5405.000000	3061.000000
10	5	0	6	1051.000000	8543.000000
9	3	8	9	9532.000000	7956.000000
9	3	4	5	6131.000000	2032.000000
10	8	9	9	9885.000000	3168.000000
9	4	6	9	5236.000000	2560.000000
10	0	2	10	6011.000000	2232.000000
9	9	0	7	1057.000000	52.000000
9	2	8	8	8580.000000	1774.000000
9	1	5	9	3529.000000	6987.000000
10	3	9	10	7580.000000	7656.000000
9	9	7	8	5690.000000	3401.000000
8	1	7	7	1390.000000	6918.000000
6	6	0	6	2413.000000	2254.000000
7	6	1	6	5215.000000	6403.000000
7	7	4	6	9872.000000	8315.000000
10	4	1	9	2972.000000	937.000000
7	3	6	6	4905.000000	2657.000000
8	5	0	5	7497.000000	1942.000000
7	6	7	7	698.000000	7824.000000
10	4	7	7	8498.000000	4246.000000
9	1	0	2	6852.000000	4258.000000
10	8	0	6	8414.000000	9430.000000
7	7	0	0	5560.000000	952.000000
10000 9 18 18 8 12 7 6 9 18 7 11 13 10 11 12 8 15 15 15 5 10 15 11 17 6 8 5 17 18 5 12 4 5 7 9 12 15 6 14 5 11 19 3 4 7 16 11 9 19 3 
9 10000 18 19 6 11 15 15 15 20 8 4 14 5 17 17 16 11 13 18 10 13 18 16 20 12 6 7 20 11 5 4 7 5 16 2 14 11 6 17 13 11 12 12 8 3 19 4 5 14 7 
18 18 10000 4 22 7 17 21 14 4 12 21 6 22 15 11 20 9 5 8 14 10 7 11 8 14 13 15 7 12 17 18 16 17 21 19 7 9 14 9 16 8 13 19 15 18 9 15 13 9 19 
18 19 4 10000 23 8 16 20 12 1 13 23 6 24 13 9 18 12 8 6 14 9 5 9 5 13 14 15 4 15 18 21 16 17 20 21 7 12 15 6 15 9 16 18 16 19 6 17 15 13 19 
8 6 22 23 10000 15 14 12 15 23 10 5 17 3 18 18 15 15 17 20 10 15 21 18 22 12 9 8 22 17 5 8 7 6 14 4 17 16 8 19 12 14 17 10 8 4 21 9 9 19 5 
12 11 7 8 15 10000 12 15 9 9 6 15 3 16 12 9 15 6 4 8 8 5 8 9 10 9 6 8 9 10 10 13 9 10 16 13 3 6 7 8 11 1 11 13 9 11 9 9 7 9 12 
7 15 17 16 14 12 10000 5 4 16 9 17 12 16 5 8 3 17 16 11 6 8 12 7 13 4 11 9 13 21 10 18 8 10 5 15 11 17 10 10 3 12 22 5 8 13 12 16 12 21 9 
6 15 21 20 12 15 5 10000 8 20 11 16 15 15 9 12 3 19 19 15 8 12 16 11 17 7 12 10 17 23 10 18 9 10 2 15 15 20 11 14 5 15 24 4 9 13 16 16 14 23 8 
9 15 14 12 15 9 4 8 10000 12 7 17 8 17 3 4 7 15 13 8 5 5 8 4 10 3 10 9 10 19 11 17 9 10 8 15 8 15 9 6 4 9 19 7 8 13 8 15 11 18 11 
18 20 4 1 23 9 16 20 12 10000 13 23 6 24 13 9 19 12 9 6 14 9 5 9 5 13 14 15 4 16 18 21 16 17 20 21 7 12 15 6 16 10 16 18 16 20 5 17 15 13 19 
7 8 12 13 10 6 9 11 7 13 10000 11 7 12 10 9 11 9 9 10 3 5 11 8 13 5 3 3 12 13 5 11 4 5 12 9 7 10 3 9 7 5 14 8 3 7 12 8 5 13 7 
11 4 21 23 5 15 17 16 17 23 11 10000 17 3 20 19 18 13 16 21 12 16 21 19 23 14 9 9 23 14 7 4 9 8 17 2 17 14 9 20 15 14 15 13 10 4 22 7 8 17 8 
13 14 6 6 17 3 12 15 8 6 7 17 10000 18 10 6 14 9 6 5 8 4 5 6 7 8 8 10 6 13 12 15 10 12 16 15 1 9 9 5 11 4 13 13 10 14 6 12 9 11 14 
10 5 22 24 3 16 16 15 17 24 12 3 18 10000 20 20 17 15 18 22 12 16 22 19 24 14 10 9 23 16 7 6 9 8 16 3 18 15 9 21 14 15 17 13 10 5 23 8 9 19 7 
11 17 15 13 18 12 5 9 3 13 10 20 10 20 10000 4 7 17 15 8 8 7 9 4 9 6 12 11 10 21 13 20 11 13 9 18 10 17 12 7 6 12 22 9 10 16 8 17 14 20 13 
12 17 11 9 18 9 8 12 4 9 9 19 6 20 4 10000 10 14 12 4 8 4 5 1 6 6 11 11 6 18 13 19 11 13 12 18 6 14 11 3 8 9 19 11 10 16 5 16 13 17 14 
8 16 20 18 15 15 3 3 7 19 11 18 14 17 7 10 10000 20 19 14 8 11 15 10 15 7 13 11 16 23 12 19 10 12 2 16 14 20 12 13 5 15 24 5 10 14 14 18 15 24 10 
15 11 9 12 15 6 17 19 15 12 9 13 9 15 17 14 20 10000 4 13 12 11 13 14 15 13 8 10 14 5 12 10 12 12 20 12 9 1 10 13 15 6 5 17 12 12 14 7 7 5 14 
15 13 5 8 17 4 16 19 13 9 9 16 6 18 15 12 19 4 10000 10 12 9 10 12 11 12 9 11 10 8 13 14 12 13 20 15 6 4 10 10 14 5 8 16 12 14 11 10 9 6 15 
15 18 8 6 20 8 11 15 8 6 10 21 5 22 8 4 14 13 10 10000 10 6 1 4 3 9 12 13 3 17 15 20 13 15 15 19 5 13 13 2 11 9 18 14 13 17 2 16 13 15 16 
5 10 14 14 10 8 6 8 5 14 3 12 8 12 8 8 8 12 12 10 10000 5 11 8 13 3 5 4 13 15 6 13 4 5 9 10 8 12 4 9 4 7 16 5 3 8 12 10 7 16 6 
10 13 10 9 15 5 8 12 5 9 5 16 4 16 7 4 11 11 9 6 5 10000 6 4 8 5 7 8 8 15 10 15 8 10 12 14 4 11 8 5 7 5 16 10 7 12 7 12 9 14 11 
15 18 7 5 21 8 12 16 8 5 11 21 5 22 9 5 15 13 10 1 11 6 10000 5 2 10 13 13 2 17 16 20 14 15 16 20 5 13 13 3 12 9 18 15 13 18 2 17 14 15 17 
11 16 11 9 18 9 7 11 4 9 8 19 6 19 4 1 10 14 12 4 8 4 5 10000 6 6 11 10 7 18 13 19 11 12 11 17 6 14 11 3 7 9 19 10 10 15 5 15 12 17 13 
17 20 8 5 22 10 13 17 10 5 13 23 7 24 9 6 15 15 11 3 13 8 2 6 10000 12 14 15 2 19 17 22 16 17 17 21 7 15 15 4 13 11 19 16 15 20 2 19 16 16 18 
6 12 14 13 12 9 4 7 3 13 5 14 8 14 6 6 7 13 12 9 3 5 10 6 12 10000 7 6 11 17 8 15 6 7 8 13 8 13 6 8 3 8 18 5 5 10 10 12 9 17 8 
8 6 13 14 9 6 11 12 10 14 3 9 8 10 12 11 13 8 9 12 5 7 13 11 14 7 10000 3 14 11 5 9 4 4 13 8 8 8 2 11 9 5 12 9 4 6 13 6 2 12 7 
5 7 15 15 8 8 9 10 9 15 3 9 10 9 11 11 11 10 11 13 4 8 13 10 15 6 3 10000 15 13 3 9 2 3 11 7 9 11 1 12 7 7 14 7 2 5 14 7 4 15 5 
17 20 7 4 22 9 13 17 10 4 12 23 6 23 10 6 16 14 10 3 13 8 2 7 2 11 14 15 10000 18 17 21 15 17 17 21 6 14 14 4 13 10 18 16 15 19 2 18 15 15 18 
18 11 12 15 17 10 21 23 19 16 13 14 13 16 21 18 23 5 8 17 15 15 17 18 19 17 11 13 18 10000 14 10 14 14 24 13 13 4 12 17 19 10 1 20 15 13 18 8 10 4 17 
5 5 17 18 5 10 10 10 11 18 5 7 12 7 13 13 12 12 13 15 6 10 16 13 17 8 5 3 17 14 10000 8 3 1 11 5 12 12 3 14 8 9 15 7 3 3 16 7 5 16 3 
12 4 18 21 8 13 18 18 17 21 11 4 15 6 20 19 19 10 14 20 13 15 20 19 22 15 9 9 21 10 8 10000 10 8 19 4 15 11 9 19 16 12 11 15 11 6 21 4 7 13 10 
4 7 16 16 7 9 8 9 9 16 4 9 10 9 11 11 10 12 12 13 4 8 14 11 16 6 4 2 15 14 3 10 10000 2 10 7 10 12 2 12 6 8 15 6 1 5 14 8 5 16 4 
5 5 17 17 6 10 10 10 10 17 5 8 12 8 13 13 12 12 13 15 5 10 15 12 17 7 4 3 17 14 1 8 2 10000 11 6 11 12 3 14 8 9 15 7 3 4 16 7 5 16 3 
7 16 21 20 14 16 5 2 8 20 12 17 16 16 9 12 2 20 20 15 9 12 16 11 17 8 13 11 17 24 11 19 10 11 10000 16 15 21 12 14 6 16 25 5 10 14 16 18 15 24 10 
9 2 19 21 4 13 15 15 15 21 9 2 15 3 18 18 16 12 15 19 10 14 20 17 21 13 8 7 21 13 5 4 7 6 16 10000 15 12 7 18 13 12 14 12 8 3 20 5 7 16 7 
12 14 7 7 17 3 11 15 8 7 7 17 1 18 10 6 14 9 6 5 8 4 5 6 7 8 8 9 6 13 12 15 10 11 15 15 10000 9 9 5 10 4 13 13 10 13 6 12 9 11 13 
15 11 9 12 16 6 17 20 15 12 10 14 9 15 17 14 20 1 4 13 12 11 13 14 15 13 8 11 14 4 12 11 12 12 21 12 9 10000 10 13 15 6 5 17 12 12 14 8 7 4 15 
6 6 14 15 8 7 10 11 9 15 3 9 9 9 12 11 12 10 10 13 4 8 13 11 15 6 2 1 14 12 3 9 2 3 12 7 9 10 10000 12 7 7 13 8 3 5 14 6 3 14 5 
14 17 9 6 19 8 10 14 6 6 9 20 5 21 7 3 13 13 10 2 9 5 3 3 4 8 11 12 4 17 14 19 12 14 14 18 5 13 12 10000 10 8 18 13 12 16 3 16 13 15 15 
5 13 16 15 12 11 3 5 4 16 7 15 11 14 6 8 5 15 14 11 4 7 12 7 13 3 9 7 13 19 8 16 6 8 6 13 10 15 7 10 10000 11 20 3 6 11 12 13 10 19 7 
11 11 8 9 14 1 12 15 9 10 5 14 4 15 12 9 15 6 5 9 7 5 9 9 11 8 5 7 10 10 9 12 8 9 16 12 4 6 7 8 11 10000 11 12 8 11 10 8 6 9 11 
19 12 13 16 17 11 22 24 19 16 14 15 13 17 22 19 24 5 8 18 16 16 18 19 19 18 12 14 18 1 15 11 15 15 25 14 13 5 13 18 20 11 10000 21 16 14 19 9 11 4 18 
3 12 19 18 10 13 5 4 7 18 8 13 13 13 9 11 5 17 16 14 5 10 15 10 16 5 9 7 16 20 7 15 6 7 5 12 13 17 8 13 3 12 21 10000 6 10 15 13 11 21 6 
4 8 15 16 8 9 8 9 8 16 3 10 10 10 10 10 10 12 12 13 3 7 13 10 15 5 4 2 15 15 3 11 1 3 10 8 10 12 3 12 6 8 16 6 10000 6 14 8 6 16 4 
7 3 18 19 4 11 13 13 13 20 7 4 14 5 16 16 14 12 14 17 8 12 18 15 20 10 6 5 19 13 3 6 5 4 14 3 13 12 5 16 11 11 14 10 6 10000 18 6 5 16 5 
16 19 9 6 21 9 12 16 8 5 12 22 6 23 8 5 14 14 11 2 12 7 2 5 2 10 13 14 2 18 16 21 14 16 16 20 6 14 14 3 12 10 19 15 14 18 10000 18 15 16 17 
11 4 15 17 9 9 16 16 15 17 8 7 12 8 17 16 18 7 10 16 10 12 17 15 19 12 6 7 18 8 7 4 8 7 18 5 12 8 6 16 13 8 9 13 8 6 18 10000 4 11 9 
9 5 13 15 9 7 12 14 11 15 5 8 9 9 14 13 15 7 9 13 7 9 14 12 16 9 2 4 15 10 5 7 5 5 15 7 9 7 3 13 10 6 11 11 6 5 15 4 10000 11 8 
19 14 9 13 19 9 21 23 18 13 13 17 11 19 20 17 24 5 6 15 16 14 15 17 16 17 12 15 15 4 16 13 16 16 24 16 11 4 14 15 19 9 4 21 16 16 16 11 11 10000 18 
3 7 19 19 5 12 9 8 11 19 7 8 14 7 13 14 10 14 15 16 6 11 17 13 18 8 7 5 18 17 3 10 4 3 10 7 13 15 5 15 7 11 18 6 4 5 17 9 8 18 10000 
