60
10
1000	500	0	1000	1719.000000	940.000000
10	6	4	5	2935.000000	3461.000000
10	1	8	8	6344.000000	7.000000
7	6	3	5	5435.000000	2805.000000
9	8	6	9	8461.000000	2885.000000
10	4	0	4	6042.000000	548.000000
7	2	6	6	625.000000	1751.000000
9	9	2	5	4246.000000	3351.000000
7	0	7	7	7278.000000	1955.000000
10	10	8	8	7145.000000	5811.000000
6	6	0	5	7142.000000	2323.000000
8	4	1	3	8346.000000	7456.000000
10	1	5	8	2087.000000	1610.000000
9	8	9	9	1040.000000	786.000000
10	0	5	5	5837.000000	2660.000000
6	3	4	4	236.000000	4843.000000
6	0	3	3	4151.000000	6759.000000
9	3	2	4	6344.000000	917.000000
8	1	4	5	5638.000000	1712.000000
10	6	0	1	3128.000000	9766.000000
7	5	2	6	1421.000000	773.000000
7	1	3	6	5244.000000	7175.000000
8	5	0	7	856.000000	1690.000000
10	6	5	10	6664.000000	3179.000000
8	6	4	6	301.000000	2385.000000
6	1	1	6	7961.000000	5609.000000
9	1	6	6	4664.000000	9760.000000
6	1	4	4	360.000000	7960.000000
8	1	2	3	422.000000	8773.000000
6	4	4	4	5166.000000	9286.000000
7	4	2	2	8161.000000	5952.000000
8	3	3	5	6468.000000	1618.000000
10	3	1	8	1179.000000	1702.000000
6	6	3	3	6809.000000	1144.000000
9	1	6	9	6513.000000	2408.000000
8	7	5	7	9887.000000	770.000000
9	0	5	5	2583.000000	7107.000000
8	2	4	8	2076.000000	9656.000000
6	6	0	3	1741.000000	1831.000000
9	0	1	9	1988.000000	3105.000000
7	5	2	3	1050.000000	2827.000000
10	6	6	7	8123.000000	929.000000
8	4	6	8	1515.000000	1505.000000
10	10	5	9	4904.000000	7919.000000
10	5	7	10	3970.000000	4677.000000
6	1	0	3	7157.000000	3209.000000
6	3	5	6	5670.000000	7179.000000
7	7	4	4	7354.000000	4575.000000
10	10	5	6	2627.000000	5138.000000
8	6	8	8	7187.000000	995.000000
6	6	2	4	4894.000000	2510.000000
6	5	5	6	6068.000000	6762.000000
8	8	3	4	2198.000000	5500.000000
9	9	3	4	4535.000000	2201.000000
6	5	6	6	962.000000	5609.000000
8	5	4	7	7046.000000	8078.000000
6	6	5	5	5629.000000	5924.000000
9	8	7	9	8954.000000	7706.000000
7	7	0	6	5330.000000	9444.000000
9	5	6	7	4520.000000	5543.000000
10	1	3	3	116.000000	8126.000000
10000 6 10 9 15 9 3 7 12 15 12 19 2 2 9 9 13 10 8 18 1 15 3 11 5 16 19 15 16 19 17 10 2 11 11 17 13 18 2 5 5 13 2 16 9 12 15 14 9 11 8 15 10 7 10 18 13 20 19 11 15 
6 10000 10 6 12 9 6 3 10 10 9 14 5 7 7 7 8 9 7 13 7 9 6 8 6 11 14 11 12 13 12 8 5 10 8 15 8 13 5 3 4 12 5 10 4 9 10 10 4 10 5 10 5 5 6 13 8 15 13 6 11 
10 10 10000 6 8 2 12 8 5 12 5 16 10 11 6 16 15 2 4 21 10 15 12 7 13 12 20 20 22 19 13 4 11 3 5 8 17 22 10 11 12 5 11 17 11 7 15 10 13 3 6 14 14 6 16 17 12 17 19 12 21 
9 6 6 10000 7 5 10 3 5 7 4 11 8 10 1 12 9 5 3 15 9 9 10 3 11 8 14 15 16 13 9 4 9 5 3 10 11 16 8 7 9 7 9 11 5 4 9 6 8 6 2 9 9 3 11 12 7 13 14 6 16 
15 12 8 7 10000 7 16 9 4 7 3 10 14 16 6 17 12 6 7 18 15 11 16 4 17 6 16 20 20 15 7 5 15 5 5 6 15 19 14 13 15 4 15 13 10 3 11 5 13 5 8 10 14 8 16 11 9 10 15 10 20 
9 9 2 5 7 10000 12 7 4 11 5 15 9 11 5 15 13 1 3 20 10 14 11 6 13 11 19 19 20 18 12 3 10 2 4 8 15 20 9 10 11 5 10 15 10 6 14 9 12 3 5 13 13 5 15 16 11 16 18 11 20 
3 6 12 10 16 12 10000 8 14 16 14 20 3 3 11 7 13 12 11 17 3 15 1 13 2 17 18 13 15 18 18 12 2 13 12 19 12 17 3 4 3 16 2 16 9 14 15 15 8 14 9 15 9 8 8 19 14 21 19 11 13 
7 3 8 3 9 7 8 10000 7 8 7 12 6 9 4 9 7 7 5 14 8 8 8 5 9 9 13 13 14 13 10 6 7 7 5 13 9 14 6 5 7 10 7 10 3 6 9 7 5 8 3 8 6 3 8 11 6 13 13 5 13 
12 10 5 5 4 4 14 7 10000 8 1 12 11 13 4 16 12 3 4 18 12 12 13 3 14 8 17 19 20 16 9 2 13 2 2 6 14 19 12 11 13 3 12 13 9 3 11 6 12 2 5 10 13 6 15 13 9 12 16 10 19 
15 10 12 7 7 11 16 8 8 10000 7 5 14 16 7 14 7 10 9 12 16 5 16 6 16 2 10 15 15 8 3 9 15 10 7 12 10 13 14 12 14 10 15 7 7 6 5 3 10 10 8 3 10 9 13 5 4 6 9 6 15 
12 9 5 4 3 5 14 7 1 7 10000 11 11 13 3 15 11 4 4 17 12 11 13 2 14 7 16 18 19 15 8 2 12 3 2 7 14 18 11 11 13 4 12 13 8 2 11 5 11 3 5 10 12 6 14 12 8 12 15 9 19 
19 14 16 11 10 15 20 12 12 5 11 10000 18 20 11 18 9 14 13 12 20 7 19 10 20 4 9 17 17 8 4 13 19 13 11 14 12 14 18 16 18 14 19 7 11 9 6 7 13 14 13 5 13 13 16 3 7 2 8 9 17 
2 5 10 8 14 9 3 6 11 14 11 18 10000 3 8 8 12 9 8 17 3 13 3 10 4 15 18 14 15 17 15 9 2 10 9 16 12 17 1 3 4 13 2 14 8 11 14 13 8 11 6 14 8 6 9 17 12 19 17 10 14 
2 7 11 10 16 11 3 9 13 16 13 20 3 10000 11 9 14 11 10 19 1 16 2 13 4 17 20 15 17 19 18 11 2 12 12 18 14 18 3 6 5 15 2 17 10 14 16 15 10 13 9 16 10 8 10 19 14 22 20 12 15 
9 7 6 1 6 5 11 4 4 7 3 11 8 11 10000 13 9 4 2 16 10 10 11 2 12 8 15 16 17 14 9 3 10 4 2 9 12 16 9 8 10 6 9 11 6 3 10 5 9 5 2 9 10 3 12 12 7 12 14 7 16 
9 7 16 12 17 15 7 9 16 14 15 18 8 9 13 10000 9 15 13 12 9 12 7 14 5 16 14 7 8 14 17 15 7 16 14 21 7 11 7 5 5 18 8 12 8 15 12 15 5 16 11 13 5 11 3 16 12 19 14 9 7 
13 8 15 9 12 13 13 7 12 7 11 9 12 14 9 9 10000 13 11 7 14 3 13 9 12 8 7 8 9 6 9 12 12 13 10 17 4 8 11 9 11 15 12 3 5 10 4 8 5 14 9 4 5 10 7 7 4 10 6 3 9 
10 9 2 5 6 1 12 7 3 10 4 14 9 11 4 15 13 10000 3 19 10 13 12 5 13 10 19 19 20 17 11 2 11 2 4 8 15 20 10 10 12 4 10 15 9 5 13 8 12 2 5 12 13 5 15 15 11 15 18 10 20 
8 7 4 3 7 3 11 5 4 9 4 13 8 10 2 13 11 3 10000 17 9 11 10 4 11 10 17 17 18 16 10 2 9 3 3 9 13 18 8 8 10 6 9 13 7 5 11 7 10 4 3 11 11 3 13 14 9 14 16 8 17 
18 13 21 15 18 20 17 14 18 12 17 12 17 19 16 12 7 19 17 10000 19 7 17 15 16 13 4 7 6 5 13 18 17 19 17 23 6 3 17 14 15 21 17 6 11 16 8 14 10 20 15 9 9 16 10 9 10 13 5 9 7 
1 7 10 9 15 10 3 8 12 16 12 20 3 1 10 9 14 10 9 19 10000 15 3 12 4 17 20 15 17 19 17 11 2 11 11 17 13 18 3 5 5 14 2 16 10 13 16 15 10 12 8 16 10 7 10 19 14 21 20 12 15 
15 9 15 9 11 14 15 8 12 5 11 7 13 16 10 12 3 13 11 7 15 10000 15 9 14 7 6 10 11 5 7 12 14 13 10 16 6 9 13 11 13 14 14 2 6 9 1 7 7 13 10 2 7 11 10 5 3 8 5 4 11 
3 6 12 10 16 11 1 8 13 16 13 19 3 2 11 7 13 12 10 17 3 15 10000 12 2 17 18 13 15 18 17 12 1 12 12 19 12 17 2 4 3 15 2 15 9 13 15 15 8 13 9 15 9 8 8 18 13 21 18 11 13 
11 8 7 3 4 6 13 5 3 6 2 10 10 13 2 14 9 5 4 15 12 9 12 10000 13 6 14 16 17 13 7 4 12 5 2 9 12 16 11 10 12 6 11 11 7 1 9 4 9 5 4 8 11 5 13 10 6 11 13 7 17 
5 6 13 11 17 13 2 9 14 16 14 20 4 4 12 5 12 13 11 16 4 14 2 13 10000 17 18 12 13 17 18 13 3 14 13 20 11 15 4 4 2 16 3 15 9 14 15 15 8 15 10 15 8 9 7 18 13 21 18 11 12 
16 11 12 8 6 11 17 9 8 2 7 4 15 17 8 16 8 10 10 13 17 7 17 6 17 10000 11 16 17 10 1 9 16 10 8 11 12 15 15 13 15 10 16 8 9 6 6 3 11 10 9 5 12 10 14 6 5 5 10 7 17 
19 14 20 14 16 19 18 13 17 10 16 9 18 20 15 14 7 19 17 4 20 6 18 14 18 11 10000 10 9 2 11 17 18 18 16 21 7 6 17 15 16 19 18 4 11 15 6 12 11 19 15 7 10 16 12 6 8 10 2 9 10 
15 11 20 15 20 19 13 13 19 15 18 17 14 15 16 7 8 19 17 7 15 10 13 16 12 16 10 10000 2 10 17 18 13 19 17 24 5 5 13 11 11 21 14 10 10 17 11 16 8 20 15 12 7 15 5 14 12 18 11 10 1 
16 12 22 16 20 20 15 14 20 15 19 17 15 17 17 8 9 20 18 6 17 11 15 17 13 17 9 2 10000 10 17 19 15 20 18 25 6 4 15 12 12 22 15 10 11 18 11 17 9 21 16 12 8 16 7 14 12 18 10 11 2 
19 13 19 13 15 18 18 13 16 8 15 8 17 19 14 14 6 17 16 5 19 5 18 13 17 10 2 10 10 10000 9 16 18 17 15 20 7 7 17 14 16 18 18 3 10 13 5 11 10 18 14 6 10 15 12 5 7 9 1 8 11 
17 12 13 9 7 12 18 10 9 3 8 4 15 18 9 17 9 11 10 13 17 7 17 7 18 1 11 17 17 9 10000 10 17 10 8 11 12 15 16 14 16 11 16 8 9 6 6 4 12 11 10 5 12 11 15 5 6 4 9 8 17 
10 8 4 4 5 3 12 6 2 9 2 13 9 11 3 15 12 2 2 18 11 12 12 4 13 9 17 18 19 16 10 10000 11 2 2 8 14 19 10 10 12 4 10 13 8 4 12 7 11 2 4 11 12 5 14 13 9 14 16 9 19 
2 5 11 9 15 10 2 7 13 15 12 19 2 2 10 7 12 11 9 17 2 14 1 12 3 16 18 13 15 18 17 11 10000 12 11 18 12 17 2 4 3 14 1 15 9 13 15 14 8 13 8 15 8 7 8 18 13 20 18 11 14 
11 10 3 5 5 2 13 7 2 10 3 13 10 12 4 16 13 2 3 19 11 13 12 5 14 10 18 19 20 17 10 2 12 10000 3 7 15 20 11 11 12 3 11 15 10 5 13 7 12 1 5 12 13 6 15 14 10 14 17 10 20 
11 8 5 3 5 4 12 5 2 7 2 11 9 12 2 14 10 4 3 17 11 10 12 2 13 8 16 17 18 15 8 2 11 3 10000 8 13 17 10 10 11 5 11 12 7 3 10 5 10 4 4 9 11 4 13 12 8 12 15 8 18 
17 15 8 10 6 8 19 13 6 12 7 14 16 18 9 21 17 8 9 23 17 16 19 9 20 11 21 24 25 20 11 8 18 7 8 10000 20 24 17 17 19 4 17 18 15 8 16 10 17 6 11 15 19 12 21 16 14 14 20 15 25 
13 8 17 11 15 15 12 9 14 10 14 12 12 14 12 7 4 15 13 6 13 6 12 12 11 12 7 5 6 7 12 14 12 15 13 20 10000 6 11 9 10 17 12 5 6 13 7 11 4 16 11 8 4 11 5 10 7 13 8 5 6 
18 13 22 16 19 20 17 14 19 13 18 14 17 18 16 11 8 20 18 3 18 9 17 16 15 15 6 5 4 7 15 19 17 20 17 24 6 10000 16 14 14 22 17 7 11 17 9 15 10 21 16 10 9 16 9 11 11 15 7 10 5 
2 5 10 8 14 9 3 6 12 14 11 18 1 3 9 7 11 10 8 17 3 13 2 11 4 15 17 13 15 17 16 10 2 11 10 17 11 16 10000 3 3 13 1 14 8 12 14 13 7 12 7 14 8 6 8 17 12 19 17 10 14 
5 3 11 7 13 10 4 5 11 12 11 16 3 6 8 5 9 10 8 14 5 11 4 10 4 13 15 11 12 14 14 10 4 11 10 17 9 14 3 10000 2 14 4 12 6 11 11 12 5 12 6 11 5 6 6 15 10 17 15 8 11 
5 4 12 9 15 11 3 7 13 14 13 18 4 5 10 5 11 12 10 15 5 13 3 12 2 15 16 11 12 16 16 12 3 12 11 19 10 14 3 2 10000 15 3 13 7 13 13 14 6 13 8 13 6 8 6 16 12 19 16 9 11 
13 12 5 7 4 5 16 10 3 10 4 14 13 15 6 18 15 4 6 21 14 14 15 6 16 10 19 21 22 18 11 4 14 3 5 4 17 22 13 14 15 10000 14 16 12 5 14 8 14 2 8 13 15 8 18 15 12 14 18 12 22 
2 5 11 9 15 10 2 7 12 15 12 19 2 2 9 8 12 10 9 17 2 14 2 11 3 16 18 14 15 18 16 10 1 11 11 17 12 17 1 4 3 14 10000 15 9 12 15 14 8 12 8 14 9 7 9 18 13 20 18 11 14 
16 10 17 11 13 15 16 10 13 7 13 7 14 17 11 12 3 15 13 6 16 2 15 11 15 8 4 10 10 3 8 13 15 15 12 18 5 7 14 12 13 16 15 10000 7 11 3 9 8 15 11 4 8 12 10 5 5 9 4 5 10 
9 4 11 5 10 10 9 3 9 7 8 11 8 10 6 8 5 9 7 11 10 6 9 7 9 9 11 10 11 10 9 8 9 10 7 15 6 11 8 6 7 12 9 7 10000 8 7 7 3 10 5 6 4 6 7 10 5 12 10 3 11 
12 9 7 4 3 6 14 6 3 6 2 9 11 14 3 15 10 5 5 16 13 9 13 1 14 6 15 17 18 13 6 4 13 5 3 8 13 17 12 11 13 5 12 11 8 10000 9 3 10 5 5 8 11 6 14 10 7 10 13 8 18 
15 10 15 9 11 14 15 9 11 5 11 6 14 16 10 12 4 13 11 8 16 1 15 9 15 6 6 11 11 5 6 12 15 13 10 16 7 9 14 11 13 14 15 3 7 9 10000 7 8 13 10 2 8 11 10 4 3 7 5 4 12 
14 10 10 6 5 9 15 7 6 3 5 7 13 15 5 15 8 8 7 14 15 7 15 4 15 3 12 16 17 11 4 7 14 7 5 10 11 15 13 12 14 8 14 9 7 3 7 10000 10 8 7 6 11 8 13 8 5 8 11 6 17 
9 4 13 8 13 12 8 5 12 10 11 13 8 10 9 5 5 12 10 10 10 7 8 9 8 11 11 8 9 10 12 11 8 12 10 17 4 10 7 5 6 14 8 8 3 10 8 10 10000 13 7 8 2 8 4 11 7 14 11 4 8 
11 10 3 6 5 3 14 8 2 10 3 14 11 13 5 16 14 2 4 20 12 13 13 5 15 10 19 20 21 18 11 2 13 1 4 6 16 21 12 12 13 2 12 15 10 5 13 8 13 10000 6 12 14 6 16 15 11 14 18 11 21 
8 5 6 2 8 5 9 3 5 8 5 13 6 9 2 11 9 5 3 15 8 10 9 4 10 9 15 15 16 14 10 4 8 5 4 11 11 16 7 6 8 8 8 11 5 5 10 7 7 6 10000 9 9 1 11 12 7 14 14 7 15 
15 10 14 9 10 13 15 8 10 3 10 5 14 16 9 13 4 12 11 9 16 2 15 8 15 5 7 12 12 6 5 11 15 12 9 15 8 10 14 11 13 13 14 4 6 8 2 6 8 12 9 10000 9 10 11 4 2 7 6 4 13 
10 5 14 9 14 13 9 6 13 10 12 13 8 10 10 5 5 13 11 9 10 7 9 11 8 12 10 7 8 10 12 12 8 13 11 19 4 9 8 5 6 15 9 8 4 11 8 11 2 14 9 9 10000 9 3 11 7 15 11 5 7 
7 5 6 3 8 5 8 3 6 9 6 13 6 8 3 11 10 5 3 16 7 11 8 5 9 10 16 15 16 15 11 5 7 6 4 12 11 16 6 6 8 8 7 12 6 6 11 8 8 6 1 10 9 10000 10 13 8 15 15 7 15 
10 6 16 11 16 15 8 8 15 13 14 16 9 10 12 3 7 15 13 10 10 10 8 13 7 14 12 5 7 12 15 14 8 15 13 21 5 9 8 6 6 18 9 10 7 14 10 13 4 16 11 11 3 10 10000 14 10 17 12 8 6 
18 13 17 12 11 16 19 11 13 5 12 3 17 19 12 16 7 15 14 9 19 5 18 10 18 6 6 14 14 5 5 13 18 14 12 16 10 11 17 15 16 15 18 5 10 10 4 8 11 15 12 4 11 13 14 10000 6 4 5 8 14 
13 8 12 7 9 11 14 6 9 4 8 7 12 14 7 12 4 11 9 10 14 3 13 6 13 5 8 12 12 7 6 9 13 10 8 14 7 11 12 10 12 12 13 5 5 7 3 5 7 11 7 2 7 8 10 6 10000 8 8 3 12 
20 15 17 13 10 16 21 13 12 6 12 2 19 22 12 19 10 15 14 13 21 8 21 11 21 5 10 18 18 9 4 14 20 14 12 14 13 15 19 17 19 14 20 9 12 10 7 8 14 14 14 7 15 15 17 4 8 10000 9 10 18 
19 13 19 14 15 18 19 13 16 9 15 8 17 20 14 14 6 18 16 5 20 5 18 13 18 10 2 11 10 1 9 16 18 17 15 20 8 7 17 15 16 18 18 4 10 13 5 11 11 18 14 6 11 15 12 5 8 9 10000 8 11 
11 6 12 6 10 11 11 5 10 6 9 9 10 12 7 9 3 10 8 9 12 4 11 7 11 7 9 10 11 8 8 9 11 10 8 15 5 10 10 8 9 12 11 5 3 8 4 6 4 11 7 4 5 7 8 8 3 10 8 10000 11 
15 11 21 16 20 20 13 13 19 15 19 17 14 15 16 7 9 20 17 7 15 11 13 17 12 17 10 1 2 11 17 19 14 20 18 25 6 5 14 11 11 22 14 10 11 18 12 17 8 21 15 13 7 15 6 14 12 18 11 11 10000 
