60
10
1000	500	0	1000	5776.000000	9257.000000
8	8	4	4	220.000000	651.000000
6	2	6	6	1035.000000	8646.000000
9	2	1	6	2176.000000	4355.000000
10	6	2	5	4786.000000	8658.000000
9	6	6	7	5683.000000	4383.000000
9	6	4	6	1658.000000	6499.000000
10	2	4	4	6265.000000	2519.000000
6	0	0	3	2485.000000	3454.000000
6	6	3	3	2758.000000	3976.000000
7	1	2	3	2427.000000	8651.000000
7	3	6	7	2026.000000	9464.000000
6	1	0	0	4619.000000	1588.000000
7	4	1	2	5905.000000	2910.000000
8	4	3	6	9820.000000	24.000000
10	5	7	9	2257.000000	1333.000000
9	3	5	8	7048.000000	5603.000000
6	6	1	3	4341.000000	2967.000000
7	5	5	7	6092.000000	4220.000000
9	0	4	8	3353.000000	3302.000000
7	6	0	7	282.000000	9052.000000
7	5	1	4	9419.000000	25.000000
8	7	8	8	7665.000000	2821.000000
9	9	2	8	1851.000000	4654.000000
8	3	6	6	7248.000000	5940.000000
10	2	6	6	8631.000000	7121.000000
10	2	1	10	3988.000000	4977.000000
8	2	0	2	6339.000000	2831.000000
6	2	6	6	4309.000000	9799.000000
6	4	5	5	524.000000	138.000000
7	5	2	5	5178.000000	3194.000000
8	0	3	4	475.000000	7766.000000
10	0	3	4	5111.000000	4082.000000
8	5	3	5	732.000000	9068.000000
10	5	0	7	9724.000000	2173.000000
8	6	2	3	2033.000000	1353.000000
10	1	8	9	6378.000000	2196.000000
8	2	8	8	1894.000000	7413.000000
9	4	4	6	1368.000000	671.000000
9	1	1	7	3057.000000	1683.000000
6	0	6	6	7184.000000	563.000000
7	1	6	6	1705.000000	7816.000000
9	7	9	9	539.000000	6822.000000
8	3	4	4	6446.000000	4525.000000
8	4	7	8	1881.000000	5773.000000
10	2	3	4	2086.000000	3483.000000
7	3	6	7	5598.000000	5426.000000
10	6	9	9	3243.000000	9160.000000
10	0	9	10	1389.000000	5197.000000
6	3	1	1	3304.000000	8173.000000
8	3	3	7	751.000000	9758.000000
8	5	4	5	7411.000000	827.000000
8	1	4	4	3253.000000	9571.000000
6	2	1	1	7927.000000	9639.000000
8	6	2	4	7206.000000	8754.000000
10	7	0	2	1311.000000	8572.000000
6	6	0	5	3889.000000	9671.000000
6	1	0	5	4837.000000	6750.000000
7	4	6	6	4794.000000	1473.000000
6	2	2	4	5911.000000	6522.000000
9	5	1	6	6833.000000	6450.000000
10000 21 10 13 3 10 10 14 14 13 7 8 16 13 21 18 8 13 11 13 11 20 14 13 8 8 10 13 4 22 13 12 11 11 17 18 15 9 20 17 18 9 12 10 11 14 8 6 12 6 11 18 6 5 4 10 4 6 16 6 6 
21 10000 17 9 19 14 13 13 8 9 17 18 9 13 20 5 17 10 14 9 17 19 16 9 18 22 12 13 21 2 12 15 12 17 20 4 13 14 3 7 14 15 13 15 11 7 15 19 10 17 19 15 19 24 22 16 20 16 10 17 18 
10 17 10000 9 8 13 5 17 11 10 3 3 16 16 25 15 14 14 14 12 2 25 18 9 14 16 10 16 7 18 14 3 13 2 22 15 17 4 16 15 21 3 4 14 6 11 12 5 7 5 3 21 5 14 13 1 7 9 17 11 13 
13 9 9 10000 11 8 5 9 2 2 9 11 8 8 18 7 11 6 8 4 11 17 12 1 11 15 4 9 12 10 7 8 6 10 16 7 10 7 8 6 13 7 6 9 3 2 8 10 3 8 12 13 11 16 14 9 12 8 8 9 11 
3 19 8 11 10000 9 8 13 12 11 5 6 15 12 20 16 8 12 10 12 10 20 14 10 8 9 8 13 3 20 11 9 10 9 17 16 14 7 18 15 17 7 10 9 9 12 7 4 10 4 9 17 4 7 5 7 3 4 15 5 7 
10 14 13 8 9 10000 10 4 7 6 11 13 6 3 13 10 4 4 1 6 15 12 6 8 5 9 4 4 12 14 3 13 2 14 10 10 5 10 12 8 9 11 12 2 9 8 3 11 9 9 15 8 12 12 10 13 12 6 7 5 5 
10 13 5 5 8 10 10000 13 7 6 5 6 12 12 21 11 11 9 10 8 6 21 15 4 12 15 6 12 9 13 10 4 9 6 19 11 13 2 12 11 17 3 3 11 2 7 9 7 3 5 7 17 7 15 12 5 8 7 12 9 11 
14 13 17 9 13 4 13 10000 8 8 15 17 4 2 9 9 7 4 4 7 18 9 3 10 8 11 7 1 16 13 3 16 4 18 7 9 1 14 11 7 5 14 15 5 11 9 6 15 12 13 19 5 16 15 13 16 16 9 4 9 8 
14 8 11 2 12 7 7 8 10000 2 11 13 6 7 17 5 11 4 8 2 13 16 11 3 11 15 5 8 14 8 6 10 6 12 15 5 9 9 6 4 12 9 8 9 5 1 8 12 5 10 14 12 13 17 15 11 13 9 7 10 11 
13 9 10 2 11 6 6 8 2 10000 10 12 7 7 17 6 10 4 7 2 12 16 11 3 10 14 4 8 13 9 6 9 5 11 15 6 9 8 8 5 12 8 8 8 4 2 7 11 4 9 13 12 12 16 14 10 12 7 7 9 10 
7 17 3 9 5 11 5 15 11 10 10000 2 15 14 23 15 12 12 12 11 5 23 16 9 12 13 8 15 5 18 13 5 11 4 20 15 16 3 17 14 19 3 6 12 6 11 10 2 8 2 5 19 3 12 10 3 4 7 16 9 10 
8 18 3 11 6 13 6 17 13 12 2 10000 17 16 25 17 13 14 14 13 4 24 18 10 13 15 10 16 5 19 15 5 13 3 22 17 17 5 18 16 21 4 7 14 8 12 11 3 9 4 3 21 3 12 11 3 4 8 17 10 12 
16 9 16 8 15 6 12 4 6 7 15 17 10000 4 11 5 10 3 7 5 18 11 7 9 11 14 7 5 17 9 4 15 6 17 11 6 4 13 7 4 6 14 14 7 11 7 8 16 10 14 19 6 17 18 16 16 17 11 1 11 11 
13 13 16 8 12 3 12 2 7 7 14 16 4 10000 10 8 6 4 3 6 17 10 4 9 7 11 6 1 15 13 2 15 3 17 8 9 2 13 11 7 6 13 14 4 10 8 6 14 11 12 18 6 15 15 12 15 15 8 4 8 8 
21 20 25 18 20 13 21 9 17 17 23 25 11 10 10000 16 13 13 12 15 27 1 8 19 13 15 16 9 23 19 12 25 13 26 5 16 9 22 17 14 6 23 24 12 20 17 14 23 20 21 27 6 24 20 19 25 23 17 11 16 15 
18 5 15 7 16 10 11 9 5 6 15 17 5 8 16 10000 13 6 10 5 16 15 12 7 14 18 9 9 18 5 7 14 8 16 16 1 9 13 3 2 10 14 12 11 9 5 11 16 8 14 18 11 17 21 18 15 17 13 6 13 14 
8 17 14 11 8 4 11 7 11 10 12 13 10 6 13 13 10000 8 4 9 16 13 6 11 1 5 7 6 11 18 7 14 5 15 9 14 7 11 16 12 11 12 14 3 11 11 3 11 12 10 16 10 11 9 7 13 11 5 10 3 2 
13 10 14 6 12 4 9 4 4 4 12 14 3 4 13 6 8 10000 5 3 15 12 7 7 9 12 5 5 14 10 2 13 3 15 11 6 5 11 8 4 8 12 11 6 8 5 6 13 8 11 16 8 14 16 13 13 14 8 4 8 9 
11 14 14 8 10 1 10 4 8 7 12 14 7 3 12 10 4 5 10000 6 16 11 5 9 5 8 5 3 12 14 3 14 2 15 9 10 5 11 12 8 8 12 13 1 9 9 3 12 10 10 16 8 13 12 10 13 12 6 7 5 5 
13 9 12 4 12 6 8 7 2 2 11 13 5 6 15 5 9 3 6 10000 14 14 9 5 10 14 4 7 14 9 4 11 4 13 13 5 7 9 7 4 10 10 10 7 6 3 7 12 6 10 14 10 13 16 14 12 13 8 5 9 10 
11 17 2 11 10 15 6 18 13 12 5 4 18 17 27 16 16 15 16 14 10000 26 20 10 16 18 12 18 9 18 16 3 14 1 24 16 19 5 17 16 22 4 5 16 8 12 13 6 9 7 2 22 7 16 14 3 8 11 18 13 15 
20 19 25 17 20 12 21 9 16 16 23 24 11 10 1 15 13 12 11 14 26 10000 7 18 13 15 15 9 23 18 11 24 12 26 5 16 8 22 17 14 5 22 23 11 19 17 14 23 20 21 27 5 23 20 19 24 23 17 10 15 14 
14 16 18 12 14 6 15 3 11 11 16 18 7 4 8 12 6 7 5 9 20 7 10000 13 7 9 9 3 16 16 6 18 6 19 5 12 3 15 14 10 5 16 17 5 13 12 7 16 14 14 20 5 17 14 12 18 16 10 7 9 8 
13 9 9 1 10 8 4 10 3 3 9 10 9 9 19 7 11 7 9 5 10 18 13 10000 12 15 5 10 12 10 8 7 7 10 17 7 11 6 9 7 14 7 6 10 3 3 8 10 2 8 11 14 11 16 14 8 11 8 9 9 11 
8 18 14 11 8 5 12 8 11 10 12 13 11 7 13 14 1 9 5 10 16 13 7 12 10000 4 7 7 10 18 7 15 6 15 10 14 8 12 16 12 11 12 14 4 11 12 4 11 12 10 16 11 11 8 6 13 11 6 11 3 2 
8 22 16 15 9 9 15 11 15 14 13 15 14 11 15 18 5 12 8 14 18 15 9 15 4 10000 11 10 11 22 11 17 10 17 11 18 11 14 20 16 14 14 17 7 14 15 7 12 15 11 17 13 12 6 5 15 11 8 14 6 4 
10 12 10 4 8 4 6 7 5 4 8 10 7 6 16 9 7 5 5 4 12 15 9 5 7 11 10000 7 10 12 5 9 3 11 13 9 8 7 11 7 11 8 8 5 5 5 4 9 6 7 12 11 10 13 10 9 10 4 8 5 7 
13 13 16 9 13 4 12 1 8 8 15 16 5 1 9 9 6 5 3 7 18 9 3 10 7 10 7 10000 15 13 3 16 4 17 7 10 2 13 11 7 5 14 15 4 11 9 6 15 11 13 18 5 15 14 12 16 15 9 5 8 8 
4 21 7 12 3 12 9 16 14 13 5 5 17 15 23 18 11 14 12 14 9 23 16 12 10 11 10 15 10000 21 14 9 12 8 19 18 16 7 20 17 20 7 10 12 10 14 10 3 11 4 8 19 3 8 7 7 1 7 17 8 9 
22 2 18 10 20 14 13 13 8 9 18 19 9 13 19 5 18 10 14 9 18 18 16 10 18 22 12 13 21 10000 12 16 13 18 19 4 13 15 2 6 14 16 14 15 12 8 15 19 11 18 20 14 20 25 22 17 21 16 9 17 18 
13 12 14 7 11 3 10 3 6 6 13 15 4 2 12 7 7 2 3 4 16 11 6 8 7 11 5 3 14 12 10000 14 2 15 10 8 4 11 10 6 7 12 12 4 9 7 5 13 9 11 16 7 14 15 12 14 14 8 4 7 8 
12 15 3 8 9 13 4 16 10 9 5 5 15 15 25 14 14 13 14 11 3 24 18 7 15 17 9 16 9 16 14 10000 12 3 22 14 17 3 15 14 20 3 2 14 5 10 12 7 6 6 5 20 7 16 14 3 8 9 16 12 13 
11 12 13 6 10 2 9 4 6 5 11 13 6 3 13 8 5 3 2 4 14 12 6 7 6 10 3 4 12 13 2 12 10000 14 10 9 5 10 11 7 9 11 11 3 8 7 3 11 8 9 15 8 12 13 11 12 12 6 6 6 6 
11 17 2 10 9 14 6 18 12 11 4 3 17 17 26 16 15 15 15 13 1 26 19 10 15 17 11 17 8 18 15 3 14 10000 23 16 18 5 17 16 22 4 5 15 7 12 13 6 8 6 2 22 6 15 13 2 7 10 18 12 14 
17 20 22 16 17 10 19 7 15 15 20 22 11 8 5 16 9 11 9 13 24 5 5 17 10 11 13 7 19 19 10 22 10 23 10000 16 7 19 17 14 7 20 21 9 18 16 11 20 18 18 24 6 20 16 15 22 20 14 10 12 11 
18 4 15 7 16 10 11 9 5 6 15 17 6 9 16 1 14 6 10 5 16 16 12 7 14 18 9 10 18 4 8 14 9 16 16 10000 9 13 2 3 11 13 12 11 9 5 11 16 8 14 18 11 17 21 19 15 18 13 6 13 15 
15 13 17 10 14 5 13 1 9 9 16 17 4 2 9 9 7 5 5 7 19 8 3 11 8 11 8 2 16 13 4 17 5 18 7 9 10000 14 11 7 4 15 15 5 12 9 7 16 12 14 19 4 17 16 14 17 16 10 4 9 9 
9 14 4 7 7 10 2 14 9 8 3 5 13 13 22 13 11 11 11 9 5 22 15 6 12 14 7 13 7 15 11 3 10 5 19 13 14 10000 14 12 18 1 3 11 4 8 9 5 5 4 6 18 6 13 11 3 7 7 14 9 11 
20 3 16 8 18 12 12 11 6 8 17 18 7 11 17 3 16 8 12 7 17 17 14 9 16 20 11 11 20 2 10 15 11 17 17 2 11 14 10000 4 12 15 13 13 11 6 13 18 10 16 19 13 19 23 20 16 19 14 8 15 16 
17 7 15 6 15 8 11 7 4 5 14 16 4 7 14 2 12 4 8 4 16 14 10 7 12 16 7 7 17 6 6 14 7 16 14 3 7 12 4 10000 9 13 12 9 9 5 10 15 8 13 17 9 16 19 17 15 17 11 4 12 13 
18 14 21 13 17 9 17 5 12 12 19 21 6 6 6 10 11 8 8 10 22 5 5 14 11 14 11 5 20 14 7 20 9 22 7 11 4 18 12 9 10000 19 19 9 15 12 11 19 15 18 23 1 20 19 17 20 20 14 6 13 12 
9 15 3 7 7 11 3 14 9 8 3 4 14 13 23 14 12 12 12 10 4 22 16 7 12 14 8 14 7 16 12 3 11 4 20 13 15 1 15 13 19 10000 4 12 5 9 10 5 6 4 5 19 5 13 12 2 6 7 15 9 11 
12 13 4 6 10 12 3 15 8 8 6 7 14 14 24 12 14 11 13 10 5 23 17 6 14 17 8 15 10 14 12 2 11 5 21 12 15 3 13 12 19 4 10000 13 4 8 11 8 4 7 6 19 8 16 14 4 9 9 14 11 13 
10 15 14 9 9 2 11 5 9 8 12 14 7 4 12 11 3 6 1 7 16 11 5 10 4 7 5 4 12 15 4 14 3 15 9 11 5 11 13 9 9 12 13 10000 10 9 3 12 11 10 16 8 12 11 9 14 12 6 7 5 4 
11 11 6 3 9 9 2 11 5 4 6 8 11 10 20 9 11 8 9 6 8 19 13 3 11 14 5 11 10 12 9 5 8 7 18 9 12 4 11 9 15 5 4 10 10000 5 8 8 2 6 9 15 9 15 13 6 9 7 11 9 10 
14 7 11 2 12 8 7 9 1 2 11 12 7 8 17 5 11 5 9 3 12 17 12 3 12 15 5 9 14 8 7 10 7 12 16 5 9 8 6 5 12 9 8 9 5 10000 9 12 4 10 13 12 13 17 15 11 13 9 7 10 12 
8 15 12 8 7 3 9 6 8 7 10 11 8 6 14 11 3 6 3 7 13 14 7 8 4 7 4 6 10 15 5 12 3 13 11 11 7 9 13 10 11 10 11 3 8 9 10000 9 9 8 14 10 10 10 8 11 10 4 9 3 4 
6 19 5 10 4 11 7 15 12 11 2 3 16 14 23 16 11 13 12 12 6 23 16 10 11 12 9 15 3 19 13 7 11 6 20 16 16 5 18 15 19 5 8 12 8 12 9 10000 9 2 6 19 1 10 8 5 2 6 16 8 9 
12 10 7 3 10 9 3 12 5 4 8 9 10 11 20 8 12 8 10 6 9 20 14 2 12 15 6 11 11 11 9 6 8 8 18 8 12 5 10 8 15 6 4 11 2 4 9 9 10000 8 10 15 10 16 14 7 11 8 11 10 12 
6 17 5 8 4 9 5 13 10 9 2 4 14 12 21 14 10 11 10 10 7 21 14 8 10 11 7 13 4 18 11 6 9 6 18 14 14 4 16 13 18 4 7 10 6 10 8 2 8 10000 7 17 3 10 8 5 4 5 14 7 8 
11 19 3 12 9 15 7 19 14 13 5 3 19 18 27 18 16 16 16 14 2 27 20 11 16 17 12 18 8 20 16 5 15 2 24 18 19 6 19 17 23 5 6 16 9 13 14 6 10 7 10000 23 6 15 14 3 7 11 19 13 14 
18 15 21 13 17 8 17 5 12 12 19 21 6 6 6 11 10 8 8 10 22 5 5 14 11 13 11 5 19 14 7 20 8 22 6 11 4 18 13 9 1 19 19 8 15 12 10 19 15 17 23 10000 20 18 16 20 20 13 6 12 12 
6 19 5 11 4 12 7 16 13 12 3 3 17 15 24 17 11 14 13 13 7 23 17 11 11 12 10 15 3 20 14 7 12 6 20 17 17 6 19 16 20 5 8 12 9 13 10 1 10 3 6 20 10000 10 9 5 2 7 17 9 10 
5 24 14 16 7 12 15 15 17 16 12 12 18 15 20 21 9 16 12 16 16 20 14 16 8 6 13 14 8 25 15 16 13 15 16 21 16 13 23 19 19 13 16 11 15 17 10 10 16 10 15 18 10 10000 3 14 9 9 18 8 7 
4 22 13 14 5 10 12 13 15 14 10 11 16 12 19 18 7 13 10 14 14 19 12 14 6 5 10 12 7 22 12 14 11 13 15 19 14 11 20 17 17 12 14 9 13 15 8 8 14 8 14 16 9 3 10000 12 7 7 16 6 5 
10 16 1 9 7 13 5 16 11 10 3 3 16 15 25 15 13 13 13 12 3 24 18 8 13 15 9 16 7 17 14 3 12 2 22 15 17 3 16 15 20 2 4 14 6 11 11 5 7 5 3 20 5 14 12 10000 6 8 16 11 12 
4 20 7 12 3 12 8 16 13 12 4 4 17 15 23 17 11 14 12 13 8 23 16 11 11 11 10 15 1 21 14 8 12 7 20 18 16 7 19 17 20 6 9 12 9 13 10 2 11 4 7 20 2 9 7 6 10000 7 17 8 9 
6 16 9 8 4 6 7 9 9 7 7 8 11 8 17 13 5 8 6 8 11 17 10 8 6 8 4 9 7 16 8 9 6 10 14 13 10 7 14 11 14 7 9 6 7 9 4 6 8 5 11 13 7 9 7 8 7 10000 11 3 5 
16 10 17 8 15 7 12 4 7 7 16 17 1 4 11 6 10 4 7 5 18 10 7 9 11 14 8 5 17 9 4 16 6 18 10 6 4 14 8 4 6 15 14 7 11 7 9 16 11 14 19 6 17 18 16 16 17 11 10000 11 11 
6 17 11 9 5 5 9 9 10 9 9 10 11 8 16 13 3 8 5 9 13 15 9 9 3 6 5 8 8 17 7 12 6 12 12 13 9 9 15 12 13 9 11 5 9 10 3 8 10 7 13 12 9 8 6 11 8 3 11 10000 2 
6 18 13 11 7 5 11 8 11 10 10 12 11 8 15 14 2 9 5 10 15 14 8 11 2 4 7 8 9 18 8 13 6 14 11 15 9 11 16 13 12 11 13 4 10 12 4 9 12 8 14 12 10 7 5 12 9 5 11 2 10000 
