50
10
1000	500	0	1000	8000.000000	1328.000000
10	3	2	10	283.000000	8768.000000
6	3	5	5	3733.000000	7988.000000
6	4	6	6	8714.000000	674.000000
8	4	3	6	4282.000000	4828.000000
10	1	6	6	2773.000000	9322.000000
9	1	9	9	4101.000000	5492.000000
8	6	2	8	91.000000	1234.000000
8	4	6	7	4108.000000	9598.000000
7	7	7	7	7493.000000	1484.000000
7	2	3	7	9257.000000	1330.000000
6	5	6	6	4179.000000	3138.000000
6	0	6	6	3880.000000	2016.000000
9	0	0	2	6421.000000	1733.000000
7	4	0	5	5524.000000	3315.000000
7	0	0	5	6124.000000	931.000000
8	8	6	8	632.000000	2373.000000
8	3	2	5	287.000000	8211.000000
10	0	9	9	8539.000000	2007.000000
10	4	1	3	3729.000000	9114.000000
7	1	2	6	8610.000000	9363.000000
6	0	4	4	5495.000000	609.000000
7	0	0	3	9760.000000	3122.000000
6	4	2	4	40.000000	1204.000000
10	7	0	5	9529.000000	3588.000000
8	7	2	6	8956.000000	2247.000000
9	7	8	9	1954.000000	5719.000000
7	7	3	3	1081.000000	1409.000000
8	1	8	8	2881.000000	4080.000000
8	2	5	6	436.000000	3676.000000
10	3	2	6	2196.000000	1744.000000
9	4	6	7	454.000000	4645.000000
9	2	0	2	3737.000000	1042.000000
8	8	7	7	4532.000000	2946.000000
7	6	2	5	3423.000000	6881.000000
6	0	3	3	5921.000000	865.000000
6	1	2	2	5298.000000	1210.000000
8	6	8	8	6083.000000	5701.000000
8	1	0	7	3919.000000	7634.000000
9	7	3	7	2187.000000	4985.000000
7	3	0	5	1483.000000	2617.000000
9	0	5	9	983.000000	2574.000000
10	9	2	3	9831.000000	2723.000000
10	7	9	9	2264.000000	452.000000
6	4	4	4	1490.000000	6016.000000
9	1	3	7	7030.000000	4709.000000
9	4	7	9	7307.000000	4952.000000
10	4	6	8	1861.000000	4602.000000
7	6	6	6	5698.000000	5491.000000
8	5	4	4	8448.000000	407.000000
8	0	8	8	1505.000000	3556.000000
10000 22 16 2 11 20 12 16 19 2 3 9 9 4 7 4 15 21 2 18 17 6 6 16 6 3 15 14 12 16 12 17 9 8 15 5 6 10 16 14 14 15 5 12 17 8 8 14 10 3 14 
22 10000 8 24 12 6 11 16 8 21 24 14 16 19 16 20 13 2 22 7 17 20 23 16 22 22 7 15 11 11 15 9 17 15 8 20 19 14 8 9 13 13 23 18 7 16 16 9 13 24 11 
16 8 10000 18 7 4 6 16 4 16 18 10 12 14 11 15 13 7 16 3 11 16 16 16 15 16 6 15 8 11 13 10 14 11 3 15 14 7 1 7 12 13 17 16 6 10 10 8 7 18 10 
2 24 18 10000 13 21 14 18 21 3 2 11 11 6 9 6 17 23 3 20 18 7 6 18 7 4 17 16 14 18 14 19 10 10 17 6 7 12 17 16 15 16 5 13 18 9 10 16 12 1 16 
11 12 7 13 10000 10 2 12 10 10 13 4 6 8 4 9 9 11 11 9 13 9 12 12 11 11 5 10 4 9 8 8 8 4 5 9 8 5 6 5 8 8 12 10 7 6 7 5 4 13 7 
20 6 4 21 10 10000 9 18 3 19 21 13 15 17 14 19 15 6 19 2 12 19 19 18 18 19 8 17 11 13 16 11 17 14 6 19 17 10 5 9 14 14 20 18 8 13 13 10 10 22 12 
12 11 6 14 2 9 10000 12 9 11 14 5 7 9 6 10 10 10 12 8 12 11 13 12 12 12 5 11 4 9 9 8 9 6 4 10 9 4 5 4 8 9 13 11 6 7 7 5 4 14 7 
16 16 16 18 12 18 12 10000 19 15 19 10 8 13 12 13 3 14 17 18 24 11 20 1 20 18 10 3 8 5 5 7 8 10 14 12 11 15 15 9 4 4 20 5 10 16 17 8 15 17 6 
19 8 4 21 10 3 9 19 10000 18 20 13 16 17 13 18 17 9 18 2 10 19 18 19 17 18 9 18 12 14 17 13 18 14 6 18 17 9 4 10 15 16 18 19 9 12 12 11 9 21 14 
2 21 16 3 10 19 11 15 18 10000 4 8 8 3 6 3 14 20 3 18 16 5 6 15 6 4 14 13 11 15 11 16 8 7 14 4 5 9 15 13 13 14 6 11 16 7 7 13 9 3 13 
3 24 18 2 13 21 14 19 20 4 10000 11 11 6 9 7 18 23 2 20 17 8 4 19 5 2 18 17 14 19 15 19 12 10 17 7 8 11 17 16 16 17 4 15 19 9 9 17 11 3 17 
9 14 10 11 4 13 5 10 13 8 11 10000 3 6 3 6 8 13 10 12 16 6 12 10 11 10 7 8 4 8 5 9 5 1 8 6 5 7 10 6 6 7 12 7 8 7 8 6 6 11 6 
9 16 12 11 6 15 7 8 16 8 11 3 10000 6 5 5 7 15 10 15 18 5 12 8 12 11 9 6 5 8 4 9 2 3 10 5 4 9 12 7 5 6 12 5 10 9 10 7 8 10 6 
4 19 14 6 8 17 9 13 17 3 6 6 6 10000 4 2 12 18 5 16 16 3 8 13 8 6 12 11 9 13 9 14 6 5 12 3 3 8 13 11 11 12 8 9 14 7 7 11 8 5 11 
7 16 11 9 4 14 6 12 13 6 9 3 5 4 10000 5 10 15 7 13 14 6 9 12 9 8 9 10 6 11 8 11 6 3 9 5 5 5 10 8 9 10 9 9 10 5 5 8 5 9 9 
4 20 15 6 9 19 10 13 18 3 7 6 5 2 5 10000 12 19 6 18 18 2 9 13 9 7 13 11 10 13 9 14 5 6 14 1 2 10 15 12 10 11 9 8 14 8 9 12 10 5 11 
15 13 13 17 9 15 10 3 17 14 18 8 7 12 10 12 10000 12 16 15 22 11 19 3 18 17 8 3 6 3 4 5 7 8 11 11 10 13 13 7 2 1 19 6 8 14 15 6 12 17 3 
21 2 7 23 11 6 10 14 9 20 23 13 15 18 15 19 12 10000 21 8 17 19 22 15 21 22 6 14 10 10 14 8 16 14 7 19 18 13 8 8 12 12 23 17 6 16 16 8 13 23 10 
2 22 16 3 11 19 12 17 18 3 2 10 10 5 7 6 16 21 10000 18 15 7 4 18 4 1 16 15 13 17 13 18 10 9 15 6 7 9 15 15 15 16 3 13 17 7 7 15 9 4 15 
18 7 3 20 9 2 8 18 2 18 20 12 15 16 13 18 15 8 18 10000 10 18 18 18 17 18 8 17 11 13 16 12 17 13 5 18 17 9 3 9 14 15 18 18 8 12 11 10 9 20 12 
17 17 11 18 13 12 12 24 10 16 17 16 18 16 14 18 22 17 15 10 10000 19 13 24 12 15 16 22 16 20 20 19 20 16 12 18 18 9 10 16 20 21 14 22 16 10 10 17 10 18 19 
6 20 16 7 9 19 11 11 19 5 8 6 5 3 6 2 11 19 7 18 19 10000 10 11 11 8 13 9 9 12 7 13 4 6 14 1 2 11 15 11 9 10 10 7 14 9 10 11 10 6 10 
6 23 16 6 12 19 13 20 18 6 4 12 12 8 9 9 19 22 4 18 13 10 10000 20 2 3 17 18 14 19 16 19 13 11 15 9 10 9 15 16 17 18 1 16 18 7 7 17 10 7 17 
16 16 16 18 12 18 12 1 19 15 19 10 8 13 12 13 3 15 18 18 24 11 20 10000 20 18 10 3 9 6 5 7 8 10 14 12 11 16 16 9 5 4 20 5 11 16 17 8 15 17 6 
6 22 15 7 11 18 12 20 17 6 5 11 12 8 9 9 18 21 4 17 12 11 2 20 10000 3 16 18 14 19 16 19 13 11 14 10 10 9 14 15 17 18 2 16 17 6 6 16 9 7 17 
3 22 16 4 11 19 12 18 18 4 2 10 11 6 8 7 17 22 1 18 15 8 3 18 3 10000 16 16 13 18 14 18 11 9 15 7 8 9 15 15 15 16 2 14 17 7 7 15 10 4 16 
15 7 6 17 5 8 5 10 9 14 18 7 9 12 9 13 8 6 16 8 16 13 17 10 16 16 10000 9 4 6 8 4 11 8 4 13 12 9 6 2 7 7 17 11 2 11 11 3 8 17 5 
14 15 15 16 10 17 11 3 18 13 17 8 6 11 10 11 3 14 15 17 22 9 18 3 18 16 9 10000 7 5 3 7 6 8 12 10 9 14 14 8 3 3 18 4 10 14 15 7 13 15 5 
12 11 8 14 4 11 4 8 12 11 14 4 5 9 6 10 6 10 13 11 16 9 14 9 14 13 4 7 10000 5 5 5 7 5 6 9 8 8 8 3 5 5 15 8 5 9 10 3 7 14 3 
16 11 11 18 9 13 9 5 14 15 19 8 8 13 11 13 3 10 17 13 20 12 19 6 19 18 6 5 5 10000 6 2 9 9 9 13 11 12 11 5 3 3 19 8 6 14 14 4 12 18 3 
12 15 13 14 8 16 9 5 17 11 15 5 4 9 8 9 4 14 13 16 20 7 16 5 16 14 8 3 5 6 10000 7 4 6 11 8 7 12 13 7 3 3 16 3 9 12 13 6 11 13 4 
17 9 10 19 8 11 8 7 13 16 19 9 9 14 11 14 5 8 18 12 19 13 19 7 19 18 4 7 5 2 7 10000 10 9 8 14 12 12 10 4 5 5 20 10 4 14 14 3 11 19 4 
9 17 14 10 8 17 9 8 18 8 12 5 2 6 6 5 7 16 10 17 20 4 13 8 13 11 11 6 7 9 4 10 10000 5 12 5 4 11 14 9 6 7 13 4 11 10 11 9 10 10 7 
8 15 11 10 4 14 6 10 14 7 10 1 3 5 3 6 8 14 9 13 16 6 11 10 11 9 8 8 5 9 6 9 5 10000 9 6 4 7 10 7 7 8 11 7 9 7 7 7 6 10 7 
15 8 3 17 5 6 4 14 6 14 17 8 10 12 9 14 11 7 15 5 12 14 15 14 14 15 4 12 6 9 11 8 12 9 10000 14 12 6 2 5 10 10 16 14 5 9 9 6 6 17 8 
5 20 15 6 9 19 10 12 18 4 7 6 5 3 5 1 11 19 6 18 18 1 9 12 10 7 13 10 9 13 8 14 5 6 14 10000 2 10 15 12 10 11 9 8 14 9 9 12 10 6 11 
6 19 14 7 8 17 9 11 17 5 8 5 4 3 5 2 10 18 7 17 18 2 10 11 10 8 12 9 8 11 7 12 4 4 12 2 10000 10 14 10 9 10 10 7 13 8 9 10 9 7 9 
10 14 7 12 5 10 4 15 9 9 11 7 9 8 5 10 13 13 9 9 9 11 9 16 9 9 9 14 8 12 12 12 11 7 6 10 10 10000 6 8 12 12 10 13 10 3 3 9 1 12 11 
16 8 1 17 6 5 5 15 4 15 17 10 12 13 10 15 13 8 15 3 10 15 15 16 14 15 6 14 8 11 13 10 14 10 2 15 14 6 10000 7 12 12 16 15 6 9 9 8 6 18 10 
14 9 7 16 5 9 4 9 10 13 16 6 7 11 8 12 7 8 15 9 16 11 16 9 15 15 2 8 3 5 7 4 9 7 5 12 10 8 7 10000 5 6 16 10 3 10 11 2 8 16 4 
14 13 12 15 8 14 8 4 15 13 16 6 5 11 9 10 2 12 15 14 20 9 17 5 17 15 7 3 5 3 3 5 6 7 10 10 9 12 12 5 10000 2 17 5 7 12 13 5 11 15 2 
15 13 13 16 8 14 9 4 16 14 17 7 6 12 10 11 1 12 16 15 21 10 18 4 18 16 7 3 5 3 3 5 7 8 10 11 10 12 12 6 2 10000 18 5 7 13 14 5 12 16 3 
5 23 17 5 12 20 13 20 18 6 4 12 12 8 9 9 19 23 3 18 14 10 1 20 2 2 17 18 15 19 16 20 13 11 16 9 10 10 16 16 17 18 10000 16 18 7 7 17 10 6 17 
12 18 16 13 10 18 11 5 19 11 15 7 5 9 9 8 6 17 13 18 22 7 16 5 16 14 11 4 8 8 3 10 4 7 14 8 7 13 15 10 5 5 16 10000 12 13 14 9 13 13 7 
17 7 6 18 7 8 6 10 9 16 19 8 10 14 10 14 8 6 17 8 16 14 18 11 17 17 2 10 5 6 9 4 11 9 5 14 13 10 6 3 7 7 18 12 10000 12 12 3 9 18 5 
8 16 10 9 6 13 7 16 12 7 9 7 9 7 5 8 14 16 7 12 10 9 7 16 6 7 11 14 9 14 12 14 10 7 9 9 8 3 9 10 12 13 7 13 12 10000 1 11 4 10 12 
8 16 10 10 7 13 7 17 12 7 9 8 10 7 5 9 15 16 7 11 10 10 7 17 6 7 11 15 10 14 13 14 11 7 9 9 9 3 9 11 13 14 7 14 12 1 10000 11 4 10 12 
14 9 8 16 5 10 5 8 11 13 17 6 7 11 8 12 6 8 15 10 17 11 17 8 16 15 3 7 3 4 6 3 9 7 6 12 10 9 8 2 5 5 17 9 3 11 11 10000 8 16 3 
10 13 7 12 4 10 4 15 9 9 11 6 8 8 5 10 12 13 9 9 10 10 10 15 9 10 8 13 7 12 11 11 10 6 6 10 9 1 6 8 11 12 10 13 9 4 4 8 10000 12 10 
3 24 18 1 13 22 14 17 21 3 3 11 10 5 9 5 17 23 4 20 18 6 7 17 7 4 17 15 14 18 13 19 10 10 17 6 7 12 18 16 15 16 6 13 18 10 10 16 12 10000 16 
14 11 10 16 7 12 7 6 14 13 17 6 6 11 9 11 3 10 15 12 19 10 17 6 17 16 5 5 3 3 4 4 7 7 8 11 9 11 10 4 2 3 17 7 5 12 12 3 10 16 10000 
