40
10
1000	500	0	1000	3667.000000	8090.000000
8	6	5	7	6737.000000	10.000000
8	1	4	6	8522.000000	6026.000000
8	7	1	4	2847.000000	9900.000000
8	7	7	7	7309.000000	6247.000000
7	5	0	3	5561.000000	8867.000000
10	7	5	5	1625.000000	2433.000000
8	7	1	6	9256.000000	6883.000000
6	1	1	6	8208.000000	10.000000
10	1	0	7	3990.000000	6284.000000
8	1	6	8	5478.000000	7370.000000
6	4	0	1	3564.000000	5302.000000
9	4	4	9	1771.000000	9158.000000
7	2	0	6	4052.000000	4639.000000
6	1	5	5	3520.000000	3023.000000
7	6	5	7	8889.000000	4404.000000
9	5	5	5	6192.000000	1974.000000
8	6	7	8	2311.000000	1906.000000
8	7	6	8	762.000000	9272.000000
8	4	4	8	7470.000000	155.000000
10	3	6	7	2740.000000	7775.000000
10	1	2	3	6553.000000	2435.000000
8	7	7	8	8041.000000	5375.000000
10	8	8	8	7285.000000	7111.000000
8	0	2	6	3988.000000	1600.000000
9	7	8	9	2326.000000	967.000000
6	6	3	6	9310.000000	446.000000
8	7	0	6	2111.000000	1410.000000
9	1	7	8	3353.000000	1105.000000
9	0	3	4	7819.000000	2255.000000
6	0	2	5	3447.000000	7815.000000
10	7	5	7	4208.000000	9129.000000
9	0	2	4	452.000000	2217.000000
9	5	4	6	7937.000000	2211.000000
7	2	7	7	2500.000000	9859.000000
10	4	0	2	8102.000000	1286.000000
10	7	7	8	5010.000000	3151.000000
9	8	0	4	5262.000000	5067.000000
7	3	1	3	6801.000000	2676.000000
10	7	2	9	8050.000000	6573.000000
10	7	2	4	818.000000	2083.000000
10000 18 11 4 9 5 13 12 19 4 4 6 5 7 11 13 14 13 7 18 2 13 11 8 13 15 20 14 14 15 1 3 14 15 5 17 11 7 13 10 14 
18 10000 13 22 13 18 12 15 3 14 15 13 21 11 9 10 5 10 23 2 18 5 12 15 7 10 6 10 8 5 17 19 14 6 22 4 8 11 6 14 13 
11 13 10000 14 3 9 16 3 13 10 7 11 15 10 12 4 10 15 17 12 13 9 2 4 13 16 12 16 15 8 11 11 18 8 15 10 10 7 8 2 18 
4 22 14 10000 12 6 16 15 23 8 8 10 3 11 14 17 18 17 5 22 5 17 14 11 17 18 23 18 18 19 5 4 17 19 1 21 15 11 17 13 17 
9 13 3 12 10000 7 14 5 13 7 5 8 13 8 10 5 9 14 15 13 10 8 3 2 12 15 13 15 13 9 9 9 16 9 13 11 8 5 8 2 16 
5 18 9 6 7 10000 16 9 19 7 3 9 8 9 13 12 14 16 10 18 7 14 9 5 15 18 19 17 17 14 5 3 17 15 7 16 12 8 13 7 17 
13 12 16 16 14 16 10000 18 15 10 13 7 14 7 4 16 10 2 14 13 11 10 15 15 6 4 16 3 5 13 12 15 3 13 15 14 7 9 11 16 2 
12 15 3 15 5 9 18 10000 14 11 8 12 16 12 14 6 12 18 18 14 14 11 4 4 15 19 13 19 17 10 12 12 20 10 15 12 12 9 10 3 20 
19 3 13 23 13 19 15 14 10000 16 16 15 23 13 12 9 6 13 24 2 19 6 11 15 10 12 3 13 10 5 19 20 17 5 23 3 9 12 7 14 16 
4 14 10 8 7 7 10 11 16 10000 4 3 8 4 7 11 10 10 9 15 4 10 9 7 10 12 16 11 11 12 4 6 11 12 8 13 7 4 10 9 11 
4 15 7 8 5 3 13 8 16 4 10000 6 9 7 10 10 11 13 11 15 6 11 7 4 12 15 16 14 14 12 5 5 15 12 8 14 9 5 10 6 15 
6 13 11 10 8 9 7 12 15 3 6 10000 9 2 5 11 9 8 10 13 6 9 9 9 8 10 16 9 9 11 6 8 9 11 10 13 6 4 9 10 9 
5 21 15 3 13 8 14 16 23 8 9 9 10000 11 13 18 17 15 3 22 4 17 15 12 16 17 24 16 17 19 5 5 15 19 3 21 14 11 17 14 15 
7 11 10 11 8 9 7 12 13 4 7 2 11 10000 4 10 7 7 12 12 7 7 9 9 7 9 14 8 8 9 7 9 9 10 11 11 4 3 7 9 9 
11 9 12 14 10 13 4 14 12 7 10 5 13 4 10000 12 6 4 14 10 10 7 11 12 3 5 13 5 4 9 10 13 7 9 14 10 3 6 7 12 6 
13 10 4 17 5 12 16 6 9 11 10 11 18 10 12 10000 8 15 19 9 15 7 3 7 12 15 8 15 13 5 13 14 18 5 17 7 9 8 6 5 17 
14 5 10 18 9 14 10 12 6 10 11 9 17 7 6 8 10000 8 19 5 14 2 8 11 5 8 7 9 6 4 13 15 12 4 18 5 4 7 2 10 11 
13 10 15 17 14 16 2 18 13 10 13 8 15 7 4 15 8 10000 16 11 12 9 14 15 4 2 15 2 3 12 13 15 4 12 16 12 6 9 10 15 4 
7 23 17 5 15 10 14 18 24 9 11 10 3 12 14 19 19 16 10000 23 5 18 17 14 17 17 25 16 18 20 7 7 15 21 4 22 15 13 18 16 15 
18 2 12 22 13 18 13 14 2 15 15 13 22 12 10 9 5 11 23 10000 18 5 11 14 8 11 4 12 9 5 18 20 15 5 22 3 8 11 6 13 14 
2 18 13 5 10 7 11 14 19 4 6 6 4 7 10 15 14 12 5 18 10000 14 12 10 13 14 20 13 14 16 2 4 13 16 5 17 11 8 14 11 13 
13 5 9 17 8 14 10 11 6 10 11 9 17 7 7 7 2 9 18 5 14 10000 7 10 6 9 7 10 7 3 13 15 13 3 17 4 4 6 1 9 12 
11 12 2 14 3 9 15 4 11 9 7 9 15 9 11 3 8 14 17 11 12 7 10000 4 12 15 11 15 13 7 11 11 17 7 15 9 8 6 6 3 16 
8 15 4 11 2 5 15 4 15 7 4 9 12 9 12 7 11 15 14 14 10 10 4 10000 13 16 14 16 15 10 8 8 17 10 12 12 10 6 9 2 17 
13 7 13 17 12 15 6 15 10 10 12 8 16 7 3 12 5 4 17 8 13 6 12 13 10000 4 11 4 2 8 13 16 8 8 17 9 4 8 7 13 7 
15 10 16 18 15 18 4 19 12 12 15 10 17 9 5 15 8 2 17 11 14 9 15 16 4 10000 15 1 3 12 14 17 5 12 18 12 7 11 10 17 4 
20 6 12 23 13 19 16 13 3 16 16 16 24 14 13 8 7 15 25 4 20 7 11 14 11 15 10000 15 12 5 19 21 19 5 24 3 11 13 7 13 18 
14 10 16 18 15 17 3 19 13 11 14 9 16 8 5 15 9 2 16 12 13 10 15 16 4 1 15 10000 3 12 14 16 4 12 17 12 7 10 10 16 3 
14 8 15 18 13 17 5 17 10 11 14 9 17 8 4 13 6 3 18 9 14 7 13 15 2 3 12 3 10000 10 14 17 7 10 18 10 6 9 8 15 6 
15 5 8 19 9 14 13 10 5 12 12 11 19 9 9 5 4 12 20 5 16 3 7 10 8 12 5 12 10 10000 15 16 15 1 19 3 6 8 3 9 15 
1 17 11 5 9 5 12 12 19 4 5 6 5 7 10 13 13 13 7 18 2 13 11 8 13 14 19 14 14 15 10000 4 13 15 5 17 10 7 13 10 13 
3 19 11 4 9 3 15 12 20 6 5 8 5 9 13 14 15 15 7 20 4 15 11 8 16 17 21 16 17 16 4 10000 16 16 4 18 13 9 14 10 16 
14 14 18 17 16 17 3 20 17 11 15 9 15 9 7 18 12 4 15 15 13 13 17 17 8 5 19 4 7 15 13 16 10000 15 16 16 10 12 13 18 1 
15 6 8 19 9 15 13 10 5 12 12 11 19 10 9 5 4 12 21 5 16 3 7 10 8 12 5 12 10 1 15 16 15 10000 19 2 7 8 3 9 15 
5 22 15 1 13 7 15 15 23 8 8 10 3 11 14 17 18 16 4 22 5 17 15 12 17 18 24 17 18 19 5 4 16 19 10000 21 15 12 17 13 16 
17 4 10 21 11 16 14 12 3 13 14 13 21 11 10 7 5 12 22 3 17 4 9 12 9 12 3 12 10 3 17 18 16 2 21 10000 8 10 4 11 15 
11 8 10 15 8 12 7 12 9 7 9 6 14 4 3 9 4 6 15 8 11 4 8 10 4 7 11 7 6 6 10 13 10 7 15 8 10000 4 4 10 9 
7 11 7 11 5 8 9 9 12 4 5 4 11 3 6 8 7 9 13 11 8 6 6 6 8 11 13 10 9 8 7 9 12 8 12 10 4 10000 6 7 11 
13 6 8 17 8 13 11 10 7 10 10 9 17 7 7 6 2 10 18 6 14 1 6 9 7 10 7 10 8 3 13 14 13 3 17 4 4 6 10000 9 13 
10 14 2 13 2 7 16 3 14 9 6 10 14 9 12 5 10 15 16 13 11 9 3 2 13 17 13 16 15 9 10 10 18 9 13 11 10 7 9 10000 18 
14 13 18 17 16 17 2 20 16 11 15 9 15 9 6 17 11 4 15 14 13 12 16 17 7 4 18 3 6 15 13 16 1 15 16 15 9 11 13 18 10000 
