12
10
1000	500	0	1000	1192.000000	2685.000000
26	22	18	21	1914.000000	7903.000000
28	21	6	28	4063.000000	8597.000000
7	1	2	3	3399.000000	1229.000000
19	18	15	16	1656.000000	2052.000000
29	16	9	17	2989.000000	656.000000
20	15	17	18	5877.000000	5477.000000
22	19	20	20	3019.000000	960.000000
9	2	7	9	6848.000000	6007.000000
6	5	4	5	8299.000000	4636.000000
16	9	6	10	6123.000000	5482.000000
16	11	5	10	2948.000000	4817.000000
23	0	13	15	8407.000000	438.000000
10000 11 14 6 2 6 11 6 14 15 12 6 16 
11 10000 5 14 12 15 10 15 11 15 10 7 20 
14 5 10000 15 14 17 8 16 8 12 8 8 19 
6 14 15 10000 4 2 10 1 12 12 11 8 11 
2 12 14 4 10000 4 11 4 14 15 12 7 14 
6 15 17 2 4 10000 12 1 14 14 12 9 11 
11 10 8 10 11 12 10000 11 3 6 1 7 12 
6 15 16 1 4 1 11 10000 13 13 11 8 11 
14 11 8 12 14 14 3 13 10000 4 2 9 12 
15 15 12 12 15 14 6 13 4 10000 5 11 9 
12 10 8 11 12 12 1 11 2 5 10000 7 12 
6 7 8 8 7 9 7 8 9 11 7 10000 14 
16 20 19 11 14 11 12 11 12 9 12 14 10000 
