16
10
1000	500	0	1000	790.000000	1393.000000
8	3	4	8	3236.000000	889.000000
10	2	1	7	9343.000000	2189.000000
6	1	5	5	7680.000000	2967.000000
7	5	1	5	8779.000000	9496.000000
6	3	4	5	1861.000000	5152.000000
8	4	8	8	1696.000000	8811.000000
6	0	0	1	6692.000000	6769.000000
10	6	2	4	6286.000000	4904.000000
8	0	3	8	3610.000000	3685.000000
10	1	8	10	6526.000000	7087.000000
8	7	7	7	6937.000000	4926.000000
7	3	2	4	9595.000000	5075.000000
10	9	10	10	3547.000000	8588.000000
9	8	2	5	8004.000000	4148.000000
7	0	7	7	6610.000000	7935.000000
6	3	3	4	6868.000000	4454.000000
10000 5 18 15 23 8 15 16 14 8 17 15 20 16 16 18 14 
5 10000 13 10 21 9 17 14 11 6 15 11 16 16 12 16 11 
18 13 10000 4 15 17 21 11 9 12 12 8 6 18 5 13 7 
15 10 4 10000 14 13 17 8 5 9 9 5 6 14 3 11 4 
23 21 15 14 10000 17 15 7 11 16 7 10 9 11 11 6 11 
8 9 17 13 17 10000 8 11 9 5 11 11 16 8 13 12 11 
15 17 21 17 15 8 10000 11 13 11 11 14 18 4 16 10 14 
16 14 11 8 7 11 11 10000 4 9 1 4 7 8 6 3 5 
14 11 9 5 11 9 13 4 10000 6 5 2 7 10 4 7 2 
8 6 12 9 16 5 11 9 6 10000 9 8 13 10 9 11 7 
17 15 12 9 7 11 11 1 5 9 10000 5 8 7 7 2 6 
15 11 8 5 10 11 14 4 2 8 5 10000 6 10 3 7 1 
20 16 6 6 9 16 18 7 7 13 8 6 10000 14 4 9 6 
16 16 18 14 11 8 4 8 10 10 7 10 14 10000 13 7 11 
16 12 5 3 11 13 16 6 4 9 7 3 4 13 10000 9 3 
18 16 13 11 6 12 10 3 7 11 2 7 9 7 9 10000 7 
14 11 7 4 11 11 14 5 2 7 6 1 6 11 3 7 10000 
