20
10
1000	500	0	1000	5571.000000	1253.000000
9	8	3	4	5575.000000	2393.000000
10	10	1	4	6247.000000	7808.000000
8	0	8	8	709.000000	8204.000000
7	1	5	5	6225.000000	5244.000000
7	6	4	6	4711.000000	9632.000000
6	0	6	6	4303.000000	9123.000000
8	0	1	1	7603.000000	4180.000000
7	4	2	3	9512.000000	8590.000000
9	5	1	5	672.000000	1999.000000
8	6	7	8	5103.000000	4680.000000
8	3	5	8	1004.000000	4257.000000
6	4	6	6	4575.000000	6756.000000
10	2	0	2	4973.000000	581.000000
7	6	0	7	6402.000000	2641.000000
6	4	4	4	8097.000000	1891.000000
7	0	6	6	7729.000000	5875.000000
6	3	0	5	7394.000000	8719.000000
9	5	1	2	4351.000000	1571.000000
7	1	5	5	645.000000	7274.000000
8	0	0	0	232.000000	6017.000000
10000 3 14 17 9 17 16 8 17 10 7 11 12 2 4 6 11 16 3 16 15 
3 10000 11 16 6 15 14 6 15 10 5 10 9 4 2 6 9 14 3 14 13 
14 11 10000 12 6 5 5 8 7 17 7 13 4 15 11 13 5 3 14 12 13 
17 16 12 10000 13 9 8 16 18 13 12 8 9 18 16 20 15 14 16 2 5 
9 6 6 13 10000 10 9 4 10 13 3 11 5 10 6 8 4 8 9 12 13 
17 15 5 9 10 10000 2 13 10 18 10 14 6 19 15 17 10 6 17 10 12 
16 14 5 8 9 2 10000 12 11 16 10 12 5 18 14 17 10 7 16 9 11 
8 6 8 16 4 13 12 10000 10 15 6 14 8 9 4 5 4 10 9 16 16 
17 15 7 18 10 10 11 10 10000 23 12 20 11 19 14 14 7 5 18 18 20 
10 10 17 13 13 18 16 15 23 10000 11 5 13 10 12 15 17 20 8 11 9 
7 5 7 12 3 10 10 6 12 11 10000 9 5 9 5 9 6 10 7 11 11 
11 10 13 8 11 14 12 14 20 5 9 10000 9 11 12 15 14 16 9 7 4 
12 9 4 9 5 6 5 8 11 13 5 9 10000 13 10 13 7 7 11 8 9 
2 4 15 18 10 19 18 9 19 10 9 11 13 10000 6 7 12 17 3 16 15 
4 2 11 16 6 15 14 4 14 12 5 12 10 6 10000 4 7 13 5 15 15 
6 6 13 20 8 17 17 5 14 15 9 15 13 7 4 10000 9 14 8 19 18 
11 9 5 15 4 10 10 4 7 17 6 14 7 12 7 9 10000 6 11 15 15 
16 14 3 14 8 6 7 10 5 20 10 16 7 17 13 14 6 10000 16 14 16 
3 3 14 16 9 17 16 9 18 8 7 9 11 3 5 8 11 16 10000 14 13 
16 14 12 2 12 10 9 16 18 11 11 7 8 16 15 19 15 14 14 10000 3 
15 13 13 5 13 12 11 16 20 9 11 4 9 15 15 18 15 16 13 3 10000 
