12
10
1000	500	0	1000	3529.000000	9889.000000
10	5	0	6	8335.000000	1458.000000
12	7	6	12	5262.000000	2680.000000
19	3	6	7	9980.000000	6859.000000
13	13	4	7	7780.000000	7919.000000
12	6	9	11	2433.000000	1278.000000
23	7	1	1	713.000000	9128.000000
12	11	11	11	1507.000000	2417.000000
12	10	3	3	9815.000000	1444.000000
29	8	19	26	7805.000000	209.000000
22	0	2	8	3686.000000	7655.000000
22	11	1	6	815.000000	2442.000000
26	24	4	23	3387.000000	3461.000000
10000 20 15 15 10 18 6 16 22 22 5 16 13 
20 10000 7 12 13 12 22 14 3 3 16 16 11 
15 7 10000 13 12 7 16 8 10 8 11 9 5 
15 12 13 10000 5 19 20 20 11 14 13 21 15 
10 13 12 5 10000 18 15 17 14 16 9 18 13 
18 12 7 19 18 10000 17 3 15 11 13 4 5 
6 22 16 20 15 17 10000 14 24 23 7 14 13 
16 14 8 20 17 3 14 10000 17 14 12 2 5 
22 3 10 11 14 15 24 17 10000 5 18 19 14 
22 3 8 14 16 11 23 14 5 10000 18 15 11 
5 16 11 13 9 13 7 12 18 18 10000 12 9 
16 16 9 21 18 4 14 2 19 15 12 10000 6 
13 11 5 15 13 5 13 5 14 11 9 6 10000 
