16
10
1000	500	0	1000	5174.000000	7739.000000
6	3	1	1	4382.000000	1931.000000
10	5	2	5	1335.000000	310.000000
9	0	7	7	9896.000000	7410.000000
10	4	3	6	1620.000000	7785.000000
8	4	7	8	5942.000000	4709.000000
8	0	8	8	3788.000000	6616.000000
8	1	6	7	6770.000000	3062.000000
7	1	1	3	2960.000000	3438.000000
6	1	3	3	3912.000000	5865.000000
9	3	3	3	9623.000000	485.000000
7	2	7	7	2574.000000	6473.000000
10	6	8	10	1478.000000	5618.000000
9	2	2	7	5630.000000	99.000000
9	7	9	9	5645.000000	8757.000000
8	4	5	7	3306.000000	116.000000
7	7	1	2	1754.000000	7334.000000
10000 12 17 10 8 7 4 10 10 5 18 6 9 16 3 16 7 
12 10000 7 16 13 7 10 6 5 8 11 10 10 5 14 5 13 
17 7 10000 23 15 13 14 13 8 13 17 13 11 9 19 4 15 
10 16 23 10000 17 10 13 11 16 13 14 15 18 17 9 20 17 
8 13 15 17 10000 11 5 14 10 6 22 4 5 18 9 16 1 
7 7 13 10 11 10000 6 4 7 5 12 8 10 10 9 11 10 
4 10 14 13 5 6 10000 10 7 2 17 3 6 14 6 14 5 
10 6 13 11 14 4 10 10000 8 9 8 11 12 7 12 10 14 
10 5 8 16 10 7 7 8 10000 6 15 7 6 9 12 7 9 
5 8 13 13 6 5 2 9 6 10000 16 3 5 13 7 12 6 
18 11 17 14 22 12 17 8 15 16 10000 19 20 9 19 13 21 
6 10 13 15 4 8 3 11 7 3 19 10000 3 15 8 13 3 
9 10 11 18 5 10 6 12 6 5 20 3 10000 14 11 12 4 
16 5 9 17 18 10 14 7 9 13 9 15 14 10000 18 5 17 
3 14 19 9 9 9 6 12 12 7 19 8 11 18 10000 18 9 
16 5 4 20 16 11 14 10 7 12 13 13 12 5 18 10000 15 
7 13 15 17 1 10 5 14 9 6 21 3 4 17 9 15 10000 
