16
10
1000	500	0	1000	176.000000	2622.000000
9	4	3	3	8095.000000	5665.000000
8	3	6	7	4359.000000	9693.000000
8	3	0	3	5107.000000	2540.000000
6	5	4	6	9693.000000	7580.000000
9	7	5	5	1707.000000	4654.000000
8	1	6	6	9712.000000	3628.000000
10	10	5	9	4166.000000	1055.000000
7	4	0	5	4099.000000	1905.000000
8	5	3	8	6665.000000	7913.000000
10	10	2	10	8028.000000	8425.000000
7	0	0	0	4421.000000	8528.000000
9	9	1	9	1085.000000	9555.000000
10	10	1	6	5736.000000	4290.000000
7	0	1	2	6400.000000	6997.000000
6	3	0	5	93.000000	5536.000000
8	3	3	6	2151.000000	8440.000000
10000 17 17 10 22 6 20 9 8 17 20 15 14 12 16 6 13 
17 10000 11 9 5 13 6 13 11 6 6 10 17 6 5 17 14 
17 11 10000 15 12 12 17 18 16 6 8 3 7 12 7 12 6 
10 9 15 10000 14 9 10 4 3 12 14 13 17 4 10 12 14 
22 5 12 14 10000 18 8 18 16 7 4 11 18 11 7 20 16 
6 13 12 9 18 10000 17 9 8 12 15 10 10 9 11 4 8 
20 6 17 10 8 17 10000 13 12 11 11 15 21 9 10 20 18 
9 13 18 4 18 9 13 10000 2 15 17 15 19 8 13 13 16 
8 11 16 3 16 8 12 2 10000 14 16 14 17 6 12 11 14 
17 6 6 12 7 12 11 15 14 10000 3 5 12 8 2 14 10 
20 6 8 14 4 15 11 17 16 3 10000 8 15 10 5 17 12 
15 10 3 13 11 10 15 15 14 5 8 10000 7 9 6 11 5 
14 17 7 17 18 10 21 19 17 12 15 7 10000 15 12 9 4 
12 6 12 4 11 9 9 8 6 8 10 9 15 10000 6 12 11 
16 5 7 10 7 11 10 13 12 2 5 6 12 6 10000 13 9 
6 17 12 12 20 4 20 13 11 14 17 11 9 12 13 10000 8 
13 14 6 14 16 8 18 16 14 10 12 5 4 11 9 8 10000 
