16
10
1000	500	0	1000	5043.000000	2782.000000
10	4	1	5	1597.000000	4760.000000
6	5	6	6	609.000000	2654.000000
9	3	3	6	6246.000000	2694.000000
6	1	2	6	4626.000000	2533.000000
6	0	4	5	184.000000	9290.000000
8	2	8	8	8115.000000	8183.000000
6	6	4	4	4325.000000	3191.000000
6	3	5	5	3154.000000	7395.000000
7	4	4	4	2342.000000	5822.000000
7	2	4	5	6213.000000	479.000000
10	8	3	4	553.000000	5002.000000
9	7	0	1	3077.000000	8712.000000
7	4	0	1	8364.000000	6437.000000
10	8	2	9	2314.000000	4436.000000
9	6	4	8	2055.000000	5592.000000
6	0	2	6	6741.000000	3949.000000
10000 8 9 3 1 17 13 2 10 9 6 11 13 10 7 9 5 
8 10000 5 11 8 10 15 7 7 3 13 3 9 14 2 2 11 
9 5 10000 12 9 14 19 8 11 8 13 5 14 18 5 7 13 
3 11 12 10000 4 18 12 4 12 11 5 13 14 9 9 11 3 
1 8 9 4 10000 17 14 2 11 9 6 10 13 11 6 8 6 
17 10 14 18 17 10000 17 15 8 9 22 9 6 18 11 9 17 
13 15 19 12 14 17 10000 13 11 13 16 17 11 4 14 14 9 
2 7 8 4 2 15 13 10000 9 7 7 9 12 11 5 7 6 
10 7 11 12 11 8 11 9 10000 4 16 8 3 11 7 5 10 
9 3 8 11 9 9 13 7 4 10000 14 4 6 13 3 1 10 
6 13 13 5 6 22 16 7 16 14 10000 15 18 13 12 14 8 
11 3 5 13 10 9 17 9 8 4 15 10000 9 16 4 4 13 
13 9 14 14 13 6 11 12 3 6 18 9 10000 12 9 7 13 
10 14 18 9 11 18 4 11 11 13 13 16 12 10000 13 13 6 
7 2 5 9 6 11 14 5 7 3 12 4 9 13 10000 3 9 
9 2 7 11 8 9 14 7 5 1 14 4 7 13 3 10000 10 
5 11 13 3 6 17 9 6 10 10 8 13 13 6 9 10 10000 
