16
10
1000	500	0	1000	9979.000000	2403.000000
8	0	5	5	2196.000000	409.000000
8	0	1	4	1514.000000	7966.000000
8	3	2	2	7880.000000	3138.000000
10	10	4	8	966.000000	7236.000000
9	9	2	4	1092.000000	7017.000000
9	5	2	3	7741.000000	5645.000000
9	9	3	6	3748.000000	7005.000000
10	7	4	4	9758.000000	804.000000
8	1	1	7	1437.000000	3605.000000
6	1	6	6	5372.000000	4475.000000
7	7	7	7	3098.000000	1795.000000
9	8	6	8	9583.000000	5458.000000
10	0	10	10	4540.000000	2005.000000
6	0	0	3	9047.000000	2923.000000
8	3	1	6	9980.000000	3618.000000
10	6	9	9	3540.000000	1853.000000
10000 17 21 5 21 21 8 16 4 18 11 14 7 11 3 3 13 
17 10000 16 13 14 14 16 14 16 7 11 4 18 6 15 17 4 
21 16 10000 16 2 3 14 5 22 9 11 13 17 14 19 20 13 
5 13 16 10000 17 16 6 12 6 13 6 10 6 8 3 5 10 
21 14 2 17 10000 1 14 6 22 8 11 12 18 13 19 20 12 
21 14 3 16 1 10000 14 6 22 7 10 12 18 13 18 20 12 
8 16 14 6 14 14 10000 9 11 14 6 13 4 10 7 7 12 
16 14 5 12 6 6 9 10000 18 9 7 11 13 11 14 15 11 
4 16 22 6 22 22 11 18 10000 18 12 14 10 11 5 6 13 
18 7 9 13 8 7 14 9 18 10000 9 5 17 7 16 18 6 
11 11 11 6 11 10 6 7 12 9 10000 8 9 6 8 10 7 
14 4 13 10 12 12 13 11 14 5 8 10000 15 3 13 15 1 
7 18 17 6 18 18 4 13 10 17 9 15 10000 13 6 4 15 
11 6 14 8 13 13 10 11 11 7 6 3 13 10000 10 12 3 
3 15 19 3 19 18 7 14 5 16 8 13 6 10 10000 3 12 
3 17 20 5 20 20 7 15 6 18 10 15 4 12 3 10000 14 
13 4 13 10 12 12 12 11 13 6 7 1 15 3 12 14 10000 
