12
10
1000	500	0	1000	8658.000000	4638.000000
24	8	14	16	6198.000000	1243.000000
7	5	6	7	1791.000000	6996.000000
16	12	8	11	2980.000000	2545.000000
10	0	2	4	9461.000000	6313.000000
20	12	14	17	5393.000000	3036.000000
22	14	1	21	8987.000000	3043.000000
25	1	12	22	8658.000000	9199.000000
15	1	12	12	1294.000000	2618.000000
30	21	30	30	6949.000000	5204.000000
29	25	26	27	6988.000000	8792.000000
12	0	10	12	8290.000000	9976.000000
15	10	5	13	7107.000000	8628.000000
10000 9 15 13 4 8 4 10 16 4 9 11 9 
9 10000 15 7 13 4 7 17 11 9 16 18 15 
15 15 10000 10 16 11 17 15 9 11 11 15 12 
13 7 10 10000 15 5 13 18 4 10 15 19 15 
4 13 16 15 10000 11 7 6 18 6 8 8 7 
8 4 11 5 11 10000 8 14 9 6 12 16 12 
4 7 17 13 7 8 10000 13 16 6 13 14 12 
10 17 15 18 6 14 13 10000 20 9 4 2 4 
16 11 9 4 18 9 16 20 10000 13 17 21 17 
4 9 11 10 6 6 6 9 13 10000 8 10 7 
9 16 11 15 8 12 13 4 17 8 10000 4 1 
11 18 15 19 8 16 14 2 21 10 4 10000 4 
9 15 12 15 7 12 12 4 17 7 1 4 10000 
