20
10
1000	500	0	1000	9274.000000	8166.000000
10	2	1	7	6901.000000	7476.000000
9	3	8	8	2769.000000	1202.000000
6	2	0	2	1518.000000	2727.000000
7	5	6	6	7540.000000	6246.000000
6	6	2	3	1461.000000	6978.000000
10	10	0	4	6786.000000	7242.000000
6	3	6	6	8513.000000	5918.000000
10	3	7	8	4790.000000	7707.000000
8	3	5	6	474.000000	5132.000000
10	2	8	8	6113.000000	647.000000
10	4	0	0	8052.000000	7171.000000
7	2	2	4	601.000000	4219.000000
6	6	4	6	5372.000000	4500.000000
6	4	3	5	2270.000000	2175.000000
10	7	0	5	1035.000000	8754.000000
9	9	3	4	9016.000000	9655.000000
8	4	5	5	7191.000000	2711.000000
6	5	0	5	797.000000	5064.000000
6	6	1	2	2239.000000	2858.000000
6	0	5	6	6689.000000	5403.000000
10000 5 20 19 6 16 6 5 10 19 17 4 20 11 19 17 4 12 19 18 8 
5 10000 16 15 3 11 1 5 5 14 14 3 15 7 15 13 7 10 14 14 5 
20 16 10000 4 14 12 15 15 14 10 7 16 8 9 3 16 22 10 9 4 12 
19 15 4 10000 14 9 14 16 12 6 11 16 4 9 2 13 21 12 5 2 12 
6 3 14 14 10000 13 3 3 7 15 12 3 15 6 14 14 8 8 14 13 3 
16 11 12 9 13 10000 11 15 7 5 16 14 6 10 10 4 17 15 5 9 11 
6 1 15 14 3 11 10000 5 5 14 14 3 14 7 14 12 7 10 13 13 4 
5 5 15 16 3 15 5 10000 9 17 12 3 17 7 15 16 8 7 16 14 4 
10 5 14 12 7 7 5 9 10000 11 15 7 11 7 13 8 10 12 10 11 6 
19 14 10 6 15 5 14 17 11 10000 15 16 2 10 7 8 20 15 1 6 13 
17 14 7 11 12 16 14 12 15 15 10000 14 14 8 9 20 19 5 14 9 10 
4 3 16 16 3 14 3 3 7 16 14 10000 17 8 16 15 6 10 16 15 5 
20 15 8 4 15 6 14 17 11 2 14 17 10000 10 6 10 21 14 2 5 13 
11 7 9 9 6 10 7 7 7 10 8 8 10 10000 8 13 13 6 10 8 4 
19 15 3 2 14 10 14 15 13 7 9 16 6 8 10000 14 21 10 7 2 11 
17 13 16 13 14 4 12 16 8 8 20 15 10 13 14 10000 17 18 8 13 14 
4 7 22 21 8 17 7 8 10 20 19 6 21 13 21 17 10000 15 19 20 10 
12 10 10 12 8 15 10 7 12 15 5 10 14 6 10 18 15 10000 14 10 6 
19 14 9 5 14 5 13 16 10 1 14 16 2 10 7 8 19 14 10000 6 12 
18 14 4 2 13 9 13 14 11 6 9 15 5 8 2 13 20 10 6 10000 11 
8 5 12 12 3 11 4 4 6 13 10 5 13 4 11 14 10 6 12 11 10000 
