16
10
1000	500	0	1000	5955.000000	472.000000
6	0	6	6	6837.000000	4526.000000
8	6	5	6	1705.000000	7443.000000
8	7	1	3	340.000000	5717.000000
7	7	6	7	963.000000	6739.000000
6	4	5	5	3266.000000	7535.000000
6	3	1	2	970.000000	5585.000000
9	9	7	9	5431.000000	9914.000000
9	7	7	9	819.000000	5356.000000
10	4	2	2	8418.000000	1591.000000
6	5	5	5	9135.000000	2022.000000
6	2	2	5	277.000000	5854.000000
8	7	4	7	2669.000000	196.000000
10	7	1	1	6193.000000	8188.000000
6	0	3	5	6360.000000	1726.000000
6	2	0	1	200.000000	9007.000000
10	1	6	10	1366.000000	2293.000000
10000 9 17 16 17 16 15 19 15 6 8 16 7 16 3 21 10 
9 10000 12 14 13 10 12 12 13 7 7 14 13 8 6 17 12 
17 12 10000 5 3 4 4 9 5 18 19 5 15 10 15 5 11 
16 14 5 10000 3 7 2 14 2 19 20 1 12 13 15 7 8 
17 13 3 3 10000 5 3 11 3 19 19 3 14 11 15 5 9 
16 10 4 7 5 10000 7 7 7 16 17 7 15 6 14 7 12 
15 12 4 2 3 7 10000 13 1 17 18 2 12 12 14 8 7 
19 12 9 14 11 7 13 10000 13 18 18 14 21 4 17 11 18 
15 13 5 2 3 7 1 13 10000 17 18 2 11 13 14 8 7 
6 7 18 19 19 16 17 18 17 10000 2 19 12 14 5 23 15 
8 7 19 20 19 17 18 18 18 2 10000 20 14 14 6 23 16 
16 14 5 1 3 7 2 14 2 19 20 10000 13 13 15 7 8 
7 13 15 12 14 15 12 21 11 12 14 13 10000 18 8 19 5 
16 8 10 13 11 6 12 4 13 14 14 13 18 10000 13 13 16 
3 6 15 15 15 14 14 17 14 5 6 15 8 13 10000 20 11 
21 17 5 7 5 7 8 11 8 23 23 7 19 13 20 10000 14 
10 12 11 8 9 12 7 18 7 15 16 8 5 16 11 14 10000 
