16
10
1000	500	0	1000	4362.000000	4661.000000
6	4	3	5	5926.000000	6469.000000
6	1	0	0	2314.000000	3873.000000
10	9	10	10	5030.000000	7670.000000
7	5	5	6	9495.000000	5233.000000
10	0	5	9	4957.000000	1329.000000
8	2	2	5	775.000000	4373.000000
10	9	7	8	855.000000	7765.000000
6	6	0	6	4680.000000	1075.000000
9	6	2	6	7290.000000	2832.000000
8	5	5	6	5458.000000	7177.000000
7	3	2	6	2668.000000	9978.000000
10	0	5	5	3958.000000	3128.000000
10	3	1	10	6203.000000	7316.000000
6	3	2	2	3724.000000	1487.000000
10	1	3	10	8345.000000	5925.000000
8	4	6	8	9742.000000	904.000000
10000 5 5 7 11 7 8 10 8 7 6 12 4 7 7 9 14 
5 10000 9 3 8 11 12 11 12 8 2 10 8 2 11 5 14 
5 9 10000 10 15 8 4 9 8 11 10 13 4 11 6 13 16 
7 3 10 10000 11 13 11 9 14 11 2 7 10 3 13 8 17 
11 8 15 11 10000 12 18 19 13 7 9 17 12 8 14 3 9 
7 11 8 13 12 10000 11 16 1 6 12 18 5 13 3 12 10 
8 12 4 11 18 11 10000 7 11 14 11 12 7 13 9 16 20 
10 11 9 9 19 16 7 10000 16 17 10 6 12 11 14 16 23 
8 12 8 14 13 1 11 16 10000 7 13 19 5 13 3 13 11 
7 8 11 11 7 6 14 17 7 10000 10 18 7 10 8 7 7 
6 2 10 2 9 12 11 10 13 10 10000 8 9 2 12 7 16 
12 10 13 7 17 18 12 6 19 18 8 10000 14 9 18 14 24 
4 8 4 10 12 5 7 12 5 7 9 14 10000 10 4 11 13 
7 2 11 3 8 13 13 11 13 10 2 9 10 10000 13 6 15 
7 11 6 13 14 3 9 14 3 8 12 18 4 13 10000 13 13 
9 5 13 8 3 12 16 16 13 7 7 14 11 6 13 10000 11 
14 14 16 17 9 10 20 23 11 7 16 24 13 15 13 11 10000 
