20
10
1000	500	0	1000	1624.000000	1890.000000
10	6	6	6	6584.000000	135.000000
8	3	7	7	9.000000	1064.000000
7	0	5	7	5452.000000	5794.000000
10	1	6	8	1086.000000	5983.000000
6	2	3	3	1.000000	6157.000000
8	6	7	7	2598.000000	9081.000000
10	6	9	9	8489.000000	8495.000000
8	5	3	3	6829.000000	7207.000000
10	0	9	9	1822.000000	8275.000000
7	2	2	5	8343.000000	1856.000000
7	3	7	7	2274.000000	6901.000000
7	3	4	4	7840.000000	228.000000
9	2	5	5	8682.000000	8075.000000
6	6	4	6	1011.000000	2515.000000
6	3	2	5	978.000000	3414.000000
8	2	8	8	7478.000000	1550.000000
6	6	6	6	279.000000	543.000000
8	6	1	5	2734.000000	9989.000000
9	1	2	3	974.000000	9419.000000
8	5	8	8	1792.000000	5609.000000
10000 11 4 11 9 10 15 20 15 13 14 11 13 19 2 4 12 4 17 16 8 
11 10000 14 12 17 18 20 18 15 19 5 17 3 17 13 13 4 13 22 22 15 
4 14 10000 15 11 11 17 23 19 15 17 13 16 23 4 6 15 2 19 17 10 
11 12 15 10000 9 11 9 9 4 9 10 7 13 8 12 11 10 15 10 12 8 
9 17 11 9 10000 3 7 16 12 5 17 4 18 16 7 6 16 11 9 7 2 
10 18 11 11 3 10000 8 18 14 6 19 5 20 18 8 6 18 12 10 7 4 
15 20 17 9 7 8 10000 12 10 3 19 5 21 13 14 12 18 18 2 4 8 
20 18 23 9 16 18 12 10000 5 14 14 13 17 1 20 19 15 23 12 16 15 
15 15 19 4 12 14 10 5 10000 11 12 10 15 5 15 14 12 19 10 13 11 
13 19 15 9 5 6 3 14 11 10000 19 3 21 14 12 10 18 16 4 3 6 
14 5 17 10 17 19 19 14 12 19 10000 16 4 13 15 16 2 17 20 22 16 
11 17 13 7 4 5 5 13 10 3 16 10000 18 14 10 8 15 14 7 6 3 
13 3 16 13 18 20 21 17 15 21 4 18 10000 16 15 16 3 16 23 23 17 
19 17 23 8 16 18 13 1 5 14 13 14 16 10000 19 19 14 23 13 16 15 
2 13 4 12 7 8 14 20 15 12 15 10 15 19 10000 2 14 5 16 14 7 
4 13 6 11 6 6 12 19 14 10 16 8 16 19 2 10000 14 6 14 13 5 
12 4 15 10 16 18 18 15 12 18 2 15 3 14 14 14 10000 15 20 21 14 
4 13 2 15 11 12 18 23 19 16 17 14 16 23 5 6 15 10000 20 18 11 
17 22 19 10 9 10 2 12 10 4 20 7 23 13 16 14 20 20 10000 4 9 
16 22 17 12 7 7 4 16 13 3 22 6 23 16 14 13 21 18 4 10000 8 
8 15 10 8 2 4 8 15 11 6 16 3 17 15 7 5 14 11 9 8 10000 
