16
10
1000	500	0	1000	7696.000000	1755.000000
6	2	3	4	253.000000	3600.000000
6	4	6	6	5924.000000	523.000000
6	2	1	1	708.000000	1514.000000
9	3	0	9	4220.000000	2239.000000
6	1	1	1	5034.000000	7750.000000
9	2	5	6	895.000000	8262.000000
9	9	1	4	4990.000000	2109.000000
10	8	0	1	678.000000	6053.000000
8	2	6	7	474.000000	3336.000000
7	6	7	7	6046.000000	9287.000000
10	4	6	6	6097.000000	537.000000
6	4	4	6	6210.000000	9451.000000
10	6	5	7	9782.000000	6127.000000
6	5	4	6	8337.000000	4171.000000
6	1	0	5	6634.000000	890.000000
8	1	6	6	486.000000	5019.000000
10000 16 5 14 8 14 19 6 17 15 16 5 16 10 5 3 16 
16 10000 13 5 9 13 10 10 5 1 17 14 17 20 17 14 3 
5 13 10000 11 5 15 19 4 16 13 18 1 18 14 9 2 15 
14 5 11 10000 8 16 14 9 10 4 19 11 20 21 17 12 8 
8 9 5 8 10000 12 14 2 11 8 15 6 15 14 10 6 10 
14 13 15 16 12 10000 9 12 10 13 4 15 5 11 10 15 11 
19 10 19 14 14 9 10000 15 5 10 11 19 11 19 17 19 7 
6 10 4 9 2 12 15 10000 12 10 15 4 15 13 8 5 11 
17 5 16 10 11 10 5 12 10000 6 13 16 13 19 16 16 3 
15 1 13 4 8 13 10 10 6 10000 17 13 17 20 16 14 4 
16 17 18 19 15 4 11 15 13 17 10000 18 1 10 12 17 15 
5 14 1 11 6 15 19 4 16 13 18 10000 18 14 9 2 15 
16 17 18 20 15 5 11 15 13 17 1 18 10000 10 12 18 15 
10 20 14 21 14 11 19 13 19 20 10 14 10 10000 5 13 19 
5 17 9 17 10 10 17 8 16 16 12 9 12 5 10000 8 16 
3 14 2 12 6 15 19 5 16 14 17 2 18 13 8 10000 15 
16 3 15 8 10 11 7 11 3 4 15 15 15 19 16 15 10000 
