12
10
1000	500	0	1000	790.000000	1792.000000
20	16	10	10	7701.000000	2008.000000
18	4	18	18	7098.000000	2075.000000
22	12	9	19	7825.000000	7873.000000
28	4	28	28	8030.000000	5836.000000
18	10	14	18	3665.000000	2032.000000
30	9	25	29	5413.000000	2365.000000
7	6	4	4	7284.000000	3178.000000
20	2	10	14	8123.000000	5297.000000
20	1	1	6	7867.000000	9453.000000
21	14	9	11	581.000000	2894.000000
22	2	2	9	5166.000000	9890.000000
6	6	0	5	7219.000000	487.000000
10000 14 13 19 17 6 10 14 17 21 3 19 14 
14 10000 2 12 8 9 5 3 7 15 15 17 4 
13 2 10000 12 8 7 4 3 7 15 14 17 4 
19 12 12 10000 5 15 13 10 6 4 18 7 15 
17 8 8 5 10000 12 9 6 2 8 17 10 11 
6 9 7 15 12 10000 4 8 12 18 7 17 8 
10 5 4 13 9 4 10000 5 8 16 10 16 6 
14 3 3 10 6 8 5 10000 5 13 14 15 6 
17 7 7 6 2 12 8 5 10000 9 16 11 10 
21 15 15 4 8 18 16 13 9 10000 20 6 18 
3 15 14 18 17 7 10 14 16 20 10000 17 15 
19 17 17 7 10 17 16 15 11 6 17 10000 20 
14 4 4 15 11 8 6 6 10 18 15 20 10000 
