20
10
1000	500	0	1000	7967.000000	2682.000000
10	4	1	10	4190.000000	9448.000000
8	4	0	3	2183.000000	2751.000000
6	0	3	4	7807.000000	8440.000000
7	5	0	6	2159.000000	1053.000000
10	2	4	6	1580.000000	5671.000000
10	1	2	8	9184.000000	329.000000
9	8	7	7	4267.000000	6647.000000
9	0	1	1	5415.000000	9973.000000
8	4	8	8	5005.000000	8664.000000
6	2	1	6	1079.000000	6176.000000
7	7	5	7	9251.000000	1699.000000
7	0	4	4	962.000000	5509.000000
6	0	3	5	276.000000	641.000000
9	5	5	6	5039.000000	4989.000000
10	6	10	10	5581.000000	8834.000000
9	6	3	3	4480.000000	5162.000000
10	6	2	2	250.000000	2105.000000
10	6	7	10	9820.000000	4409.000000
8	8	1	2	6878.000000	6504.000000
7	4	5	5	3982.000000	954.000000
10000 16 12 12 13 15 6 11 16 14 16 4 16 16 8 14 9 16 6 8 9 
16 10000 14 8 18 10 21 6 3 3 10 19 11 20 10 4 9 17 16 8 17 
12 14 10000 16 4 6 15 9 16 14 8 15 7 6 8 14 7 5 16 13 6 
12 8 16 10000 19 14 17 8 6 6 15 14 15 22 9 5 10 20 10 5 17 
13 18 4 19 10000 10 15 12 19 17 11 15 10 4 10 18 10 5 17 15 4 
15 10 6 14 10 10000 19 6 12 10 2 18 2 11 8 11 6 8 17 11 11 
6 21 15 17 15 19 10000 17 21 19 20 3 20 18 13 19 14 19 9 14 11 
11 6 9 8 12 6 17 10000 8 5 7 15 7 15 4 6 4 13 12 6 12 
16 3 16 6 19 12 21 8 10000 3 12 19 13 22 10 3 10 19 15 8 19 
14 3 14 6 17 10 19 5 3 10000 10 17 11 19 8 2 8 17 13 6 16 
16 10 8 15 11 2 20 7 12 10 10000 19 2 12 9 11 8 9 18 12 12 
4 19 15 14 15 18 3 15 19 17 19 10000 19 19 11 17 12 19 6 11 11 
16 11 7 15 10 2 20 7 13 11 2 19 10000 10 9 12 8 7 18 12 11 
16 20 6 22 4 11 18 15 22 19 12 19 10 10000 13 20 13 3 21 18 8 
8 10 8 9 10 8 13 4 10 8 9 11 9 13 10000 8 2 12 10 5 9 
14 4 14 5 18 11 19 6 3 2 11 17 12 20 8 10000 8 18 13 6 17 
9 9 7 10 10 6 14 4 10 8 8 12 8 13 2 8 10000 11 11 6 9 
16 17 5 20 5 8 19 13 19 17 9 19 7 3 12 18 11 10000 20 16 8 
6 16 16 10 17 17 9 12 15 13 18 6 18 21 10 13 11 20 10000 8 14 
8 8 13 5 15 11 14 6 8 6 12 11 12 18 5 6 6 16 8 10000 13 
9 17 6 17 4 11 11 12 19 16 12 11 11 8 9 17 9 8 14 13 10000 
