12
10
1000	500	0	1000	1483.000000	3353.000000
11	7	9	9	8813.000000	5422.000000
8	4	0	7	2088.000000	8398.000000
16	6	5	6	6379.000000	9926.000000
14	0	3	13	3822.000000	9829.000000
20	8	1	4	6316.000000	7577.000000
28	7	7	26	2916.000000	3108.000000
24	7	11	12	7453.000000	6681.000000
19	16	7	9	5802.000000	3382.000000
23	18	16	23	3987.000000	1469.000000
17	6	2	15	818.000000	7884.000000
19	8	3	13	1111.000000	9726.000000
29	10	9	28	2378.000000	4097.000000
10000 16 11 17 14 13 3 14 9 7 10 13 3 
16 10000 15 11 14 7 13 4 8 13 17 18 14 
11 15 10000 10 5 9 11 12 13 15 3 4 9 
17 11 10 10000 6 5 16 7 14 18 12 11 15 
14 14 5 6 10000 7 14 10 14 17 8 6 12 
13 7 9 5 7 10000 12 3 9 14 12 12 11 
3 13 11 16 14 12 10000 12 6 4 11 14 3 
14 4 12 7 10 3 12 10000 8 13 14 15 12 
9 8 13 14 14 9 6 8 10000 6 14 16 7 
7 13 15 18 17 14 4 13 6 10000 15 18 7 
10 17 3 12 8 12 11 14 14 15 10000 4 9 
13 18 4 11 6 12 14 15 16 18 4 10000 12 
3 14 9 15 12 11 3 12 7 7 9 12 10000 
