20
10
1000	500	0	1000	6597.000000	9686.000000
8	4	4	5	211.000000	9756.000000
7	2	1	5	2641.000000	1578.000000
10	8	4	4	6391.000000	1931.000000
10	4	10	10	1913.000000	639.000000
6	5	1	6	4690.000000	5452.000000
6	1	2	3	5104.000000	8730.000000
6	6	6	6	1964.000000	4570.000000
10	4	10	10	8853.000000	8597.000000
8	0	2	4	8783.000000	6885.000000
10	0	8	9	8168.000000	4103.000000
6	5	6	6	9854.000000	8517.000000
7	4	2	5	7159.000000	2781.000000
10	4	5	5	4091.000000	124.000000
6	4	2	6	3982.000000	7623.000000
9	4	5	7	6939.000000	7428.000000
10	8	0	1	9340.000000	4197.000000
7	7	2	4	3331.000000	6024.000000
10	3	9	9	4864.000000	5133.000000
8	7	2	4	900.000000	1560.000000
8	8	6	7	1134.000000	8450.000000
10000 13 19 16 21 10 4 14 6 8 12 7 14 20 7 5 13 10 10 20 12 
13 10000 18 20 19 13 10 11 18 19 20 20 20 21 9 15 22 10 14 17 4 
19 18 10000 8 3 9 16 7 19 17 13 21 10 5 13 15 15 9 9 4 15 
16 20 8 10000 10 8 14 11 15 12 6 15 3 6 13 12 8 11 8 12 17 
21 19 3 10 10000 12 18 8 22 19 15 23 12 5 15 17 17 12 11 3 16 
10 13 9 8 12 10000 7 6 11 9 8 13 8 11 5 6 10 3 1 11 10 
4 10 16 14 18 7 10000 11 8 9 12 10 13 18 4 5 13 7 8 17 8 
14 11 7 11 8 6 11 10000 16 15 13 18 11 10 8 12 15 4 6 7 8 
6 18 19 15 22 11 8 16 10000 4 10 3 13 20 10 5 9 13 11 22 16 
8 19 17 12 19 9 9 15 4 10000 6 4 9 17 10 4 6 12 9 20 16 
12 20 13 6 15 8 12 13 10 6 10000 10 4 12 11 8 3 11 7 16 17 
7 20 21 15 23 13 10 18 3 4 10 10000 13 21 12 7 9 14 13 23 18 
14 20 10 3 12 8 13 11 13 9 4 13 10000 9 12 10 6 11 7 13 17 
20 21 5 6 5 11 18 10 20 17 12 21 9 10000 15 16 14 12 11 7 18 
7 9 13 13 15 5 4 8 10 10 11 12 12 15 10000 6 13 4 6 14 6 
5 15 15 12 17 6 5 12 5 4 8 7 10 16 6 10000 9 8 7 17 12 
13 22 15 8 17 10 13 15 9 6 3 9 6 14 13 9 10000 13 10 18 19 
10 10 9 11 12 3 7 4 13 12 11 14 11 12 4 8 13 10000 4 11 7 
10 14 9 8 11 1 8 6 11 9 7 13 7 11 6 7 10 4 10000 11 10 
20 17 4 12 3 11 17 7 22 20 16 23 13 7 14 17 18 11 11 10000 14 
12 4 15 17 16 10 8 8 16 16 17 18 17 18 6 12 19 7 10 14 10000 
