20
10
1000	500	0	1000	478.000000	4809.000000
10	1	0	9	920.000000	3235.000000
7	7	1	3	5558.000000	9473.000000
9	7	6	9	7769.000000	8312.000000
10	0	1	4	9055.000000	2439.000000
8	4	0	0	7469.000000	7784.000000
9	4	6	6	5189.000000	9338.000000
8	3	5	6	8880.000000	185.000000
8	3	6	6	6885.000000	3909.000000
6	2	5	5	929.000000	2526.000000
8	6	2	2	222.000000	4667.000000
9	7	2	6	6307.000000	9086.000000
7	5	5	7	9599.000000	4821.000000
8	7	8	8	7691.000000	7229.000000
7	2	6	7	7977.000000	9844.000000
10	1	8	9	9586.000000	8345.000000
6	5	4	4	6918.000000	4489.000000
10	7	7	9	8162.000000	74.000000
6	0	2	3	135.000000	4922.000000
8	6	2	2	2572.000000	1568.000000
10	1	5	8	1840.000000	129.000000
10000 4 14 17 18 16 14 20 13 5 1 15 19 16 19 20 13 19 1 8 10 
4 10000 16 18 17 16 15 18 13 2 4 16 18 16 20 21 13 16 4 5 7 
14 16 10000 5 16 6 1 20 12 17 15 2 13 7 5 9 11 20 15 17 21 
17 18 5 10000 13 2 6 17 9 18 17 4 8 3 4 4 8 17 17 18 21 
18 17 16 13 10000 12 16 5 6 17 19 15 5 10 15 12 6 6 19 14 16 
16 16 6 2 12 10000 6 16 8 17 16 4 8 2 5 5 7 16 16 16 20 
14 15 1 6 16 6 10000 20 12 17 14 3 13 7 6 10 11 20 14 17 20 
20 18 20 17 5 16 20 10000 9 17 20 19 10 15 20 17 10 2 20 13 15 
13 13 12 9 6 8 12 9 10000 13 14 11 6 7 13 11 2 9 14 10 13 
5 2 17 18 17 17 17 17 13 10000 5 17 18 17 21 21 13 16 6 4 6 
1 4 15 17 19 16 14 20 14 5 10000 16 19 16 19 21 14 19 1 8 10 
15 16 2 4 15 4 3 19 11 17 16 10000 11 5 4 7 10 19 15 17 21 
19 18 13 8 5 8 13 10 6 18 19 11 10000 7 11 8 6 10 19 16 19 
16 16 7 3 10 2 7 15 7 17 16 5 7 10000 6 5 6 15 16 16 19 
19 20 5 4 15 5 6 20 13 21 19 4 11 6 10000 5 11 20 19 20 23 
20 21 9 4 12 5 10 17 11 21 21 7 8 5 5 10000 10 17 21 20 23 
13 13 11 8 6 7 11 10 2 13 14 10 6 6 11 10 10000 10 14 11 14 
19 16 20 17 6 16 20 2 9 16 19 19 10 15 20 17 10 10000 19 12 13 
1 4 15 17 19 16 14 20 14 6 1 15 19 16 19 21 14 19 10000 9 11 
8 5 17 18 14 16 17 13 10 4 8 17 16 16 20 20 11 12 9 10000 4 
10 7 21 21 16 20 20 15 13 6 10 21 19 19 23 23 14 13 11 4 10000 
