20
10
1000	500	0	1000	5135.000000	5509.000000
7	5	6	7	6408.000000	7922.000000
6	3	3	3	382.000000	9476.000000
10	7	10	10	8827.000000	1205.000000
6	0	3	5	304.000000	3845.000000
10	2	9	9	5692.000000	3936.000000
6	0	3	6	3012.000000	6546.000000
7	7	7	7	1358.000000	7147.000000
7	6	0	2	7802.000000	2071.000000
8	0	2	8	1349.000000	2984.000000
9	2	9	9	5040.000000	2327.000000
10	4	2	7	2005.000000	2869.000000
7	5	0	6	6821.000000	4060.000000
9	8	6	8	1852.000000	7656.000000
7	6	5	7	8483.000000	752.000000
8	5	8	8	9398.000000	1584.000000
9	9	8	8	1469.000000	486.000000
6	6	0	6	2130.000000	596.000000
8	0	5	7	7162.000000	8716.000000
7	3	4	7	9742.000000	435.000000
7	3	5	7	4340.000000	5987.000000
10000 6 13 12 11 4 5 9 9 10 7 9 5 8 12 12 13 12 8 14 2 
6 10000 13 15 15 9 8 11 13 15 12 14 8 10 15 15 18 17 3 17 6 
13 13 10000 24 12 16 8 6 21 14 18 14 17 5 24 24 19 19 14 27 11 
12 15 24 10000 18 9 16 20 3 16 8 15 7 20 2 2 15 14 16 3 14 
11 15 12 18 10000 11 8 7 16 3 10 4 14 9 18 19 8 8 17 21 10 
4 9 16 9 11 10000 8 11 6 9 4 8 3 11 9 9 11 10 11 11 5 
5 8 8 16 8 8 10000 4 14 8 10 8 10 4 16 17 13 13 10 19 3 
9 11 6 20 7 11 4 10000 17 9 13 9 13 2 20 20 14 14 13 22 7 
9 13 21 3 16 6 14 17 10000 14 6 12 5 17 3 4 14 12 14 6 11 
10 15 14 16 3 9 8 9 14 10000 8 2 12 10 15 17 6 6 17 18 9 
7 12 18 8 10 4 10 13 6 8 10000 7 5 13 8 9 9 7 14 11 8 
9 14 14 15 4 8 8 9 12 2 7 10000 10 10 14 16 5 5 16 17 8 
5 8 17 7 14 3 10 13 5 12 5 10 10000 13 8 8 13 12 10 10 7 
8 10 5 20 9 11 4 2 17 10 13 10 13 10000 20 20 15 15 11 22 6 
12 15 24 2 18 9 16 20 3 15 8 14 8 20 10000 3 15 13 17 3 14 
12 15 24 2 19 9 17 20 4 17 9 16 8 20 3 10000 17 15 15 3 14 
13 18 19 15 8 11 13 14 14 6 9 5 13 15 15 17 10000 2 21 17 13 
12 17 19 14 8 10 13 14 12 6 7 5 12 15 13 15 2 10000 20 16 12 
8 3 14 16 17 11 10 13 14 17 14 16 10 11 17 15 21 20 10000 18 8 
14 17 27 3 21 11 19 22 6 18 11 17 10 22 3 3 17 16 18 10000 16 
2 6 11 14 10 5 3 7 11 9 8 8 7 6 14 14 13 12 8 16 10000 
