16
10
1000	500	0	1000	7905.000000	7836.000000
7	3	3	3	2452.000000	996.000000
10	5	6	7	2814.000000	3680.000000
10	9	6	7	4206.000000	8524.000000
7	4	5	7	6118.000000	9561.000000
7	5	7	7	4390.000000	4834.000000
10	2	2	10	4529.000000	3628.000000
9	4	4	4	8600.000000	4903.000000
9	2	7	7	159.000000	340.000000
10	7	9	9	2989.000000	445.000000
9	0	6	6	3560.000000	6951.000000
6	4	5	6	8880.000000	2258.000000
9	3	5	9	5652.000000	2001.000000
10	6	3	3	8631.000000	2517.000000
9	4	1	7	1780.000000	887.000000
7	1	7	7	1333.000000	452.000000
7	2	5	6	1934.000000	8019.000000
10000 18 14 8 5 10 11 7 22 18 9 12 13 11 19 20 12 
18 10000 6 16 19 9 7 15 5 2 13 14 7 13 2 3 15 
14 6 10000 11 14 4 4 12 9 7 7 13 7 12 6 8 9 
8 16 11 10000 5 8 10 12 19 17 4 16 14 15 17 18 5 
5 19 14 5 10000 11 13 11 22 20 8 16 16 15 20 21 9 
10 9 4 8 11 10000 3 9 13 10 5 11 7 10 10 11 9 
11 7 4 10 13 3 10000 9 11 8 7 10 4 9 8 10 11 
7 15 12 12 11 9 9 10000 20 15 11 6 9 5 16 18 15 
22 5 9 19 22 13 11 20 10000 6 15 18 12 18 4 3 16 
18 2 7 17 20 10 8 15 6 10000 14 13 7 13 3 4 16 
9 13 7 4 8 5 7 11 15 14 10000 15 11 14 13 14 4 
12 14 13 16 16 11 10 6 18 13 15 10000 7 1 15 16 19 
13 7 7 14 16 7 4 9 12 7 11 7 10000 7 9 10 15 
11 13 12 15 15 10 9 5 18 13 14 1 7 10000 15 16 18 
19 2 6 17 20 10 8 16 4 3 13 15 9 15 10000 2 15 
20 3 8 18 21 11 10 18 3 4 14 16 10 16 2 10000 16 
12 15 9 5 9 9 11 15 16 16 4 19 15 18 15 16 10000 
