20
10
1000	500	0	1000	5828.000000	78.000000
8	2	8	8	8281.000000	3696.000000
9	0	4	7	1272.000000	7725.000000
6	1	1	2	8450.000000	9958.000000
6	1	0	5	7274.000000	5418.000000
6	6	2	3	4313.000000	14.000000
6	6	2	5	1183.000000	6135.000000
10	0	9	10	9698.000000	45.000000
6	3	3	3	8709.000000	3643.000000
7	5	7	7	8076.000000	1909.000000
8	3	2	7	9602.000000	5701.000000
6	6	6	6	7698.000000	9902.000000
10	1	1	1	189.000000	552.000000
10	6	0	6	1512.000000	5755.000000
7	6	6	7	9306.000000	7489.000000
10	1	9	10	9788.000000	9314.000000
8	4	2	3	770.000000	9893.000000
6	0	5	6	7231.000000	1298.000000
6	0	1	4	1529.000000	1926.000000
9	2	2	8	4850.000000	2855.000000
6	5	4	6	3073.000000	721.000000
10000 9 18 21 12 4 16 8 10 6 14 21 12 15 17 21 23 4 10 6 6 
9 10000 17 13 4 11 16 8 1 4 5 13 18 15 8 12 20 6 14 8 12 
18 17 10000 16 13 17 4 23 17 18 18 14 15 4 17 18 5 18 12 13 15 
21 13 16 10000 10 22 17 20 13 17 9 2 26 17 6 3 16 18 22 16 22 
12 4 13 10 10000 13 13 12 5 8 5 10 18 12 6 10 16 9 14 8 13 
4 11 17 22 13 10000 14 11 12 9 16 21 9 13 18 22 21 7 7 6 3 
16 16 4 17 13 14 10000 21 16 17 17 16 12 2 17 19 8 16 9 10 12 
8 8 23 20 12 11 21 10000 8 5 12 21 20 20 15 19 27 6 17 12 14 
10 1 17 13 5 12 16 8 10000 4 5 13 19 16 8 12 21 6 15 8 13 
6 4 18 17 8 9 17 5 4 10000 9 17 17 16 12 16 22 3 14 7 11 
14 5 18 9 5 16 17 12 5 9 10000 10 22 17 4 8 20 11 18 12 17 
21 13 14 2 10 21 16 21 13 17 10 10000 24 15 6 5 14 18 21 16 21 
12 18 15 26 18 9 12 20 19 17 22 24 10000 11 23 26 19 15 4 11 6 
15 15 4 17 12 13 2 20 16 16 17 15 11 10000 16 19 9 15 8 9 11 
17 8 17 6 6 18 17 15 8 12 4 6 23 16 10000 4 18 14 20 13 19 
21 12 18 3 10 22 19 19 12 16 8 5 26 19 4 10000 19 17 23 17 22 
23 20 5 16 16 21 8 27 21 22 20 14 19 9 18 19 10000 22 17 17 19 
4 6 18 18 9 7 16 6 6 3 11 18 15 15 14 17 22 10000 12 6 9 
10 14 12 22 14 7 9 17 15 14 18 21 4 8 20 23 17 12 10000 7 4 
6 8 13 16 8 6 10 12 8 7 12 16 11 9 13 17 17 6 7 10000 6 
6 12 15 22 13 3 12 14 13 11 17 21 6 11 19 22 19 9 4 6 10000 
