12
10
1000	500	0	1000	1392.000000	1325.000000
23	0	2	13	7908.000000	151.000000
7	5	4	5	407.000000	7644.000000
14	8	6	12	6293.000000	4253.000000
22	14	6	7	6268.000000	3942.000000
11	4	7	8	462.000000	8912.000000
19	10	0	15	4303.000000	5212.000000
27	26	9	20	6289.000000	106.000000
18	8	2	7	8101.000000	390.000000
14	1	11	12	4485.000000	1232.000000
24	6	19	22	3452.000000	5436.000000
16	13	16	16	7375.000000	1744.000000
15	7	10	12	778.000000	1450.000000
10000 14 13 12 12 16 10 11 14 7 10 12 2 
14 10000 22 9 9 23 13 4 1 8 14 4 15 
13 22 10000 14 14 3 10 20 22 16 8 19 13 
12 9 14 10000 1 15 5 9 9 8 7 6 13 
12 9 14 1 10000 16 5 8 8 7 7 5 13 
16 23 3 15 16 10000 11 22 23 18 10 20 15 
10 13 10 5 5 11 10000 11 13 8 2 10 11 
11 4 20 9 8 22 11 10000 4 5 13 4 12 
14 1 22 9 8 23 13 4 10000 8 14 4 15 
7 8 16 8 7 18 8 5 8 10000 9 6 8 
10 14 8 7 7 10 2 13 14 9 10000 11 10 
12 4 19 6 5 20 10 4 4 6 11 10000 14 
2 15 13 13 13 15 11 12 15 8 10 14 10000 
