12
10
1000	500	0	1000	42.000000	1344.000000
14	1	9	14	2351.000000	2435.000000
22	4	11	20	2537.000000	489.000000
13	8	6	11	9217.000000	2121.000000
25	16	24	24	4779.000000	3434.000000
26	20	13	26	4516.000000	597.000000
17	4	6	11	1681.000000	9364.000000
26	21	1	12	8689.000000	3169.000000
12	5	9	9	9382.000000	7336.000000
10	4	2	6	3019.000000	5107.000000
7	5	1	5	4475.000000	5009.000000
25	2	22	23	5808.000000	9361.000000
30	20	13	20	7539.000000	5354.000000
10000 6 6 19 11 10 17 18 23 10 12 20 18 
6 10000 4 14 6 6 14 13 18 6 7 16 12 
6 4 10000 14 8 4 18 14 20 10 10 19 14 
19 14 14 10000 10 10 21 3 11 14 12 17 8 
11 6 8 10 10000 6 14 8 13 5 4 13 7 
10 6 4 10 6 10000 19 10 17 10 9 18 12 
17 14 18 21 14 19 10000 19 16 9 11 9 15 
18 13 14 3 8 10 19 10000 9 12 10 14 5 
23 18 20 11 13 17 16 9 10000 14 11 9 6 
10 6 10 14 5 10 9 12 14 10000 3 11 10 
12 7 10 12 4 9 11 10 11 3 10000 10 7 
20 16 19 17 13 18 9 14 9 11 10 10000 9 
18 12 14 8 7 12 15 5 6 10 7 9 10000 
