20
10
1000	500	0	1000	4926.000000	3350.000000
9	2	0	6	2629.000000	6750.000000
7	6	7	7	7409.000000	6465.000000
9	2	0	4	8901.000000	3188.000000
8	1	0	5	50.000000	3773.000000
7	7	6	6	8608.000000	8059.000000
6	4	6	6	1520.000000	4207.000000
6	3	6	6	5631.000000	415.000000
10	4	3	3	9996.000000	9767.000000
10	4	1	1	6546.000000	4324.000000
10	6	1	3	4893.000000	5871.000000
6	0	0	2	8739.000000	305.000000
10	4	5	5	5347.000000	3454.000000
6	3	6	6	5255.000000	8704.000000
6	2	0	0	4836.000000	4701.000000
7	7	2	7	2948.000000	3824.000000
9	1	5	7	5652.000000	4381.000000
6	6	2	4	1960.000000	6809.000000
9	1	3	7	7105.000000	2503.000000
6	6	6	6	5225.000000	6762.000000
7	4	6	6	7325.000000	3666.000000
10000 9 8 8 10 12 8 7 17 4 6 10 1 11 3 5 3 10 5 7 5 
9 10000 10 15 8 13 6 15 16 10 5 18 9 7 7 6 8 2 13 6 12 
8 10 10000 8 16 4 13 13 9 5 6 13 8 7 7 11 6 11 8 5 6 
8 15 8 10000 18 10 15 9 14 6 10 6 8 14 9 12 7 16 4 11 4 
10 8 16 18 10000 20 4 14 24 14 11 19 11 15 10 6 12 8 15 12 15 
12 13 4 10 20 10000 17 17 5 9 9 16 12 7 11 15 10 14 12 8 10 
8 6 13 15 4 17 10000 12 21 11 8 17 8 12 7 3 9 6 12 10 12 
7 15 13 9 14 17 12 10000 21 9 12 7 7 17 9 9 8 15 6 13 8 
17 16 9 14 24 5 21 21 10000 13 13 20 16 10 15 19 14 18 16 12 14 
4 10 5 6 14 9 11 9 13 10000 5 10 3 10 4 8 2 11 4 6 3 
6 5 6 10 11 9 8 12 13 5 10000 14 5 6 3 6 4 7 9 2 7 
10 18 13 6 19 16 17 7 20 10 14 10000 10 19 12 14 11 19 6 15 8 
1 9 8 8 11 12 8 7 16 3 5 10 10000 11 3 5 2 10 4 7 4 
11 7 7 14 15 7 12 17 10 10 6 19 11 10000 9 11 9 8 13 4 11 
3 7 7 9 10 11 7 9 15 4 3 12 3 9 10000 5 2 8 7 5 6 
5 6 11 12 6 15 3 9 19 8 6 14 5 11 5 10000 6 7 9 8 9 
3 8 6 7 12 10 9 8 14 2 4 11 2 9 2 6 10000 9 5 5 4 
10 2 11 16 8 14 6 15 18 11 7 19 10 8 8 7 9 10000 14 7 13 
5 13 8 4 15 12 12 6 16 4 9 6 4 13 7 9 5 14 10000 10 3 
7 6 5 11 12 8 10 13 12 6 2 15 7 4 5 8 5 7 10 10000 8 
5 12 6 4 15 10 12 8 14 3 7 8 4 11 6 9 4 13 3 8 10000 
