20
10
1000	500	0	1000	32.000000	2737.000000
10	0	5	7	2873.000000	4285.000000
7	1	6	7	5070.000000	9597.000000
6	2	3	4	2517.000000	9862.000000
10	2	2	9	9084.000000	9130.000000
6	1	5	5	6738.000000	2056.000000
9	1	1	4	720.000000	2879.000000
7	7	0	5	1002.000000	9530.000000
9	3	9	9	6265.000000	3534.000000
8	3	7	8	2841.000000	5212.000000
8	0	6	6	568.000000	8973.000000
10	4	9	10	1504.000000	9719.000000
10	10	0	0	4768.000000	6639.000000
7	7	2	7	197.000000	8751.000000
6	1	6	6	9434.000000	3712.000000
9	5	1	4	6683.000000	904.000000
9	5	0	3	6742.000000	2331.000000
6	3	3	3	2977.000000	6089.000000
8	8	3	4	6110.000000	4262.000000
10	0	7	10	2063.000000	7145.000000
8	3	2	8	1101.000000	5736.000000
10000 7 18 16 23 14 2 14 13 8 13 15 13 13 19 14 14 9 13 10 7 
7 10000 12 12 16 9 6 12 7 2 11 12 7 11 14 11 9 4 7 6 5 
18 12 10000 6 9 16 17 9 13 10 10 8 6 10 15 18 15 9 11 8 12 
16 12 6 10000 14 18 15 4 15 10 5 3 8 6 19 20 18 8 14 6 9 
23 16 9 14 10000 15 21 17 13 15 18 16 10 18 11 18 15 14 12 15 18 
14 9 16 18 15 10000 13 19 4 11 19 19 10 19 7 3 1 12 5 14 14 
2 6 17 15 21 13 10000 14 12 7 13 14 12 12 18 13 13 8 12 9 6 
14 12 9 4 17 19 14 10000 16 10 2 2 10 3 21 21 19 8 15 6 8 
13 7 13 15 13 4 12 16 10000 8 16 16 7 17 7 6 3 9 2 12 12 
8 2 10 10 15 11 7 10 8 10000 9 10 5 9 14 12 10 2 7 5 4 
13 11 10 5 18 19 13 2 16 9 10000 3 10 1 21 21 19 8 15 5 7 
15 12 8 3 16 19 14 2 16 10 3 10000 9 4 20 21 19 8 15 6 9 
13 7 6 8 10 10 12 10 7 5 10 9 10000 11 12 13 10 4 6 6 8 
13 11 10 6 18 19 12 3 17 9 1 4 11 10000 22 21 19 8 15 5 7 
19 14 15 19 11 7 18 21 7 14 21 20 12 22 10000 8 7 14 7 17 18 
14 11 18 20 18 3 13 21 6 12 21 21 13 21 8 10000 3 13 7 16 15 
14 9 15 18 15 1 13 19 3 10 19 19 10 19 7 3 10000 11 5 14 14 
9 4 9 8 14 12 8 8 9 2 8 8 4 8 14 13 11 10000 8 3 4 
13 7 11 14 12 5 12 15 2 7 15 15 6 15 7 7 5 8 10000 10 11 
10 6 8 6 15 14 9 6 12 5 5 6 6 5 17 16 14 3 10 10000 4 
7 5 12 9 18 14 6 8 12 4 7 9 8 7 18 15 14 4 11 4 10000 
