20
10
1000	500	0	1000	5471.000000	746.000000
8	2	4	8	4223.000000	6437.000000
7	3	0	0	7243.000000	9974.000000
7	2	1	3	6425.000000	1593.000000
6	6	2	6	3956.000000	2575.000000
6	0	5	6	1041.000000	9201.000000
7	3	1	6	1920.000000	1532.000000
9	5	8	9	5956.000000	850.000000
9	0	4	8	1875.000000	2971.000000
7	4	4	5	728.000000	1083.000000
6	5	6	6	2058.000000	642.000000
9	9	9	9	871.000000	8404.000000
10	0	9	10	331.000000	1278.000000
9	4	6	9	7126.000000	7318.000000
8	5	1	8	4482.000000	6098.000000
7	3	2	5	1676.000000	4196.000000
7	6	4	6	8530.000000	4484.000000
9	6	6	6	9056.000000	7600.000000
9	9	4	5	531.000000	5101.000000
6	3	1	2	3922.000000	3509.000000
6	5	6	6	5880.000000	9021.000000
10000 12 19 3 5 20 8 1 9 10 7 18 11 14 11 11 10 16 14 7 17 
12 10000 10 11 8 9 11 12 9 13 13 8 13 7 1 7 10 10 8 6 7 
19 10 10000 17 17 13 20 19 18 23 22 14 23 6 10 17 12 6 17 15 4 
3 11 17 10000 6 19 10 2 10 12 9 18 13 12 10 11 8 14 14 7 15 
5 8 17 6 10000 15 5 6 5 8 6 14 8 12 8 6 10 15 9 2 14 
20 9 13 19 15 10000 16 20 13 17 18 2 16 13 10 11 18 17 9 13 10 
8 11 20 10 5 16 10000 9 3 3 2 14 4 16 11 6 15 19 8 6 17 
1 12 19 2 6 20 9 10000 10 11 8 19 12 14 11 11 9 15 14 7 17 
9 9 18 10 5 13 3 10 10000 5 5 12 5 14 9 3 14 18 6 5 15 
10 13 23 12 8 17 3 11 5 10000 3 15 1 18 13 7 18 22 9 9 19 
7 13 22 9 6 18 2 8 5 3 10000 16 4 17 12 8 16 20 10 7 19 
18 8 14 18 14 2 14 19 12 15 16 10000 15 13 9 9 18 17 7 12 11 
11 13 23 13 8 16 4 12 5 1 4 15 10000 19 13 7 18 22 8 9 20 
14 7 6 12 12 13 16 14 14 18 17 13 19 10000 6 13 7 4 14 10 5 
11 1 10 10 8 10 11 11 9 13 12 9 13 6 10000 7 9 10 9 6 7 
11 7 17 11 6 11 6 11 3 7 8 9 7 13 7 10000 14 17 3 5 13 
10 10 12 8 10 18 15 9 14 18 16 18 18 7 9 14 10000 7 17 10 11 
16 10 6 14 15 17 19 15 18 22 20 17 22 4 10 17 7 10000 18 14 7 
14 8 17 14 9 9 8 14 6 9 10 7 8 14 9 3 17 18 10000 8 14 
7 6 15 7 2 13 6 7 5 9 7 12 9 10 6 5 10 14 8 10000 12 
17 7 4 15 14 10 17 17 15 19 19 11 20 5 7 13 11 7 14 12 10000 
