16
10
1000	500	0	1000	9352.000000	426.000000
6	5	2	2	1802.000000	8736.000000
9	2	9	9	2715.000000	8515.000000
9	0	3	8	7411.000000	5632.000000
9	9	4	9	9961.000000	9695.000000
6	6	4	5	8956.000000	5699.000000
6	1	5	5	2587.000000	7221.000000
10	2	3	9	46.000000	3743.000000
6	1	4	6	1618.000000	8241.000000
8	3	4	6	880.000000	4438.000000
10	1	0	2	7436.000000	1619.000000
7	2	5	6	1646.000000	2191.000000
9	1	5	7	9562.000000	5871.000000
6	6	5	5	7290.000000	1568.000000
7	4	1	2	1842.000000	450.000000
9	6	7	8	490.000000	5647.000000
6	2	2	4	6357.000000	5799.000000
10000 23 21 12 19 11 20 20 22 19 5 16 11 5 16 21 13 
23 10000 2 13 17 16 4 11 2 9 19 14 17 19 17 7 11 
21 2 10000 12 15 14 3 11 3 9 17 13 15 17 17 8 10 
12 13 12 10000 10 4 11 16 13 14 9 14 5 9 16 14 3 
19 17 15 10 10000 9 16 24 17 21 17 23 8 18 25 21 11 
11 16 14 4 9 10000 14 19 16 17 9 17 2 9 18 17 6 
20 4 3 11 16 14 10000 9 3 7 15 11 15 15 14 6 9 
20 11 11 16 24 19 9 10000 10 3 16 5 20 16 8 4 14 
22 2 3 13 17 16 3 10 10000 8 18 13 17 18 16 6 11 
19 9 9 14 21 17 7 3 8 10000 15 5 18 15 9 3 12 
5 19 17 9 17 9 15 16 18 15 10000 12 10 1 12 17 9 
16 14 13 14 23 17 11 5 13 5 12 10000 18 12 4 8 12 
11 17 15 5 8 2 15 20 17 18 10 18 10000 10 19 19 7 
5 19 17 9 18 9 15 16 18 15 1 12 10 10000 12 16 9 
16 17 17 16 25 18 14 8 16 9 12 4 19 12 10000 11 14 
21 7 8 14 21 17 6 4 6 3 17 8 19 16 11 10000 12 
13 11 10 3 11 6 9 14 11 12 9 12 7 9 14 12 10000 
