16
10
1000	500	0	1000	7315.000000	2740.000000
7	6	3	3	9700.000000	592.000000
10	2	6	8	5604.000000	6154.000000
10	0	9	9	937.000000	8576.000000
6	5	4	5	499.000000	1410.000000
9	9	6	7	7366.000000	2146.000000
9	8	1	5	6291.000000	8688.000000
6	1	3	3	6335.000000	7513.000000
10	1	2	3	3827.000000	9566.000000
6	0	3	3	2640.000000	9762.000000
7	5	5	5	6871.000000	2904.000000
9	4	0	6	520.000000	2873.000000
10	4	2	4	3606.000000	7627.000000
7	5	6	7	9399.000000	8086.000000
8	7	2	3	7117.000000	1523.000000
7	4	4	5	4335.000000	5785.000000
9	6	8	9	5520.000000	1566.000000
10000 7 8 18 14 2 13 10 16 17 1 14 13 12 3 9 5 
7 10000 14 24 19 6 18 16 22 24 8 19 19 16 6 15 9 
8 14 10000 11 14 9 6 4 8 10 7 13 5 9 10 3 10 
18 24 11 10000 15 19 11 12 7 5 17 12 6 17 19 9 17 
14 19 14 15 10000 14 19 17 18 18 14 3 14 23 14 12 11 
2 6 9 19 14 10000 14 11 17 18 2 14 14 13 2 10 4 
13 18 6 11 19 14 10000 3 6 8 12 17 6 7 15 8 15 
10 16 4 12 17 11 3 10000 7 9 10 15 6 7 13 6 13 
16 22 8 7 18 17 6 7 10000 3 15 15 4 12 18 8 17 
17 24 10 5 18 18 8 9 3 10000 17 15 5 14 19 9 18 
1 8 7 17 14 2 12 10 15 17 10000 13 12 12 3 8 4 
14 19 13 12 3 14 17 15 15 15 13 10000 12 21 14 10 11 
13 19 5 6 14 14 6 6 4 5 12 12 10000 12 15 4 13 
12 16 9 17 23 13 7 7 12 14 12 21 12 10000 14 12 16 
3 6 10 19 14 2 15 13 18 19 3 14 15 14 10000 11 4 
9 15 3 9 12 10 8 6 8 9 8 10 4 12 11 10000 9 
5 9 10 17 11 4 15 13 17 18 4 11 13 16 4 9 10000 
