12
10
1000	500	0	1000	3904.000000	1120.000000
11	11	3	4	26.000000	510.000000
17	7	2	8	396.000000	6393.000000
23	1	16	20	9069.000000	5954.000000
13	5	4	10	4921.000000	7564.000000
10	8	4	4	9363.000000	7140.000000
16	13	9	12	9795.000000	564.000000
10	8	4	10	3234.000000	3134.000000
21	5	4	7	2666.000000	3214.000000
23	12	15	22	2983.000000	2715.000000
11	4	1	4	5076.000000	5787.000000
9	5	8	9	2030.000000	6511.000000
25	2	18	24	974.000000	8708.000000
10000 8 13 15 14 17 12 5 5 4 10 12 17 
8 10000 12 22 18 23 20 9 8 8 15 13 17 
13 12 10000 18 10 18 23 9 8 9 10 4 5 
15 22 18 10000 9 3 11 13 14 14 8 15 18 
14 18 10 9 10000 9 18 10 10 11 4 7 9 
17 23 18 3 9 10000 14 15 16 16 9 15 18 
12 20 23 11 18 14 10000 15 16 15 15 20 25 
5 9 9 13 10 15 15 10000 2 1 7 8 13 
5 8 8 14 10 16 16 2 10000 2 8 7 12 
4 8 9 14 11 16 15 1 2 10000 8 8 13 
10 15 10 8 4 9 15 7 8 8 10000 7 11 
12 13 4 15 7 15 20 8 7 8 7 10000 5 
17 17 5 18 9 18 25 13 12 13 11 5 10000 
