20
10
1000	500	0	1000	2536.000000	8721.000000
8	3	6	6	1744.000000	7568.000000
7	2	7	7	4643.000000	1252.000000
7	1	4	5	117.000000	6167.000000
10	10	9	9	9016.000000	3880.000000
8	4	3	4	1994.000000	4742.000000
10	9	7	8	6360.000000	5547.000000
6	3	5	5	4387.000000	9906.000000
10	10	6	8	9882.000000	6665.000000
7	6	3	3	6186.000000	6505.000000
10	5	0	2	2804.000000	7467.000000
8	8	7	7	1893.000000	3517.000000
7	1	2	4	9461.000000	302.000000
7	2	7	7	1383.000000	9292.000000
7	2	2	6	8338.000000	4189.000000
6	0	4	6	5433.000000	747.000000
6	1	0	1	2440.000000	7819.000000
6	3	4	6	9768.000000	855.000000
9	6	6	9	3007.000000	6317.000000
8	7	6	7	9910.000000	1619.000000
9	3	3	3	8779.000000	319.000000
10000 3 16 8 17 9 10 5 16 9 3 11 22 3 15 17 2 22 5 21 21 
3 10000 14 5 17 6 11 8 17 10 3 9 22 4 15 16 2 21 4 21 21 
16 14 10000 14 11 9 10 18 16 11 13 8 10 18 10 2 14 11 11 11 9 
8 5 14 10000 19 5 13 12 20 13 6 7 23 7 17 16 6 23 6 22 21 
17 17 11 19 10000 15 7 16 6 8 15 15 8 19 2 10 16 7 13 5 8 
9 6 9 5 15 10000 9 12 17 10 6 3 18 10 13 11 7 18 4 18 17 
10 11 10 13 7 9 10000 10 8 2 9 10 13 13 5 10 10 12 7 11 12 
5 8 18 12 16 12 10 10000 13 8 6 14 22 7 14 19 6 22 8 20 22 
16 17 16 20 6 17 8 13 10000 8 15 18 13 18 6 15 16 12 14 11 13 
9 10 11 13 8 10 2 8 8 10000 8 11 15 12 7 12 8 14 7 13 14 
3 3 13 6 15 6 9 6 15 8 10000 9 20 5 13 15 2 20 3 19 19 
11 9 8 7 15 3 10 14 18 11 9 10000 17 12 13 9 9 17 7 17 16 
22 22 10 23 8 18 13 22 13 15 20 17 10000 25 9 9 21 2 18 3 2 
3 4 18 7 19 10 13 7 18 12 5 12 25 10000 18 19 4 24 7 23 24 
15 15 10 17 2 13 5 14 6 7 13 13 9 18 10000 10 14 8 12 7 8 
17 16 2 16 10 11 10 19 15 12 15 9 9 19 10 10000 16 9 13 10 7 
2 2 14 6 16 7 10 6 16 8 2 9 21 4 14 16 10000 21 4 20 20 
22 21 11 23 7 18 12 22 12 14 20 17 2 24 8 9 21 10000 18 2 3 
5 4 11 6 13 4 7 8 14 7 3 7 18 7 12 13 4 18 10000 17 17 
21 21 11 22 5 18 11 20 11 13 19 17 3 23 7 10 20 2 17 10000 4 
21 21 9 21 8 17 12 22 13 14 19 16 2 24 8 7 20 3 17 4 10000 
