16
10
1000	500	0	1000	6813.000000	150.000000
8	1	6	7	6700.000000	4471.000000
9	0	1	1	3329.000000	3730.000000
6	5	4	6	9220.000000	6205.000000
7	5	3	5	3436.000000	4100.000000
9	6	1	9	8537.000000	754.000000
9	2	1	7	756.000000	6391.000000
6	0	5	5	2543.000000	2444.000000
7	7	0	1	7235.000000	4052.000000
8	1	5	6	8354.000000	2211.000000
9	9	6	7	8127.000000	960.000000
9	2	2	9	6256.000000	3879.000000
8	6	8	8	7050.000000	1219.000000
7	4	2	7	2055.000000	6544.000000
8	1	0	7	9081.000000	8218.000000
8	5	2	5	3986.000000	1558.000000
7	5	6	7	7333.000000	8554.000000
10000 9 10 14 11 4 18 10 8 6 4 8 3 16 17 7 17 
9 10000 7 7 7 9 13 10 2 6 8 2 7 11 9 8 9 
10 7 10000 13 1 12 8 4 8 11 12 6 9 7 15 5 13 
14 7 13 10000 13 11 17 16 6 9 11 8 11 15 5 14 7 
11 7 1 13 10000 13 8 4 8 11 12 6 10 6 14 6 12 
4 9 12 11 13 10000 20 13 8 3 1 8 4 18 15 10 16 
18 13 8 17 8 20 10000 9 14 18 19 13 17 3 18 12 14 
10 10 4 16 4 13 9 10000 10 12 12 8 10 9 18 4 16 
8 2 8 6 8 8 14 10 10000 5 7 2 6 12 10 9 10 
6 6 11 9 11 3 18 12 5 10000 3 6 4 16 13 9 13 
4 8 12 11 12 1 19 12 7 3 10000 7 3 17 15 9 16 
8 2 6 8 6 8 13 8 2 6 7 10000 6 10 11 7 10 
3 7 9 11 10 4 17 10 6 4 3 6 10000 15 15 7 15 
16 11 7 15 6 18 3 9 12 16 17 10 15 10000 15 11 12 
17 9 15 5 14 15 18 18 10 13 15 11 15 15 10000 17 4 
7 8 5 14 6 10 12 4 9 9 9 7 7 11 17 10000 16 
17 9 13 7 12 16 14 16 10 13 16 10 15 12 4 16 10000 
