16
10
1000	500	0	1000	2353.000000	3932.000000
9	0	3	7	9562.000000	840.000000
6	5	0	0	6846.000000	9878.000000
6	3	5	6	189.000000	7417.000000
10	10	5	5	7426.000000	2539.000000
8	0	1	1	689.000000	2408.000000
6	0	4	6	5614.000000	4556.000000
9	9	8	9	5790.000000	299.000000
10	1	7	10	2002.000000	5235.000000
10	3	9	9	5195.000000	6969.000000
7	7	1	4	763.000000	7483.000000
10	4	6	6	924.000000	1166.000000
9	2	4	6	9318.000000	5889.000000
7	6	5	5	6518.000000	5014.000000
8	0	2	7	4332.000000	4957.000000
9	7	6	7	5386.000000	6262.000000
10	9	6	8	2470.000000	7755.000000
10000 16 15 9 11 5 7 11 3 9 8 7 15 9 5 8 8 
16 10000 19 23 6 19 11 8 18 16 23 18 11 11 14 14 20 
15 19 10000 15 15 20 11 20 14 7 14 22 10 10 12 8 10 
9 23 15 10000 18 11 13 19 6 11 2 13 19 14 10 11 5 
11 6 15 18 10000 14 6 6 13 10 17 14 8 6 8 9 15 
5 19 20 11 14 10000 11 12 7 13 11 3 19 13 9 13 12 
7 11 11 13 6 11 10000 9 8 5 12 12 8 3 3 4 9 
11 8 20 19 6 12 9 10000 13 14 18 10 14 10 10 12 17 
3 18 14 6 13 7 8 13 10000 8 6 9 15 10 5 8 6 
9 16 7 11 10 13 5 14 8 10000 9 15 9 5 5 2 6 
8 23 14 2 17 11 12 18 6 9 10000 13 18 13 9 10 4 
7 18 22 13 14 3 12 10 9 15 13 10000 20 14 11 14 14 
15 11 10 19 8 19 8 14 15 9 18 20 10000 6 11 8 15 
9 11 10 14 6 13 3 10 10 5 13 14 6 10000 5 4 10 
5 14 12 10 8 9 3 10 5 5 9 11 11 5 10000 4 7 
8 14 8 11 9 13 4 12 8 2 10 14 8 4 4 10000 7 
8 20 10 5 15 12 9 17 6 6 4 14 15 10 7 7 10000 
