12
10
1000	500	0	1000	8211.000000	6966.000000
7	3	2	7	8810.000000	2889.000000
9	4	5	7	4913.000000	2494.000000
17	15	7	9	5210.000000	1225.000000
8	1	5	5	2268.000000	9043.000000
21	9	12	19	6640.000000	583.000000
15	10	8	11	6219.000000	1987.000000
14	3	12	12	2699.000000	2654.000000
30	18	12	12	4472.000000	6059.000000
21	6	6	16	9238.000000	3375.000000
13	7	8	8	5160.000000	6242.000000
9	9	7	7	618.000000	5090.000000
8	5	6	7	8952.000000	9986.000000
10000 9 12 13 13 14 11 14 8 8 7 16 7 
9 10000 8 8 18 7 6 13 11 2 10 17 15 
12 8 10000 3 15 6 3 5 8 9 8 11 18 
13 8 3 10000 17 4 3 6 10 10 11 13 20 
13 18 15 17 10000 20 17 13 8 18 9 9 14 
14 7 6 4 20 10000 3 9 12 8 12 16 20 
11 6 3 3 17 3 10000 8 9 7 9 13 17 
14 13 5 6 13 9 8 10000 8 14 9 7 20 
8 11 8 10 8 12 9 8 10000 11 2 8 12 
8 2 9 10 18 8 7 14 11 10000 10 18 14 
7 10 8 11 9 12 9 9 2 10 10000 10 11 
16 17 11 13 9 16 13 7 8 18 10 10000 20 
7 15 18 20 14 20 17 20 12 14 11 20 10000 
