12
10
1000	500	0	1000	4427.000000	5950.000000
6	6	4	5	2307.000000	3527.000000
16	15	13	14	8930.000000	7208.000000
17	8	3	9	2624.000000	1949.000000
9	6	8	8	5940.000000	3082.000000
19	1	13	17	6743.000000	8955.000000
15	4	7	7	6497.000000	900.000000
18	16	7	17	881.000000	7659.000000
24	19	21	23	8083.000000	9887.000000
7	0	1	4	63.000000	5770.000000
25	5	10	12	9437.000000	2257.000000
29	4	15	19	3585.000000	1167.000000
12	10	5	6	6654.000000	3095.000000
10000 7 10 9 7 8 11 8 11 9 13 10 8 
7 10000 16 4 8 15 10 9 18 7 15 6 9 
10 16 10000 17 11 6 14 17 6 18 10 17 10 
9 4 17 10000 8 17 9 12 20 10 14 3 9 
7 8 11 8 10000 12 5 14 15 13 8 7 2 
8 15 6 17 12 10000 17 13 4 15 15 17 12 
11 10 14 9 5 17 10000 18 19 17 7 6 5 
8 9 17 12 14 13 18 10000 16 5 21 15 15 
11 18 6 20 15 4 19 16 10000 19 16 20 14 
9 7 18 10 13 15 17 5 19 10000 21 12 15 
13 15 10 14 8 15 7 21 16 21 10000 12 6 
10 6 17 3 7 17 6 15 20 12 12 10000 8 
8 9 10 9 2 12 5 15 14 15 6 8 10000 
