16
10
1000	500	0	1000	69.000000	3208.000000
6	5	6	6	7612.000000	9178.000000
8	0	3	8	993.000000	4982.000000
9	8	5	6	6925.000000	8460.000000
9	0	7	8	888.000000	1527.000000
10	4	8	8	5134.000000	1112.000000
9	2	2	8	1408.000000	6336.000000
6	6	2	3	5125.000000	7546.000000
9	6	4	5	8806.000000	1831.000000
7	1	7	7	3312.000000	1726.000000
6	4	4	4	8577.000000	6766.000000
7	1	2	7	2598.000000	4256.000000
7	5	3	5	7153.000000	5891.000000
8	5	0	4	8117.000000	956.000000
10	5	9	9	5107.000000	4612.000000
7	5	2	2	2234.000000	1304.000000
10	2	10	10	435.000000	6053.000000
10000 20 5 18 4 11 7 14 18 8 19 6 16 17 11 6 6 
20 10000 16 2 21 17 14 6 15 18 6 15 7 17 11 20 16 
5 16 10000 14 7 12 3 10 17 8 16 4 13 17 9 8 3 
18 2 14 10000 19 16 12 5 14 16 5 13 6 16 9 18 14 
4 21 7 19 10000 9 10 15 16 5 19 7 16 15 11 3 10 
11 17 12 16 9 10000 13 13 8 4 14 9 11 6 8 6 14 
7 14 3 12 10 13 10000 8 18 10 15 5 12 18 9 11 3 
14 6 10 5 15 13 8 10000 14 13 8 9 6 15 6 14 10 
18 15 17 14 16 8 18 14 10000 11 10 14 9 3 10 14 19 
8 18 8 16 5 4 10 13 11 10000 15 6 12 10 7 3 11 
19 6 16 5 19 14 15 8 10 15 10000 13 4 12 9 17 17 
6 15 4 13 7 9 5 9 14 6 13 10000 10 13 6 6 6 
16 7 13 6 16 11 12 6 9 12 4 10 10000 11 5 14 14 
17 17 17 16 15 6 18 15 3 10 12 13 11 10000 10 12 19 
11 11 9 9 11 8 9 6 10 7 9 6 5 10 10000 9 10 
6 20 8 18 3 6 11 14 14 3 17 6 14 12 9 10000 11 
6 16 3 14 10 14 3 10 19 11 17 6 14 19 10 11 10000 
