12
10
1000	500	0	1000	3029.000000	1433.000000
17	1	7	17	7775.000000	8706.000000
17	4	8	10	2632.000000	6282.000000
12	1	3	8	5903.000000	7713.000000
26	4	2	5	5429.000000	2027.000000
10	3	6	9	2464.000000	8016.000000
25	5	13	21	2137.000000	9752.000000
13	6	7	11	897.000000	1151.000000
22	14	6	9	1709.000000	3146.000000
16	10	0	0	9968.000000	1513.000000
19	9	5	18	7834.000000	6943.000000
6	2	1	6	1723.000000	4029.000000
23	5	22	23	9128.000000	7653.000000
10000 18 10 14 5 14 17 5 5 14 15 6 18 
18 10000 12 5 15 11 12 21 17 16 4 16 4 
10 12 10000 8 11 4 8 11 7 18 11 5 14 
14 5 8 10000 12 7 9 17 13 15 5 12 7 
5 15 11 12 10000 14 17 10 8 10 11 9 14 
14 11 4 7 14 10000 4 15 10 20 11 9 14 
17 12 8 9 17 4 10000 18 14 23 13 12 15 
5 21 11 17 10 15 18 10000 5 19 19 6 21 
5 17 7 13 8 10 14 5 10000 17 15 2 18 
14 16 18 15 10 20 23 19 17 10000 12 18 13 
15 4 11 5 11 11 13 19 15 12 10000 14 3 
6 16 5 12 9 9 12 6 2 18 14 10000 17 
18 4 14 7 14 14 15 21 18 13 3 17 10000 
