20
10
1000	500	0	1000	3527.000000	1273.000000
8	6	0	1	8261.000000	9249.000000
10	1	7	7	3.000000	1265.000000
6	0	4	4	8588.000000	2900.000000
10	5	3	5	403.000000	651.000000
7	3	4	4	6416.000000	4647.000000
10	4	4	4	4854.000000	1892.000000
7	6	1	6	3688.000000	8288.000000
10	0	3	8	3052.000000	3875.000000
6	2	1	4	3432.000000	177.000000
9	4	0	2	4521.000000	4180.000000
8	6	1	8	2546.000000	4744.000000
6	0	5	5	3179.000000	6056.000000
7	0	7	7	2640.000000	7753.000000
9	6	1	9	5030.000000	3927.000000
10	1	2	7	6768.000000	2565.000000
8	3	3	6	5621.000000	2339.000000
8	2	4	5	4122.000000	8858.000000
8	4	2	2	6491.000000	3467.000000
8	0	4	7	4159.000000	5628.000000
8	7	4	5	7920.000000	7456.000000
10000 19 8 11 7 9 3 15 6 3 7 8 10 14 7 7 5 16 8 9 16 
19 10000 23 13 24 10 17 10 15 21 13 15 13 12 13 14 15 9 13 11 4 
8 23 10000 18 2 15 10 16 9 8 11 9 12 15 12 14 12 18 14 13 21 
11 13 18 10000 17 6 8 15 12 12 9 13 13 16 8 4 7 15 5 11 10 
7 24 2 17 10000 15 10 17 9 7 11 10 13 15 12 14 11 19 14 13 21 
9 10 15 6 15 10000 7 10 7 11 4 8 8 10 4 5 5 10 3 5 7 
3 17 10 8 10 7 10000 14 6 5 5 8 9 13 5 5 2 15 5 8 13 
15 10 16 15 17 10 14 10000 9 17 9 8 5 3 10 13 13 2 12 6 9 
6 15 9 12 9 7 6 9 10000 8 4 3 5 8 4 8 6 11 7 5 13 
3 21 8 12 7 11 5 17 8 10000 9 10 12 16 9 9 7 18 9 11 18 
7 13 11 9 11 4 5 9 4 9 10000 5 5 9 2 6 5 10 5 3 10 
8 15 9 13 10 8 8 8 3 10 5 10000 3 7 6 10 8 9 9 4 13 
10 13 12 13 13 8 9 5 5 12 5 3 10000 4 6 11 9 6 9 3 10 
14 12 15 16 15 10 13 3 8 16 9 7 4 10000 10 14 13 4 12 6 11 
7 13 12 8 12 4 5 10 4 9 2 6 6 10 10000 5 4 11 4 4 10 
7 14 14 4 14 5 5 13 8 9 6 10 11 14 5 10000 3 14 2 9 11 
5 15 12 7 11 5 2 13 6 7 5 8 9 13 4 3 10000 14 3 8 12 
16 9 18 15 19 10 15 2 11 18 10 9 6 4 11 14 14 10000 12 7 9 
8 13 14 5 14 3 5 12 7 9 5 9 9 12 4 2 3 12 10000 7 9 
9 11 13 11 13 5 8 6 5 11 3 4 3 6 4 9 8 7 7 10000 9 
16 4 21 10 21 7 13 9 13 18 10 13 10 11 10 11 12 9 9 9 10000 
