16
10
1000	500	0	1000	4977.000000	5089.000000
7	1	0	1	8439.000000	3346.000000
10	7	10	10	6995.000000	1419.000000
9	1	3	3	363.000000	2089.000000
10	9	4	8	291.000000	3927.000000
8	5	5	5	809.000000	8810.000000
8	0	7	7	6441.000000	2315.000000
7	0	2	2	4197.000000	4766.000000
8	1	8	8	4495.000000	4378.000000
7	3	0	6	2075.000000	697.000000
10	6	4	10	2863.000000	5728.000000
7	6	1	7	2534.000000	1422.000000
8	4	4	4	3918.000000	1567.000000
9	7	7	8	3847.000000	6622.000000
7	5	2	3	8671.000000	6981.000000
8	0	1	8	49.000000	170.000000
6	0	1	1	2689.000000	5804.000000
10000 8 9 12 10 12 7 2 2 11 5 9 8 4 9 14 5 
8 10000 5 17 17 19 5 9 9 14 13 13 10 12 8 18 13 
9 5 10000 14 15 20 3 9 8 10 12 9 7 13 12 15 13 
12 17 14 10000 4 14 13 10 10 5 9 5 8 12 20 4 9 
10 17 15 4 10000 10 13 8 9 8 7 7 9 9 18 8 7 
12 19 20 14 10 10000 18 11 12 17 8 16 16 8 17 18 8 
7 5 3 13 13 18 10000 7 6 10 10 9 6 11 11 14 11 
2 9 9 10 8 11 7 10000 1 10 4 8 7 4 10 13 4 
2 9 8 10 9 12 6 1 10000 9 5 8 6 5 10 13 5 
11 14 10 5 8 17 10 10 9 10000 11 2 5 13 19 5 11 
5 13 12 9 7 8 10 4 5 11 10000 9 9 3 12 13 1 
9 13 9 5 7 16 9 8 8 2 9 10000 3 11 17 6 9 
8 10 7 8 9 16 6 7 6 5 9 3 10000 11 15 9 9 
4 12 13 12 9 8 11 4 5 13 3 11 11 10000 10 15 3 
9 8 12 20 18 17 11 10 10 19 12 17 15 10 10000 22 13 
14 18 15 4 8 18 14 13 13 5 13 6 9 15 22 10000 13 
5 13 13 9 7 8 11 4 5 11 1 9 9 3 13 13 10000 
