20
10
1000	500	0	1000	5417.000000	1805.000000
9	1	0	2	5731.000000	1943.000000
8	2	6	6	9477.000000	1157.000000
9	2	7	8	7445.000000	5454.000000
6	6	6	6	8440.000000	9178.000000
9	3	1	4	1659.000000	9639.000000
7	6	3	5	8334.000000	3598.000000
6	3	0	4	5162.000000	8849.000000
7	7	0	6	858.000000	1845.000000
9	6	2	5	7246.000000	1988.000000
10	1	10	10	1107.000000	5379.000000
7	1	3	5	997.000000	5918.000000
7	1	7	7	3771.000000	472.000000
10	0	8	9	6540.000000	865.000000
10	5	1	3	1426.000000	15.000000
7	1	6	6	1635.000000	4037.000000
8	7	5	5	1863.000000	4774.000000
9	1	0	1	1163.000000	9073.000000
6	1	0	2	4215.000000	2070.000000
6	1	2	5	9829.000000	1391.000000
6	3	5	5	4907.000000	5873.000000
10000 1 9 9 16 18 7 15 10 4 12 13 5 3 9 9 10 17 3 9 9 
1 10000 8 8 16 18 7 14 10 4 12 13 5 3 10 10 10 17 4 9 9 
9 8 10000 10 17 24 6 18 18 5 19 20 12 6 17 17 17 23 11 1 14 
9 8 10 10000 8 15 5 9 16 7 13 13 13 10 17 12 12 15 10 10 6 
16 16 17 8 10000 14 12 7 22 15 17 17 20 18 24 18 16 15 17 16 10 
18 18 24 15 14 10000 19 8 16 19 9 8 19 21 20 12 10 2 16 24 10 
7 7 6 5 12 19 10000 13 16 4 15 16 12 7 16 14 14 19 9 6 9 
15 14 18 9 7 8 13 10000 17 15 11 11 17 17 20 12 11 9 14 18 6 
10 10 18 16 22 16 16 17 10000 13 8 9 7 12 4 5 7 15 7 18 12 
4 4 5 7 15 19 4 15 13 10000 15 15 8 3 13 12 13 19 7 6 10 
12 12 19 13 17 9 15 11 8 15 10000 2 12 15 11 3 2 8 10 20 8 
13 13 20 13 17 8 16 11 9 15 2 10000 13 16 12 4 3 7 11 20 8 
5 5 12 13 20 19 12 17 7 8 12 13 10000 6 5 9 10 18 4 13 12 
3 3 6 10 18 21 7 17 12 3 15 16 6 10000 11 12 13 20 6 7 11 
9 10 17 17 24 20 16 20 4 13 11 12 5 11 10000 9 10 19 7 18 14 
9 10 17 12 18 12 14 12 5 12 3 4 9 12 9 10000 2 11 7 18 8 
10 10 17 12 16 10 14 11 7 13 2 3 10 13 10 2 10000 9 8 18 7 
17 17 23 15 15 2 19 9 15 19 8 7 18 20 19 11 9 10000 16 24 10 
3 4 11 10 17 16 9 14 7 7 10 11 4 6 7 7 8 16 10000 12 8 
9 9 1 10 16 24 6 18 18 6 20 20 13 7 18 18 18 24 12 10000 14 
9 9 14 6 10 10 9 6 12 10 8 8 12 11 14 8 7 10 8 14 10000 
