20
10
1000	500	0	1000	9923.000000	1179.000000
10	10	0	6	1629.000000	53.000000
6	1	0	4	5182.000000	5406.000000
6	6	4	6	7258.000000	2215.000000
7	0	4	5	5814.000000	3838.000000
7	5	6	7	5266.000000	2210.000000
7	5	2	5	4958.000000	1626.000000
10	7	6	9	7366.000000	3622.000000
7	1	6	6	9324.000000	2637.000000
8	8	2	5	571.000000	9128.000000
10	5	5	10	6513.000000	1838.000000
8	7	3	8	1816.000000	332.000000
7	7	4	7	5589.000000	7852.000000
8	4	6	7	8181.000000	8176.000000
8	0	6	7	1856.000000	7003.000000
6	6	2	5	2288.000000	3201.000000
10	0	1	10	9716.000000	4156.000000
8	6	8	8	8974.000000	9640.000000
7	0	6	6	1116.000000	377.000000
8	4	3	5	2137.000000	8946.000000
9	1	3	3	6494.000000	4883.000000
10000 17 13 6 10 10 10 8 4 25 7 17 16 15 20 16 6 18 18 22 11 
17 10000 13 13 12 9 8 14 17 19 11 1 18 21 14 7 19 25 2 18 14 
13 13 10000 8 4 7 8 6 10 12 8 13 5 9 8 8 10 12 13 10 3 
6 13 8 10000 5 4 5 3 5 20 2 12 12 13 15 11 7 16 13 17 6 
10 12 4 5 10000 4 5 4 8 15 5 11 9 10 11 8 8 14 12 13 3 
10 9 7 4 4 10000 2 6 9 17 3 8 12 14 12 7 10 17 10 15 6 
10 8 8 5 5 2 10000 7 9 18 4 7 13 15 13 7 11 18 9 16 8 
8 14 6 3 4 6 7 10000 5 18 4 13 10 10 13 11 5 13 15 15 4 
4 17 10 5 8 9 9 5 10000 22 6 16 13 12 18 15 4 15 18 20 8 
25 19 12 20 15 17 18 18 22 10000 19 18 11 16 5 13 21 17 18 4 15 
7 11 8 2 5 3 4 4 6 19 10000 10 13 14 14 9 8 17 12 17 7 
17 1 13 12 11 8 7 13 16 18 10 10000 17 21 14 6 18 24 2 18 14 
16 18 5 12 9 12 13 10 13 11 13 17 10000 6 8 12 12 8 18 8 7 
15 21 9 13 10 14 15 10 12 16 14 21 6 10000 13 16 9 4 22 13 8 
20 14 8 15 11 12 13 13 18 5 14 14 8 13 10000 8 17 16 14 4 11 
16 7 8 11 8 7 7 11 15 13 9 6 12 16 8 10000 15 19 7 12 10 
6 19 10 7 8 10 11 5 4 21 8 18 12 9 17 15 10000 12 19 18 7 
18 25 12 16 14 17 18 13 15 17 17 24 8 4 16 19 12 10000 25 14 11 
18 2 13 13 12 10 9 15 18 18 12 2 18 22 14 7 19 25 10000 18 15 
22 18 10 17 13 15 16 15 20 4 17 18 8 13 4 12 18 14 18 10000 12 
11 14 3 6 3 6 8 4 8 15 7 14 7 8 11 10 7 11 15 12 10000 
