12
10
1000	500	0	1000	6807.000000	782.000000
28	19	20	21	7903.000000	8880.000000
14	6	10	11	3885.000000	4646.000000
18	17	16	16	6065.000000	9103.000000
17	10	10	12	4818.000000	7092.000000
14	11	4	9	5618.000000	3612.000000
13	11	4	6	3280.000000	6603.000000
23	20	6	23	7271.000000	2408.000000
7	2	1	6	4572.000000	3689.000000
19	13	3	10	8751.000000	1815.000000
20	7	7	7	8454.000000	7794.000000
21	10	4	15	5364.000000	3264.000000
10	2	0	10	9214.000000	2637.000000
10000 17 10 17 14 7 14 4 8 5 15 6 7 
17 10000 12 4 8 12 11 14 13 15 3 13 13 
10 12 10000 10 6 5 5 9 3 12 12 5 12 
17 4 10 10000 5 12 8 14 12 16 6 12 15 
14 8 6 5 10000 8 4 11 7 14 8 8 13 
7 12 5 12 8 10000 8 5 3 8 11 1 8 
14 11 5 8 4 8 10000 12 7 15 11 8 15 
4 14 9 14 11 5 12 10000 6 4 12 5 4 
8 13 3 12 7 3 7 6 10000 10 12 2 10 
5 15 12 16 14 8 15 4 10 10000 12 8 2 
15 3 12 6 8 11 11 12 12 12 10000 11 11 
6 13 5 12 8 1 8 5 2 8 11 10000 8 
7 13 12 15 13 8 15 4 10 2 11 8 10000 
