16
10
1000	500	0	1000	673.000000	9217.000000
10	0	3	4	2557.000000	7600.000000
8	7	1	7	1569.000000	594.000000
6	5	3	5	2656.000000	5798.000000
6	3	6	6	1161.000000	7480.000000
10	7	4	5	5650.000000	9276.000000
10	3	7	8	7118.000000	2728.000000
9	2	2	7	1999.000000	904.000000
6	2	6	6	5332.000000	1503.000000
6	5	4	5	7233.000000	6933.000000
9	5	6	9	4049.000000	5557.000000
10	10	10	10	8165.000000	5884.000000
6	0	5	6	2964.000000	5328.000000
8	3	8	8	6372.000000	2173.000000
6	1	0	3	7520.000000	6266.000000
9	4	3	5	4640.000000	910.000000
7	6	0	5	2671.000000	8872.000000
10000 5 18 8 4 10 19 17 19 14 10 17 10 19 15 19 5 
5 10000 15 4 3 8 14 14 14 10 6 12 5 14 11 15 3 
18 15 10000 11 14 20 12 2 8 18 12 17 10 11 17 7 17 
8 4 11 10000 5 10 11 10 11 10 3 12 2 11 10 11 7 
4 3 14 5 10000 10 16 14 15 13 7 15 6 15 13 15 5 
10 8 20 10 10 10000 14 19 16 6 9 9 10 15 8 17 7 
19 14 12 11 16 14 10000 11 5 9 9 7 10 2 8 7 16 
17 14 2 10 14 19 11 10000 7 16 11 16 10 10 16 6 16 
19 14 8 11 15 16 5 7 10000 12 9 11 9 3 11 2 16 
14 10 18 10 13 6 9 16 12 10000 7 3 10 10 2 14 10 
10 6 12 3 7 9 9 11 9 7 10000 9 3 9 8 10 8 
17 12 17 12 15 9 7 16 11 3 9 10000 11 9 2 13 13 
10 5 10 2 6 10 10 10 9 10 3 11 10000 10 10 10 8 
19 14 11 11 15 15 2 10 3 10 9 9 10 10000 9 5 16 
15 11 17 10 13 8 8 16 11 2 8 2 10 9 10000 13 12 
19 15 7 11 15 17 7 6 2 14 10 13 10 5 13 10000 17 
5 3 17 7 5 7 16 16 16 10 8 13 8 16 12 17 10000 
