16
10
1000	500	0	1000	1556.000000	7456.000000
8	8	0	8	2303.000000	850.000000
6	5	4	4	8433.000000	5141.000000
7	3	3	4	6294.000000	3056.000000
7	3	6	6	8033.000000	5264.000000
6	5	4	6	4082.000000	5973.000000
9	7	3	7	7557.000000	7124.000000
8	0	4	8	4863.000000	3923.000000
7	0	6	6	9795.000000	2516.000000
7	0	0	4	6785.000000	373.000000
8	3	5	5	8486.000000	9723.000000
9	7	1	2	9715.000000	3098.000000
9	7	0	0	3094.000000	70.000000
10	5	0	6	3465.000000	1442.000000
9	8	1	9	9415.000000	6189.000000
10	10	0	10	5037.000000	1923.000000
8	6	3	4	687.000000	2310.000000
10000 14 15 13 14 6 13 10 20 18 15 19 16 13 16 14 11 
14 10000 15 10 15 11 17 8 16 10 22 16 3 3 18 6 5 
15 15 10000 6 1 9 5 8 6 11 10 5 15 13 3 10 17 
13 10 6 10000 6 8 9 4 8 6 15 7 9 7 9 4 12 
14 15 1 6 10000 9 4 7 7 11 9 6 15 12 4 9 16 
6 11 9 8 9 10000 8 5 14 13 12 13 12 10 11 9 10 
13 17 5 9 4 8 10000 9 11 14 6 10 17 15 5 12 17 
10 8 8 4 7 5 9 10000 11 9 14 10 9 6 11 5 9 
20 16 6 8 7 14 11 11 10000 8 15 2 15 13 8 10 19 
18 10 11 6 11 13 14 9 8 10000 20 9 8 7 13 5 13 
15 22 10 15 9 12 6 14 15 20 10000 14 23 20 8 18 22 
19 16 5 7 6 13 10 10 2 9 14 10000 15 13 7 10 19 
16 3 15 9 15 12 17 9 15 8 23 15 10000 3 18 6 7 
13 3 13 7 12 10 15 6 13 7 20 13 3 10000 16 4 6 
16 18 3 9 4 11 5 11 8 13 8 7 18 16 10000 13 20 
14 6 10 4 9 9 12 5 10 5 18 10 6 4 13 10000 9 
11 5 17 12 16 10 17 9 19 13 22 19 7 6 20 9 10000 
