12
10
1000	500	0	1000	5126.000000	8276.000000
15	4	0	0	9191.000000	5891.000000
30	8	23	29	9876.000000	5838.000000
15	2	1	7	5202.000000	2154.000000
11	11	8	11	8741.000000	4004.000000
14	3	3	8	8529.000000	5532.000000
18	11	15	15	3134.000000	258.000000
25	2	22	22	8585.000000	6226.000000
25	21	25	25	1165.000000	1573.000000
21	20	19	21	7596.000000	5391.000000
30	5	27	29	9055.000000	4247.000000
8	6	1	7	2383.000000	906.000000
12	9	2	9	487.000000	606.000000
10000 10 11 13 12 9 17 9 16 8 12 16 18 
10 10000 2 11 4 2 17 2 19 4 4 17 21 
11 2 10000 12 5 3 18 3 20 5 4 18 22 
13 11 12 10000 8 10 6 11 9 9 9 7 10 
12 4 5 8 10000 4 14 5 16 4 1 15 18 
9 2 3 10 4 10000 16 2 17 2 3 16 19 
17 17 18 6 14 16 10000 17 5 14 15 2 6 
9 2 3 11 5 2 17 10000 18 3 5 17 20 
16 19 20 9 16 17 5 18 10000 15 17 3 3 
8 4 5 9 4 2 14 3 15 10000 4 14 18 
12 4 4 9 1 3 15 5 17 4 10000 15 19 
16 17 18 7 15 16 2 17 3 14 15 10000 4 
18 21 22 10 18 19 6 20 3 18 19 4 10000 
