12
10
1000	500	0	1000	9334.000000	8135.000000
21	10	17	17	3008.000000	7246.000000
11	7	8	10	2880.000000	2979.000000
10	1	3	3	3622.000000	2396.000000
16	6	1	12	3615.000000	2845.000000
7	1	3	5	169.000000	7034.000000
11	7	2	11	5325.000000	174.000000
25	21	24	24	7115.000000	3229.000000
26	24	0	21	6657.000000	1653.000000
18	2	13	16	5022.000000	3415.000000
23	0	15	20	9458.000000	6879.000000
20	3	6	17	8836.000000	4506.000000
11	5	9	9	8998.000000	1776.000000
10000 13 17 17 16 19 18 11 15 13 3 8 13 
13 10000 9 10 9 6 15 12 14 9 13 13 17 
17 9 10000 2 2 10 8 9 9 5 16 13 13 
17 10 2 10000 1 12 6 8 7 4 15 12 11 
16 9 2 1 10000 11 7 8 7 4 15 11 11 
19 6 10 12 11 10000 18 16 17 13 19 19 21 
18 15 8 6 7 18 10000 8 4 7 16 12 9 
11 12 9 8 8 16 8 10000 4 5 9 5 5 
15 14 9 7 7 17 4 4 10000 5 12 8 5 
13 9 5 4 4 13 7 5 5 10000 12 8 9 
3 13 16 15 15 19 16 9 12 12 10000 5 11 
8 13 13 12 11 19 12 5 8 8 5 10000 6 
13 17 13 11 11 21 9 5 5 9 11 6 10000 
