12
10
1000	500	0	1000	5605.000000	3528.000000
28	27	12	12	8015.000000	7672.000000
10	3	6	6	5241.000000	1628.000000
19	5	0	12	8176.000000	504.000000
14	6	8	14	3921.000000	7786.000000
25	8	24	24	9795.000000	2151.000000
23	12	10	12	6397.000000	3924.000000
30	6	30	30	3653.000000	2505.000000
8	4	3	3	3292.000000	9413.000000
24	20	19	24	1117.000000	9903.000000
29	7	18	27	805.000000	7534.000000
9	6	4	6	741.000000	7101.000000
19	8	7	7	6904.000000	2284.000000
10000 10 4 8 10 9 2 5 13 16 13 13 4 
10 10000 14 15 9 12 9 14 11 15 15 15 12 
4 14 10000 7 13 10 6 4 17 19 15 15 4 
8 15 7 10000 17 5 8 10 21 24 21 20 5 
10 9 13 17 10000 17 10 11 4 8 7 7 13 
9 12 10 5 17 10000 8 13 20 24 21 21 6 
2 9 6 8 10 8 10000 7 13 16 14 13 4 
5 14 4 10 11 13 7 10000 14 16 12 11 7 
13 11 17 21 4 20 13 14 10000 5 7 7 16 
16 15 19 24 8 24 16 16 5 10000 5 6 20 
13 15 15 21 7 21 14 12 7 5 10000 1 17 
13 15 15 20 7 21 13 11 7 6 1 10000 16 
4 12 4 5 13 6 4 7 16 20 17 16 10000 
