16
10
1000	500	0	1000	7192.000000	4453.000000
9	6	0	6	365.000000	1898.000000
10	8	7	7	7506.000000	42.000000
6	2	1	3	2514.000000	6100.000000
7	5	4	6	9692.000000	7675.000000
10	6	4	7	545.000000	1740.000000
8	4	7	7	7471.000000	9752.000000
6	5	5	6	334.000000	44.000000
8	1	2	3	239.000000	4437.000000
9	1	1	4	1781.000000	1753.000000
8	5	4	8	5485.000000	5642.000000
8	2	4	4	599.000000	2052.000000
8	5	7	7	35.000000	1279.000000
6	0	1	6	1066.000000	1522.000000
7	0	3	7	3836.000000	9411.000000
10	7	10	10	3365.000000	6281.000000
8	2	0	3	447.000000	7901.000000
10000 15 9 10 9 15 11 17 14 13 5 15 16 14 12 9 16 
15 10000 15 10 22 1 22 4 6 3 13 1 2 2 17 11 13 
9 15 10000 16 16 15 20 15 17 12 12 15 16 14 21 15 22 
10 10 16 10000 15 10 13 13 6 9 7 9 11 10 8 2 6 
9 22 16 15 10000 22 7 25 20 20 10 22 24 22 13 13 19 
15 1 15 10 22 10000 22 4 6 3 13 1 2 2 17 11 13 
11 22 20 13 7 22 10000 25 18 20 10 21 23 21 8 11 15 
17 4 15 13 25 4 25 10000 9 5 16 5 3 4 21 14 16 
14 6 17 6 20 6 18 9 10000 7 11 5 7 7 13 8 7 
13 3 12 9 20 3 20 5 7 10000 11 3 4 2 16 10 13 
5 13 12 7 10 13 10 16 11 11 10000 13 14 13 9 5 12 
15 1 15 9 22 1 21 5 5 3 13 10000 2 2 17 11 12 
16 2 16 11 24 2 23 3 7 4 14 2 10000 3 18 13 14 
14 2 14 10 22 2 21 4 7 2 13 2 3 10000 17 11 13 
12 17 21 8 13 17 8 21 13 16 9 17 18 17 10000 7 8 
9 11 15 2 13 11 11 14 8 10 5 11 13 11 7 10000 7 
16 13 22 6 19 13 15 16 7 13 12 12 14 13 8 7 10000 
