12
10
1000	500	0	1000	5671.000000	2529.000000
27	12	6	16	4186.000000	3911.000000
13	9	2	3	5219.000000	5268.000000
15	3	7	14	3314.000000	5115.000000
28	3	26	26	2906.000000	8838.000000
6	0	1	3	1144.000000	8614.000000
30	11	2	20	3617.000000	1018.000000
19	18	6	17	7219.000000	6922.000000
6	3	2	2	8316.000000	4244.000000
14	10	8	9	8065.000000	8529.000000
24	5	18	18	914.000000	1194.000000
8	0	2	3	4943.000000	7720.000000
9	4	0	1	3111.000000	7156.000000
10000 5 6 7 14 16 6 10 7 13 10 11 11 
5 10000 4 3 11 12 6 9 9 13 9 8 7 
6 4 10000 4 9 11 10 6 7 9 12 5 6 
7 3 4 10000 8 9 9 9 11 12 10 7 5 
14 11 9 8 10000 4 16 10 15 11 16 5 4 
16 12 11 9 4 10000 16 13 17 14 15 8 5 
6 6 10 9 16 16 10000 14 12 18 6 14 13 
10 9 6 9 10 13 14 10000 6 4 18 5 9 
7 9 7 11 15 17 12 6 10000 9 17 10 12 
13 13 9 12 11 14 18 4 9 10000 21 7 11 
10 9 12 10 16 15 6 18 17 21 10000 16 13 
11 8 5 7 5 8 14 5 10 7 16 10000 4 
11 7 6 5 4 5 13 9 12 11 13 4 10000 
