12
10
1000	500	0	1000	7619.000000	2453.000000
25	19	7	19	6767.000000	1022.000000
6	5	3	4	396.000000	8048.000000
10	5	10	10	1820.000000	4568.000000
28	21	16	28	1181.000000	8162.000000
13	12	12	12	9630.000000	2361.000000
15	4	11	12	6694.000000	2165.000000
17	6	1	8	7527.000000	6707.000000
15	10	14	14	2441.000000	113.000000
21	7	15	17	5169.000000	1073.000000
9	5	7	9	3025.000000	9986.000000
20	11	17	18	3307.000000	1291.000000
12	6	2	5	958.000000	7849.000000
10000 4 19 13 18 5 2 9 12 6 18 9 18 
4 10000 19 13 19 7 3 12 9 4 20 7 18 
19 19 10000 8 2 22 18 15 17 17 7 15 2 
13 13 8 10000 8 17 11 13 9 10 12 8 7 
18 19 2 8 10000 21 17 14 17 17 6 15 1 
5 7 22 17 21 10000 6 10 16 10 21 13 21 
2 3 18 11 17 6 10000 10 10 4 18 7 17 
9 12 15 13 14 10 10 10000 17 13 12 14 14 
12 9 17 9 17 16 10 17 10000 6 20 3 16 
6 4 17 10 17 10 4 13 6 10000 19 4 16 
18 20 7 12 6 21 18 12 20 19 10000 18 6 
9 7 15 8 15 13 7 14 3 4 18 10000 14 
18 18 2 7 1 21 17 14 16 16 6 14 10000 
