16
10
1000	500	0	1000	6111.000000	4519.000000
8	5	6	8	7836.000000	564.000000
9	1	7	7	8580.000000	6832.000000
10	1	0	2	5667.000000	8418.000000
8	3	3	6	1465.000000	6543.000000
10	8	2	8	3188.000000	8687.000000
9	2	8	8	5893.000000	5708.000000
8	0	6	8	4127.000000	3707.000000
7	2	3	4	6449.000000	9409.000000
9	9	7	7	3287.000000	2942.000000
10	2	2	3	9492.000000	8335.000000
7	4	7	7	6960.000000	3294.000000
10	1	0	3	383.000000	9062.000000
10	4	0	3	8306.000000	8129.000000
9	4	3	4	500.000000	2420.000000
10	6	10	10	9092.000000	5089.000000
9	9	8	8	2126.000000	7595.000000
10000 9 7 8 11 11 3 5 10 7 11 3 15 9 12 7 11 
9 10000 13 17 18 19 11 10 18 11 16 6 23 16 16 10 19 
7 13 10000 7 15 12 6 11 7 14 4 8 17 3 19 4 13 
8 17 7 10000 10 5 6 10 3 12 8 11 11 6 16 10 8 
11 18 15 10 10000 6 10 8 12 9 17 13 6 15 9 16 3 
11 19 12 5 6 10000 9 11 7 12 13 14 6 11 14 14 4 
3 11 6 6 10 9 10000 6 8 8 9 6 13 7 13 7 9 
5 10 11 10 8 11 6 10000 13 3 15 6 14 13 8 11 9 
10 18 7 3 12 7 8 13 10000 15 7 13 13 5 19 11 10 
7 11 14 12 9 12 8 3 15 10000 17 8 14 15 6 13 10 
11 16 4 8 17 13 9 15 7 17 10000 12 19 3 22 7 15 
3 6 8 11 13 14 6 6 13 8 12 10000 18 11 14 6 13 
15 23 17 11 6 6 13 14 13 14 19 18 10000 16 14 20 5 
9 16 3 6 15 11 7 13 5 15 3 11 16 10000 20 7 13 
12 16 19 16 9 14 13 8 19 6 22 14 14 20 10000 18 11 
7 10 4 10 16 14 7 11 11 13 7 6 20 7 18 10000 15 
11 19 13 8 3 4 9 9 10 10 15 13 5 13 11 15 10000 
