12
10
1000	500	0	1000	1275.000000	7237.000000
18	13	14	17	2040.000000	6498.000000
20	7	5	5	157.000000	6969.000000
11	7	3	7	6297.000000	7723.000000
22	22	2	19	232.000000	6018.000000
13	9	13	13	2989.000000	7119.000000
22	20	6	12	4021.000000	4504.000000
23	2	0	17	5285.000000	2725.000000
7	3	1	2	5900.000000	7259.000000
24	23	22	22	5220.000000	1778.000000
23	13	7	20	6421.000000	7509.000000
8	8	8	8	8277.000000	696.000000
28	9	24	25	3735.000000	4569.000000
10000 3 3 11 4 4 8 13 10 14 11 20 8 
3 10000 4 9 4 3 6 10 8 12 9 18 6 
3 4 10000 13 2 6 10 14 12 15 13 21 9 
11 9 13 10000 13 7 8 11 2 13 1 15 9 
4 4 2 13 10000 6 9 13 12 14 13 20 8 
4 3 6 7 6 10000 6 10 6 12 7 17 6 
8 6 10 8 9 6 10000 5 7 6 8 12 1 
13 10 14 11 13 10 5 10000 10 2 10 8 5 
10 8 12 2 12 6 7 10 10000 12 2 14 7 
14 12 15 13 14 12 6 2 12 10000 12 7 7 
11 9 13 1 13 7 8 10 2 12 10000 15 8 
20 18 21 15 20 17 12 8 14 7 15 10000 12 
8 6 9 9 8 6 1 5 7 7 8 12 10000 
