20
10
1000	500	0	1000	7477.000000	1234.000000
6	4	4	5	5055.000000	7644.000000
7	3	4	4	588.000000	5719.000000
7	4	0	0	991.000000	2941.000000
7	6	6	7	7896.000000	1921.000000
10	1	1	10	1425.000000	2997.000000
10	2	2	6	2695.000000	621.000000
9	0	4	6	5612.000000	981.000000
9	4	5	9	6040.000000	7408.000000
6	4	0	5	7825.000000	8653.000000
8	5	6	6	442.000000	1999.000000
8	3	3	3	5799.000000	2096.000000
6	3	1	6	1007.000000	2199.000000
10	1	0	10	5753.000000	1022.000000
8	0	7	7	3560.000000	6531.000000
7	5	2	2	8572.000000	3406.000000
8	0	5	5	543.000000	9815.000000
6	1	5	5	2699.000000	1798.000000
9	3	1	1	8331.000000	8524.000000
9	7	4	9	8335.000000	9061.000000
9	6	6	8	3039.000000	5714.000000
10000 14 17 14 2 13 10 4 13 15 15 4 14 4 14 5 23 10 15 16 13 
14 10000 10 13 13 12 15 14 3 6 15 12 14 14 4 12 11 13 7 8 6 
17 10 10000 6 17 6 12 14 12 16 8 13 8 14 7 17 9 9 17 17 5 
14 13 6 10000 14 1 6 11 14 18 3 10 2 11 9 16 14 5 19 20 7 
2 13 17 14 10000 14 11 5 12 14 15 5 14 5 13 4 22 11 14 15 13 
13 12 6 1 14 10000 6 10 13 18 3 9 2 10 9 15 14 4 18 19 7 
10 15 12 6 11 6 10000 6 16 20 6 7 5 7 12 14 19 3 20 21 11 
4 14 14 11 5 10 6 10000 13 16 11 3 10 1 12 8 21 7 17 18 11 
13 3 12 14 12 13 16 13 10000 5 16 11 15 13 6 10 13 14 6 6 7 
15 6 16 18 14 18 20 16 5 10000 20 14 19 16 10 11 15 18 2 2 12 
15 15 8 3 15 3 6 11 16 20 10000 11 2 11 12 17 16 5 21 22 10 
4 12 13 10 5 9 7 3 11 14 11 10000 10 3 10 7 19 7 14 15 10 
14 14 8 2 14 2 5 10 15 19 2 10 10000 10 11 16 16 4 20 21 9 
4 14 14 11 5 10 7 1 13 16 11 3 10 10000 12 8 21 7 16 17 11 
14 4 7 9 13 9 12 12 6 10 12 10 11 12 10000 12 9 10 11 11 2 
5 12 17 16 4 15 14 8 10 11 17 7 16 8 12 10000 21 13 11 12 12 
23 11 9 14 22 14 19 21 13 15 16 19 16 21 9 21 10000 17 16 16 10 
10 13 9 5 11 4 3 7 14 18 5 7 4 7 10 13 17 10000 18 19 8 
15 7 17 19 14 18 20 17 6 2 21 14 20 16 11 11 16 18 10000 2 12 
16 8 17 20 15 19 21 18 6 2 22 15 21 17 11 12 16 19 2 10000 13 
13 6 5 7 13 7 11 11 7 12 10 10 9 11 2 12 10 8 12 13 10000 
