20
10
1000	500	0	1000	4860.000000	1305.000000
9	1	1	3	5857.000000	4430.000000
6	1	2	3	7159.000000	8687.000000
9	1	5	9	8530.000000	3929.000000
9	6	8	8	650.000000	9052.000000
10	2	2	5	2141.000000	6215.000000
8	8	0	2	4623.000000	3216.000000
10	7	5	5	6312.000000	283.000000
6	4	3	5	2984.000000	2519.000000
10	3	5	10	6329.000000	9361.000000
6	2	0	0	4337.000000	580.000000
9	6	0	8	2205.000000	4193.000000
6	4	4	4	4697.000000	4766.000000
6	4	4	4	503.000000	4670.000000
9	7	6	6	5481.000000	8446.000000
7	1	1	3	576.000000	6240.000000
8	1	6	6	4063.000000	7475.000000
9	7	7	8	727.000000	2137.000000
7	7	7	7	3766.000000	1959.000000
7	1	0	6	2324.000000	2354.000000
9	0	9	9	182.000000	4809.000000
10000 7 16 10 18 12 4 4 5 17 2 8 7 12 15 14 13 9 3 6 12 
7 10000 9 6 14 9 4 9 7 10 9 8 3 11 9 12 8 12 7 9 12 
16 9 10000 10 14 12 13 17 15 3 18 14 10 16 4 15 7 19 16 16 16 
10 6 10 10000 19 14 8 9 12 12 11 13 8 17 11 17 12 17 11 13 17 
18 14 14 19 10000 7 15 21 14 12 19 11 12 9 10 6 8 14 16 14 9 
12 9 12 14 7 10000 8 15 8 11 13 5 6 5 9 4 5 9 10 8 5 
4 4 13 8 15 8 10000 7 4 13 6 6 4 9 11 11 9 9 4 5 10 
4 9 17 9 21 15 7 10000 9 19 4 12 10 15 17 17 16 12 7 9 16 
5 7 15 12 14 8 4 9 10000 16 5 4 6 7 13 9 11 5 2 2 8 
17 10 3 12 12 11 13 19 16 10000 19 14 10 15 3 14 6 19 16 17 16 
2 9 18 11 19 13 6 4 5 19 10000 9 9 12 16 14 14 8 3 6 12 
8 8 14 13 11 5 6 12 4 14 9 10000 6 4 11 6 8 6 6 4 5 
7 3 10 8 12 6 4 10 6 10 9 6 10000 9 8 9 6 10 6 7 10 
12 11 16 17 9 5 9 15 7 15 12 4 9 10000 13 4 10 6 9 6 1 
15 9 4 11 10 9 11 17 13 3 16 11 8 13 10000 11 4 16 14 14 13 
14 12 15 17 6 4 11 17 9 14 14 6 9 4 11 10000 8 9 11 9 3 
13 8 7 12 8 5 9 16 11 6 14 8 6 10 4 8 10000 13 12 11 10 
9 12 19 17 14 9 9 12 5 19 8 6 10 6 16 9 13 10000 7 4 6 
3 7 16 11 16 10 4 7 2 16 3 6 6 9 14 11 12 7 10000 3 10 
6 9 16 13 14 8 5 9 2 17 6 4 7 6 14 9 11 4 3 10000 7 
12 12 16 17 9 5 10 16 8 16 12 5 10 1 13 3 10 6 10 7 10000 
