20
10
1000	500	0	1000	7170.000000	5243.000000
10	6	0	9	9927.000000	1914.000000
6	5	2	2	1507.000000	2705.000000
8	6	1	2	4580.000000	1045.000000
9	0	4	5	7741.000000	8666.000000
8	8	6	7	4792.000000	4126.000000
6	0	4	6	3349.000000	6516.000000
10	8	7	8	2293.000000	6630.000000
10	6	10	10	123.000000	2630.000000
6	6	4	5	1217.000000	3427.000000
6	0	4	6	6972.000000	8878.000000
7	0	3	3	2094.000000	247.000000
6	2	0	4	3244.000000	5030.000000
10	0	4	7	1285.000000	119.000000
8	0	1	7	3303.000000	5328.000000
6	4	6	6	6233.000000	14.000000
9	0	0	5	6429.000000	9857.000000
8	3	1	6	110.000000	994.000000
7	1	4	6	9606.000000	5639.000000
6	1	0	1	6240.000000	105.000000
9	1	4	5	5336.000000	9169.000000
10000 9 13 10 7 6 9 11 16 13 8 15 8 16 8 11 10 17 5 11 9 
9 10000 17 11 15 12 17 18 20 18 16 17 15 18 15 9 18 20 8 9 18 
13 17 10000 7 18 8 9 9 3 2 17 6 6 6 7 11 18 5 18 11 16 
10 11 7 10000 17 7 12 13 10 9 17 6 9 7 9 4 19 9 14 4 17 
7 15 18 17 10000 11 10 12 20 17 2 21 12 22 12 18 4 22 8 18 5 
6 12 8 7 11 10000 6 8 10 8 11 10 4 11 4 9 12 12 11 9 11 
9 17 9 12 10 6 10000 3 11 8 9 13 3 14 3 15 10 13 13 15 7 
11 18 9 13 12 8 3 10000 10 7 11 13 4 14 4 16 11 13 15 16 8 
16 20 3 10 20 10 11 10 10000 3 19 7 8 6 9 14 20 4 20 14 17 
13 18 2 9 17 8 8 7 3 10000 16 7 6 7 6 13 17 6 18 13 15 
8 16 17 17 2 11 9 11 19 16 10000 20 11 21 11 18 3 21 9 18 4 
15 17 6 6 21 10 13 13 7 7 20 10000 10 2 11 9 22 5 19 9 19 
8 15 6 9 12 4 3 4 8 6 11 10 10000 11 1 12 12 11 13 12 10 
16 18 6 7 22 11 14 14 6 7 21 2 11 10000 12 10 23 3 20 10 20 
8 15 7 9 12 4 3 4 9 6 11 11 1 12 10000 13 12 11 13 12 9 
11 9 11 4 18 9 15 16 14 13 18 9 12 10 13 10000 20 13 14 1 19 
10 18 18 19 4 12 10 11 20 17 3 22 12 23 12 20 10000 22 11 20 3 
17 20 5 9 22 12 13 13 4 6 21 5 11 3 11 13 22 10000 22 13 20 
5 8 18 14 8 11 13 15 20 18 9 19 13 20 13 14 11 22 10000 13 12 
11 9 11 4 18 9 15 16 14 13 18 9 12 10 12 1 20 13 13 10000 19 
9 18 16 17 5 11 7 8 17 15 4 19 10 20 9 19 3 20 12 19 10000 
