12
10
1000	500	0	1000	1750.000000	817.000000
23	14	2	8	8837.000000	7538.000000
28	23	5	27	9380.000000	6030.000000
30	0	0	10	3429.000000	3946.000000
23	18	14	20	1241.000000	3760.000000
6	3	5	6	9304.000000	5278.000000
17	1	14	17	7669.000000	6011.000000
12	12	6	11	6338.000000	8290.000000
8	5	2	5	8167.000000	7304.000000
17	9	8	11	8674.000000	1047.000000
22	0	21	21	1963.000000	5621.000000
19	10	1	13	6849.000000	4868.000000
21	8	8	17	2041.000000	367.000000
10000 20 19 8 6 18 16 18 19 14 10 14 2 
20 10000 4 13 17 5 4 6 2 13 15 7 20 
19 4 10000 13 17 2 4 8 4 11 15 6 19 
8 13 13 10000 5 13 10 11 12 12 5 8 8 
6 17 17 5 10000 17 14 14 16 16 4 12 7 
18 5 2 13 17 10000 4 9 5 9 15 5 18 
16 4 4 10 14 4 10000 6 3 11 12 3 16 
18 6 8 11 14 9 6 10000 5 16 11 7 19 
19 2 4 12 16 5 3 5 10000 13 13 6 19 
14 13 11 12 16 9 11 16 13 10000 17 9 14 
10 15 15 5 4 15 12 11 13 17 10000 10 11 
14 7 6 8 12 5 3 7 6 9 10 10000 14 
2 20 19 8 7 18 16 19 19 14 11 14 10000 
