20
10
1000	500	0	1000	8183.000000	5118.000000
9	6	6	8	9622.000000	3437.000000
8	2	7	8	7684.000000	4646.000000
8	7	2	3	700.000000	3378.000000
6	4	6	6	4607.000000	3517.000000
10	1	8	10	9763.000000	5118.000000
9	7	2	6	3696.000000	5824.000000
10	7	2	6	7255.000000	2757.000000
10	2	7	8	1412.000000	4407.000000
7	4	6	6	6068.000000	3189.000000
8	2	0	0	8066.000000	6859.000000
7	0	6	6	9529.000000	4912.000000
9	4	2	8	1628.000000	3945.000000
8	1	5	6	26.000000	6492.000000
8	6	8	8	7535.000000	9185.000000
7	5	3	7	7989.000000	3483.000000
8	1	4	7	3269.000000	1289.000000
7	3	0	7	1628.000000	9478.000000
7	7	3	6	9526.000000	559.000000
7	3	4	7	580.000000	7800.000000
7	3	2	7	5843.000000	2002.000000
10000 5 2 16 8 4 10 6 14 6 4 3 14 17 9 4 13 16 10 17 8 
5 10000 5 18 11 4 13 5 17 8 8 3 17 21 13 4 14 21 6 21 9 
2 5 10000 15 7 5 9 4 13 5 5 4 13 16 10 3 12 16 9 16 7 
16 18 15 10000 8 19 8 14 3 11 17 18 3 7 18 15 7 13 19 9 11 
8 11 7 8 10000 11 5 6 7 3 10 11 7 11 13 7 6 14 12 12 4 
4 4 5 19 11 10000 13 7 17 9 5 1 17 20 10 5 16 19 10 20 11 
10 13 9 8 5 13 10000 10 6 8 9 12 6 8 11 10 10 9 16 8 9 
6 5 4 14 6 7 10 10000 13 3 9 7 12 17 13 3 9 18 7 17 4 
14 17 13 3 7 17 6 13 10000 10 15 17 2 6 16 14 8 11 18 7 11 
6 8 5 11 3 9 8 3 10 10000 9 8 10 14 13 4 7 16 9 15 3 
4 8 5 17 10 5 9 9 15 9 10000 5 15 17 5 7 15 14 13 16 11 
3 3 4 18 11 1 12 7 17 8 5 10000 16 20 10 5 15 19 9 19 10 
14 17 13 3 7 17 6 12 2 10 15 16 10000 7 16 13 7 12 18 8 10 
17 21 16 7 11 20 8 17 6 14 17 20 7 10000 16 18 13 7 23 3 15 
9 13 10 18 13 10 11 13 16 13 5 10 16 16 10000 12 18 12 18 15 15 
4 4 3 15 7 5 10 3 14 4 7 5 13 18 12 10000 11 18 7 18 6 
13 14 12 7 6 16 10 9 8 7 15 15 7 13 18 11 10000 17 13 15 6 
16 21 16 13 14 19 9 18 11 16 14 19 12 7 12 18 17 10000 24 4 18 
10 6 9 19 12 10 16 7 18 9 13 9 18 23 18 7 13 24 10000 24 8 
17 21 16 9 12 20 8 17 7 15 16 19 8 3 15 18 15 4 24 10000 16 
8 9 7 11 4 11 9 4 11 3 11 10 10 15 15 6 6 18 8 16 10000 
