20
10
1000	500	0	1000	8985.000000	3802.000000
6	5	4	6	2506.000000	9664.000000
7	2	6	7	2089.000000	7740.000000
8	1	7	7	7288.000000	7563.000000
6	5	6	6	9636.000000	414.000000
8	8	5	5	7439.000000	5082.000000
9	6	3	8	1996.000000	1842.000000
10	6	1	1	6981.000000	7350.000000
6	3	3	4	9880.000000	6083.000000
7	3	2	5	2830.000000	9287.000000
9	6	8	8	1069.000000	438.000000
10	2	2	2	2812.000000	789.000000
9	4	3	7	674.000000	2427.000000
10	7	2	9	1797.000000	50.000000
6	2	6	6	8027.000000	200.000000
10	4	8	8	2230.000000	2900.000000
8	2	0	7	9349.000000	9268.000000
6	3	4	5	5895.000000	7545.000000
6	5	4	5	7847.000000	2906.000000
6	4	2	3	1050.000000	9606.000000
7	6	2	3	1839.000000	9768.000000
10000 18 16 9 7 5 15 9 5 17 18 14 17 17 8 14 11 10 3 20 19 
18 10000 4 11 24 14 16 11 17 1 19 18 15 20 22 14 14 8 18 3 2 
16 4 10000 11 22 12 12 10 16 4 15 14 11 16 20 10 15 8 16 5 5 
9 11 11 10000 16 5 16 1 6 10 19 17 17 19 15 14 6 3 10 14 12 
7 24 22 16 10000 11 16 15 12 23 18 14 19 16 4 16 18 17 7 26 25 
5 14 12 5 11 10000 13 5 6 13 16 13 15 16 10 12 10 6 5 16 15 
15 16 12 16 16 13 10000 15 18 15 4 3 3 4 13 3 21 14 12 16 16 
9 11 10 1 15 5 15 10000 7 10 19 16 17 18 15 14 7 3 10 13 12 
5 17 16 6 12 6 18 7 10000 16 21 18 20 21 13 17 7 9 8 20 18 
17 1 4 10 23 13 15 10 16 10000 19 17 15 19 21 13 14 8 17 4 3 
18 19 15 19 18 16 4 19 21 19 10000 4 5 2 14 6 25 18 15 19 19 
14 18 14 17 14 13 3 16 18 17 4 10000 6 3 11 5 22 15 11 18 19 
17 15 11 17 19 15 3 17 20 15 5 6 10000 6 16 4 23 15 15 15 15 
17 20 16 19 16 16 4 18 21 19 2 3 6 10000 13 6 24 18 14 20 20 
8 22 20 15 4 10 13 15 13 21 14 11 16 13 10000 13 19 16 6 24 23 
14 14 10 14 16 12 3 14 17 13 6 5 4 6 13 10000 20 12 12 14 14 
11 14 15 6 18 10 21 7 7 14 25 22 23 24 19 20 10000 8 14 17 16 
10 8 8 3 17 6 14 3 9 8 18 15 15 18 16 12 8 10000 11 11 10 
3 18 16 10 7 5 12 10 8 17 15 11 15 14 6 12 14 11 10000 20 19 
20 3 5 14 26 16 16 13 20 4 19 18 15 20 24 14 17 11 20 10000 2 
19 2 5 12 25 15 16 12 18 3 19 19 15 20 23 14 16 10 19 2 10000 
