12
10
1000	500	0	1000	9295.000000	7453.000000
21	14	17	20	9130.000000	358.000000
28	10	14	15	1837.000000	5637.000000
6	3	5	6	6417.000000	908.000000
28	10	28	28	2570.000000	7191.000000
11	10	4	10	7962.000000	7763.000000
19	0	4	6	3130.000000	243.000000
7	7	4	5	9660.000000	9030.000000
11	3	3	11	5435.000000	3933.000000
15	0	7	12	2368.000000	6201.000000
15	0	11	11	5361.000000	8721.000000
18	12	17	18	2359.000000	6258.000000
16	7	5	8	3495.000000	7162.000000
10000 15 16 15 14 3 19 4 11 15 9 15 12 
15 10000 19 6 19 15 13 18 11 18 19 18 18 
16 19 10000 14 4 13 12 18 8 2 10 2 5 
15 6 14 10000 15 15 7 18 7 14 16 14 14 
14 19 4 15 10000 11 14 15 9 3 7 2 2 
3 15 13 15 11 10000 18 5 10 12 6 12 10 
19 13 12 7 14 18 10000 22 9 13 18 13 14 
4 18 18 18 15 5 22 10000 14 16 9 16 13 
11 11 8 7 9 10 9 14 10000 8 10 8 8 
15 18 2 14 3 12 13 16 8 10000 8 1 3 
9 19 10 16 7 6 18 9 10 8 10000 8 5 
15 18 2 14 2 12 13 16 8 1 8 10000 3 
12 18 5 14 2 10 14 13 8 3 5 3 10000 
