16
10
1000	500	0	1000	71.000000	6564.000000
10	7	8	8	5799.000000	5263.000000
8	7	0	3	4169.000000	8705.000000
7	1	1	5	5502.000000	2895.000000
10	3	0	10	8465.000000	7106.000000
6	2	5	5	8907.000000	9855.000000
8	3	1	2	3659.000000	2889.000000
9	6	9	9	645.000000	2524.000000
10	6	4	5	5483.000000	7603.000000
9	2	5	6	4934.000000	164.000000
9	2	9	9	6003.000000	3841.000000
10	9	1	9	4650.000000	2383.000000
7	1	6	6	590.000000	2453.000000
10	0	9	9	3782.000000	9729.000000
8	0	7	7	8779.000000	8991.000000
9	0	3	8	2617.000000	740.000000
9	5	9	9	5899.000000	2854.000000
10000 12 10 14 17 19 11 9 12 17 14 13 9 10 19 13 14 
12 10000 8 5 7 12 7 12 5 11 3 7 12 10 10 12 5 
10 8 10000 12 10 10 12 15 4 18 11 13 15 3 10 17 13 
14 5 12 10000 11 16 4 10 10 6 3 2 10 15 14 8 1 
17 7 10 11 10000 6 13 19 7 16 9 13 19 11 4 18 10 
19 12 10 16 6 10000 18 23 9 21 14 18 23 11 2 23 16 
11 7 12 4 13 18 10000 7 11 7 6 3 7 14 16 5 5 
9 12 15 10 19 23 7 10000 15 10 12 9 1 16 21 6 11 
12 5 4 10 7 9 11 15 10000 15 8 11 15 6 8 15 10 
17 11 18 6 16 21 7 10 15 10000 8 5 10 20 20 5 6 
14 3 11 3 9 14 6 12 8 8 10000 4 12 13 12 10 2 
13 7 13 2 13 18 3 9 11 5 4 10000 9 15 16 6 3 
9 12 15 10 19 23 7 1 15 10 12 9 10000 16 21 6 11 
10 10 3 15 11 11 14 16 6 20 13 15 16 10000 11 19 15 
19 10 10 14 4 2 16 21 8 20 12 16 21 11 10000 21 14 
13 12 17 8 18 23 5 6 15 5 10 6 6 19 21 10000 8 
14 5 13 1 10 16 5 11 10 6 2 3 11 15 14 8 10000 
